osu file format v14

[General]
AudioFilename: fantasy.mp3
AudioLeadIn: 0
PreviewTime: 75145
Countdown: 0
SampleSet: Soft
StackLeniency: 0.7
Mode: 3
LetterboxInBreaks: 0
SpecialStyle: 0
WidescreenStoryboard: 1

[Editor]
Bookmarks: 8796,17108,25420,33731,42043,50355,54510,58666,66978,83601,91913,100225,108536,117887,126199,134510,142822,151134,159441
DistanceSpacing: 0.5
BeatDivisor: 4
GridSize: 4
TimelineZoom: 2.4

[Metadata]
Title:Wh1teh Pack #1
TitleUnicode:Wh1teh Pack #1
Artist:Various Artists
ArtistUnicode:Various Artists
Creator:Wh1teh
Version:goreshit - Loli Fantasy
Source:
Tags:
BeatmapID:937990
BeatmapSetID:435387

[Difficulty]
HPDrainRate:8.5
CircleSize:4
OverallDifficulty:8.5
ApproachRate:5
SliderMultiplier:1.4
SliderTickRate:1

[Events]
//Background and Video events
0,0,"BGfantasy.jpg",0,0
//Break Periods
//Storyboard Layer 0 (Background)
//Storyboard Layer 1 (Fail)
//Storyboard Layer 2 (Pass)
//Storyboard Layer 3 (Foreground)
//Storyboard Sound Samples

[TimingPoints]
480,259.74025974026,4,2,0,42,1,0
480,-100,4,2,0,20,0,0
8791,-100,4,2,0,30,0,0
12947,-100,4,2,0,32,0,0
13986,-100,4,2,0,34,0,0
15025,-100,4,2,0,36,0,0
15544,-100,4,2,0,38,0,0
16064,-100,4,2,0,40,0,0
16583,-100,4,2,0,42,0,0
50350,-100,4,2,0,15,0,0
54246,-100,4,2,0,30,0,0
58661,-100,4,2,0,42,0,0
75285,-100,4,2,0,30,0,0
83596,-100,4,2,0,35,0,0
91908,-100,4,2,0,42,0,0
108661,-100,4,2,0,5,0,0
109570,-100,4,2,0,20,0,0
113467,-100,4,2,0,30,0,0
117882,-100,4,2,0,42,0,0
134505,-100,4,2,0,20,0,0
142817,-100,4,2,0,30,0,0
146973,-100,4,2,0,35,0,0
150090,-100,4,2,0,42,0,0
167752,-100,4,2,0,5,0,0


[HitObjects]
64,192,480,5,0,0:0:0:0:
320,192,480,1,0,0:0:0:0:
448,192,480,1,0,0:0:0:0:
192,192,480,1,0,0:0:0:0:
192,192,609,1,0,0:0:0:0:
64,192,609,1,0,0:0:0:0:
320,192,674,1,0,0:0:0:0:
448,192,739,1,0,0:0:0:0:
64,192,739,1,0,0:0:0:0:
192,192,869,1,0,0:0:0:0:
64,192,934,1,0,0:0:0:0:
320,192,999,1,0,0:0:0:0:
448,192,999,1,0,0:0:0:0:
192,192,1064,1,0,0:0:0:0:
320,192,1129,1,0,0:0:0:0:
64,192,1129,1,0,0:0:0:0:
320,192,1259,1,0,0:0:0:0:
448,192,1259,1,0,0:0:0:0:
192,192,1389,1,0,0:0:0:0:
320,192,1454,1,0,0:0:0:0:
64,192,1518,1,0,0:0:0:0:
192,192,1583,1,0,0:0:0:0:
320,192,1648,1,0,0:0:0:0:
448,192,1648,1,0,0:0:0:0:
64,192,1778,1,0,0:0:0:0:
192,192,1778,1,0,0:0:0:0:
448,192,1908,1,0,0:0:0:0:
192,192,1973,1,0,0:0:0:0:
64,192,2038,1,0,0:0:0:0:
320,192,2038,1,0,0:0:0:0:
448,192,2168,1,0,0:0:0:0:
192,192,2168,1,0,0:0:0:0:
192,192,2298,1,0,0:0:0:0:
64,192,2298,1,0,0:0:0:0:
320,192,2428,1,0,0:0:0:0:
448,192,2428,1,0,0:0:0:0:
192,192,2557,1,0,0:0:0:0:
64,192,2557,1,0,0:0:0:0:
192,192,2687,1,0,0:0:0:0:
448,192,2687,1,0,0:0:0:0:
320,192,2817,1,0,0:0:0:0:
64,192,2817,1,0,0:0:0:0:
448,192,2947,1,0,0:0:0:0:
320,192,3012,1,0,0:0:0:0:
192,192,3077,1,0,0:0:0:0:
448,192,3142,1,0,0:0:0:0:
320,192,3207,1,0,0:0:0:0:
192,192,3207,1,0,0:0:0:0:
448,192,3337,1,0,0:0:0:0:
64,192,3337,1,0,0:0:0:0:
64,192,3467,1,0,0:0:0:0:
192,192,3531,1,0,0:0:0:0:
320,192,3596,1,0,0:0:0:0:
64,192,3661,1,0,0:0:0:0:
192,192,3726,1,0,0:0:0:0:
320,192,3726,1,0,0:0:0:0:
448,192,3856,1,0,0:0:0:0:
64,192,3856,1,0,0:0:0:0:
320,192,3986,1,0,0:0:0:0:
448,192,4051,1,0,0:0:0:0:
192,192,4116,1,0,0:0:0:0:
64,192,4116,1,0,0:0:0:0:
192,192,4246,1,0,0:0:0:0:
64,192,4246,1,0,0:0:0:0:
448,192,4376,1,0,0:0:0:0:
320,192,4376,1,0,0:0:0:0:
192,192,4505,1,0,0:0:0:0:
64,192,4505,1,0,0:0:0:0:
64,192,4635,1,0,0:0:0:0:
192,192,4635,1,0,0:0:0:0:
448,192,4700,1,0,0:0:0:0:
320,192,4765,1,0,0:0:0:0:
192,192,4830,1,0,0:0:0:0:
448,192,4895,1,0,0:0:0:0:
64,192,4895,1,0,0:0:0:0:
192,192,5025,1,0,0:0:0:0:
448,192,5090,1,0,0:0:0:0:
320,192,5155,1,0,0:0:0:0:
64,192,5220,1,0,0:0:0:0:
192,192,5285,1,0,0:0:0:0:
448,192,5285,1,0,0:0:0:0:
448,192,5415,1,0,0:0:0:0:
320,192,5415,1,0,0:0:0:0:
320,192,5544,1,0,0:0:0:0:
64,192,5609,1,0,0:0:0:0:
192,192,5674,1,0,0:0:0:0:
448,192,5739,1,0,0:0:0:0:
320,192,5804,1,0,0:0:0:0:
64,192,5804,1,0,0:0:0:0:
192,192,5934,1,0,0:0:0:0:
64,192,5934,1,0,0:0:0:0:
320,192,6064,1,0,0:0:0:0:
192,192,6129,1,0,0:0:0:0:
320,192,6194,1,0,0:0:0:0:
64,192,6194,1,0,0:0:0:0:
192,192,6324,1,0,0:0:0:0:
448,192,6324,1,0,0:0:0:0:
320,192,6454,1,0,0:0:0:0:
64,192,6454,1,0,0:0:0:0:
192,192,6583,1,0,0:0:0:0:
448,192,6583,1,0,0:0:0:0:
448,192,6713,1,0,0:0:0:0:
320,192,6713,1,0,0:0:0:0:
192,192,6843,1,0,0:0:0:0:
64,192,6843,1,0,0:0:0:0:
448,192,6973,1,0,0:0:0:0:
320,192,6973,1,0,0:0:0:0:
64,192,7103,1,0,0:0:0:0:
192,192,7168,1,0,0:0:0:0:
448,192,7233,1,0,0:0:0:0:
192,192,7298,1,0,0:0:0:0:
320,192,7363,1,0,0:0:0:0:
448,192,7363,1,0,0:0:0:0:
192,192,7492,1,0,0:0:0:0:
64,192,7492,1,0,0:0:0:0:
448,192,7622,1,0,0:0:0:0:
192,192,7687,1,0,0:0:0:0:
320,192,7752,1,0,0:0:0:0:
64,192,7817,1,0,0:0:0:0:
320,192,7882,1,0,0:0:0:0:
448,192,7882,1,0,0:0:0:0:
192,192,8012,1,0,0:0:0:0:
64,192,8012,1,0,0:0:0:0:
448,192,8142,1,0,0:0:0:0:
320,192,8142,1,0,0:0:0:0:
320,192,8272,1,0,0:0:0:0:
64,192,8272,1,0,0:0:0:0:
192,192,8402,1,0,0:0:0:0:
448,192,8402,1,0,0:0:0:0:
448,192,8531,1,0,0:0:0:0:
320,192,8531,1,0,0:0:0:0:
192,192,8661,1,0,0:0:0:0:
64,192,8661,1,0,0:0:0:0:
64,192,8791,1,0,0:0:0:0:
320,192,8791,1,0,0:0:0:0:
448,192,8791,1,0,0:0:0:0:
320,192,8921,1,0,0:0:0:0:
448,192,8986,1,0,0:0:0:0:
320,192,9051,1,0,0:0:0:0:
64,192,9051,1,0,0:0:0:0:
192,192,9181,1,0,0:0:0:0:
64,192,9246,1,0,0:0:0:0:
320,192,9311,1,0,0:0:0:0:
192,192,9376,1,0,0:0:0:0:
320,192,9441,1,0,0:0:0:0:
448,192,9441,1,0,0:0:0:0:
192,192,9570,1,0,0:0:0:0:
64,192,9570,1,0,0:0:0:0:
320,192,9700,1,0,0:0:0:0:
448,192,9765,1,0,0:0:0:0:
192,192,9830,1,0,0:0:0:0:
320,192,9895,1,0,0:0:0:0:
64,192,9960,1,0,0:0:0:0:
192,192,9960,1,0,0:0:0:0:
320,192,10090,1,0,0:0:0:0:
448,192,10090,1,0,0:0:0:0:
192,192,10220,1,0,0:0:0:0:
320,192,10285,1,0,0:0:0:0:
64,192,10350,1,0,0:0:0:0:
192,192,10350,1,0,0:0:0:0:
320,192,10480,1,0,0:0:0:0:
448,192,10480,1,0,0:0:0:0:
192,192,10609,1,0,0:0:0:0:
64,192,10609,1,0,0:0:0:0:
320,192,10739,1,0,0:0:0:0:
448,192,10739,1,0,0:0:0:0:
320,192,10869,1,0,0:0:0:0:
64,192,10869,1,0,0:0:0:0:
192,192,10999,1,0,0:0:0:0:
448,192,10999,1,0,0:0:0:0:
320,192,11129,1,0,0:0:0:0:
64,192,11129,1,0,0:0:0:0:
448,192,11259,1,0,0:0:0:0:
320,192,11324,1,0,0:0:0:0:
64,192,11389,1,0,0:0:0:0:
192,192,11454,1,0,0:0:0:0:
320,192,11518,1,0,0:0:0:0:
448,192,11518,1,0,0:0:0:0:
320,192,11648,1,0,0:0:0:0:
64,192,11648,1,0,0:0:0:0:
192,192,11778,1,0,0:0:0:0:
320,192,11843,1,0,0:0:0:0:
64,192,11908,1,0,0:0:0:0:
448,192,11973,1,0,0:0:0:0:
320,192,12038,1,0,0:0:0:0:
192,192,12038,1,0,0:0:0:0:
448,192,12168,1,0,0:0:0:0:
192,192,12168,1,0,0:0:0:0:
320,192,12298,1,0,0:0:0:0:
192,192,12363,1,0,0:0:0:0:
320,192,12428,1,0,0:0:0:0:
64,192,12428,1,0,0:0:0:0:
320,192,12557,1,0,0:0:0:0:
64,192,12557,1,0,0:0:0:0:
192,192,12687,1,0,0:0:0:0:
448,192,12687,1,0,0:0:0:0:
320,192,12817,1,0,0:0:0:0:
448,192,12817,1,0,0:0:0:0:
64,192,12947,1,0,0:0:0:0:
192,192,12947,1,0,0:0:0:0:
448,192,12947,1,0,0:0:0:0:
64,192,13077,1,0,0:0:0:0:
192,192,13142,1,0,0:0:0:0:
320,192,13207,1,0,0:0:0:0:
448,192,13207,1,0,0:0:0:0:
192,192,13337,1,0,0:0:0:0:
448,192,13402,1,0,0:0:0:0:
64,192,13467,1,0,0:0:0:0:
320,192,13531,1,0,0:0:0:0:
448,192,13596,1,0,0:0:0:0:
192,192,13596,1,0,0:0:0:0:
192,192,13726,1,0,0:0:0:0:
64,192,13726,1,0,0:0:0:0:
448,192,13856,1,0,0:0:0:0:
192,192,13921,1,0,0:0:0:0:
320,192,13986,1,0,0:0:0:0:
64,192,13986,1,0,0:0:0:0:
448,192,13986,1,0,0:0:0:0:
192,192,14051,1,0,0:0:0:0:
320,192,14116,1,0,0:0:0:0:
192,192,14246,1,0,0:0:0:0:
64,192,14246,1,0,0:0:0:0:
192,192,14376,1,0,0:0:0:0:
448,192,14441,5,0,0:0:0:0:
320,192,14505,1,0,0:0:0:0:
64,192,14505,1,0,0:0:0:0:
192,192,14635,1,0,0:0:0:0:
448,192,14635,1,0,0:0:0:0:
320,192,14765,1,0,0:0:0:0:
64,192,14765,1,0,0:0:0:0:
192,192,14895,1,0,0:0:0:0:
64,192,14895,1,0,0:0:0:0:
64,192,15025,1,0,0:0:0:0:
320,192,15025,1,0,0:0:0:0:
448,192,15025,1,0,0:0:0:0:
192,192,15155,1,0,0:0:0:0:
448,192,15155,1,0,0:0:0:0:
64,192,15285,1,0,0:0:0:0:
320,192,15285,1,0,0:0:0:0:
448,192,15415,1,0,0:0:0:0:
320,192,15480,1,0,0:0:0:0:
192,192,15544,1,0,0:0:0:0:
64,192,15544,1,0,0:0:0:0:
448,192,15544,1,0,0:0:0:0:
320,192,15609,1,0,0:0:0:0:
64,192,15674,1,0,0:0:0:0:
448,192,15804,1,0,0:0:0:0:
320,192,15804,1,0,0:0:0:0:
64,192,15934,1,0,0:0:0:0:
192,192,15999,1,0,0:0:0:0:
320,192,16064,1,0,0:0:0:0:
448,192,16064,1,0,0:0:0:0:
64,192,16064,1,0,0:0:0:0:
192,192,16194,1,0,0:0:0:0:
64,192,16324,1,0,0:0:0:0:
320,192,16324,1,0,0:0:0:0:
448,192,16324,1,0,0:0:0:0:
320,192,16454,1,0,0:0:0:0:
192,192,16583,1,0,0:0:0:0:
64,192,16583,1,0,0:0:0:0:
448,192,16583,1,0,0:0:0:0:
320,192,16713,1,0,0:0:0:0:
448,192,16713,1,0,0:0:0:0:
192,192,16778,1,0,0:0:0:0:
64,192,16778,1,0,0:0:0:0:
320,192,16843,1,0,0:0:0:0:
448,192,16843,1,0,0:0:0:0:
192,192,16973,1,0,0:0:0:0:
64,192,16973,1,0,0:0:0:0:
448,192,16973,1,0,0:0:0:0:
64,192,17103,1,0,0:0:0:0:
448,192,17103,1,0,0:0:0:0:
320,192,17103,1,0,0:0:0:0:
192,192,17168,1,0,0:0:0:0:
320,192,17233,1,0,0:0:0:0:
448,192,17298,1,0,0:0:0:0:
64,192,17363,1,0,0:0:0:0:
320,192,17363,1,0,0:0:0:0:
192,192,17428,1,0,0:0:0:0:
320,192,17492,1,0,0:0:0:0:
448,192,17557,1,0,0:0:0:0:
64,192,17622,1,0,0:0:0:0:
192,192,17622,1,0,0:0:0:0:
320,192,17687,1,0,0:0:0:0:
448,192,17752,1,0,0:0:0:0:
192,192,17817,1,0,0:0:0:0:
320,192,17882,1,0,0:0:0:0:
448,192,17882,1,0,0:0:0:0:
192,192,17947,1,0,0:0:0:0:
320,192,18012,1,0,0:0:0:0:
64,192,18012,1,0,0:0:0:0:
448,192,18077,1,0,0:0:0:0:
192,192,18142,1,0,0:0:0:0:
320,192,18142,1,0,0:0:0:0:
448,192,18207,1,0,0:0:0:0:
64,192,18272,1,0,0:0:0:0:
192,192,18272,1,0,0:0:0:0:
448,192,18337,1,0,0:0:0:0:
320,192,18402,1,0,0:0:0:0:
192,192,18402,1,0,0:0:0:0:
64,192,18467,1,0,0:0:0:0:
448,192,18531,1,0,0:0:0:0:
320,192,18531,1,0,0:0:0:0:
64,192,18596,1,0,0:0:0:0:
192,192,18661,1,0,0:0:0:0:
320,192,18661,1,0,0:0:0:0:
448,192,18726,1,0,0:0:0:0:
64,192,18791,1,0,0:0:0:0:
320,192,18791,1,0,0:0:0:0:
192,192,18856,1,0,0:0:0:0:
448,192,18921,1,0,0:0:0:0:
64,192,18921,1,0,0:0:0:0:
320,192,18986,1,0,0:0:0:0:
192,192,19051,1,0,0:0:0:0:
64,192,19051,1,0,0:0:0:0:
448,192,19116,1,0,0:0:0:0:
320,192,19181,1,0,0:0:0:0:
64,192,19181,1,0,0:0:0:0:
192,192,19246,1,0,0:0:0:0:
448,192,19311,1,0,0:0:0:0:
320,192,19376,1,0,0:0:0:0:
64,192,19441,1,0,0:0:0:0:
192,192,19441,1,0,0:0:0:0:
448,192,19505,1,0,0:0:0:0:
320,192,19570,1,0,0:0:0:0:
64,192,19635,1,0,0:0:0:0:
448,192,19700,1,0,0:0:0:0:
192,192,19700,1,0,0:0:0:0:
320,192,19765,1,0,0:0:0:0:
64,192,19830,1,0,0:0:0:0:
192,192,19830,1,0,0:0:0:0:
320,192,19895,1,0,0:0:0:0:
64,192,19960,1,0,0:0:0:0:
448,192,19960,1,0,0:0:0:0:
192,192,20025,1,0,0:0:0:0:
320,192,20090,1,0,0:0:0:0:
448,192,20090,1,0,0:0:0:0:
64,192,20155,1,0,0:0:0:0:
448,192,20220,1,0,0:0:0:0:
192,192,20220,1,0,0:0:0:0:
320,192,20285,1,0,0:0:0:0:
192,192,20350,1,0,0:0:0:0:
64,192,20350,1,0,0:0:0:0:
448,192,20415,1,0,0:0:0:0:
320,192,20480,1,0,0:0:0:0:
192,192,20480,1,0,0:0:0:0:
64,192,20544,1,0,0:0:0:0:
320,192,20609,1,0,0:0:0:0:
448,192,20609,1,0,0:0:0:0:
64,192,20674,1,0,0:0:0:0:
192,192,20739,1,0,0:0:0:0:
320,192,20739,1,0,0:0:0:0:
448,192,20804,1,0,0:0:0:0:
64,192,20869,1,0,0:0:0:0:
192,192,20869,1,0,0:0:0:0:
320,192,20934,1,0,0:0:0:0:
448,192,20934,1,0,0:0:0:0:
192,192,20999,1,0,0:0:0:0:
64,192,20999,1,0,0:0:0:0:
448,192,21064,1,0,0:0:0:0:
64,192,21129,1,0,0:0:0:0:
320,192,21129,1,0,0:0:0:0:
192,192,21194,1,0,0:0:0:0:
320,192,21259,1,0,0:0:0:0:
448,192,21259,1,0,0:0:0:0:
192,192,21324,1,0,0:0:0:0:
64,192,21389,1,0,0:0:0:0:
320,192,21454,1,0,0:0:0:0:
192,192,21518,1,0,0:0:0:0:
64,192,21518,1,0,0:0:0:0:
448,192,21583,1,0,0:0:0:0:
320,192,21648,1,0,0:0:0:0:
64,192,21713,1,0,0:0:0:0:
320,192,21778,1,0,0:0:0:0:
448,192,21778,1,0,0:0:0:0:
192,192,21843,1,0,0:0:0:0:
64,192,21908,1,0,0:0:0:0:
320,192,21973,1,0,0:0:0:0:
192,192,22038,1,0,0:0:0:0:
64,192,22038,1,0,0:0:0:0:
320,192,22103,1,0,0:0:0:0:
64,192,22168,1,0,0:0:0:0:
448,192,22168,1,0,0:0:0:0:
192,192,22233,1,0,0:0:0:0:
320,192,22298,1,0,0:0:0:0:
448,192,22298,1,0,0:0:0:0:
192,192,22363,1,0,0:0:0:0:
64,192,22428,1,0,0:0:0:0:
448,192,22428,1,0,0:0:0:0:
192,192,22492,1,0,0:0:0:0:
448,192,22557,1,0,0:0:0:0:
64,192,22557,1,0,0:0:0:0:
320,192,22622,1,0,0:0:0:0:
448,192,22687,1,0,0:0:0:0:
64,192,22687,1,0,0:0:0:0:
192,192,22752,1,0,0:0:0:0:
320,192,22817,1,0,0:0:0:0:
448,192,22817,1,0,0:0:0:0:
64,192,22882,1,0,0:0:0:0:
448,192,22947,1,0,0:0:0:0:
192,192,22947,1,0,0:0:0:0:
320,192,23012,1,0,0:0:0:0:
64,192,23077,1,0,0:0:0:0:
192,192,23077,1,0,0:0:0:0:
448,192,23142,1,0,0:0:0:0:
320,192,23207,1,0,0:0:0:0:
192,192,23207,1,0,0:0:0:0:
64,192,23272,1,0,0:0:0:0:
320,192,23337,1,0,0:0:0:0:
448,192,23337,1,0,0:0:0:0:
192,192,23402,1,0,0:0:0:0:
320,192,23467,1,0,0:0:0:0:
448,192,23531,1,0,0:0:0:0:
64,192,23596,1,0,0:0:0:0:
192,192,23596,1,0,0:0:0:0:
320,192,23661,1,0,0:0:0:0:
448,192,23726,1,0,0:0:0:0:
64,192,23791,1,0,0:0:0:0:
192,192,23856,1,0,0:0:0:0:
448,192,23856,1,0,0:0:0:0:
320,192,23921,1,0,0:0:0:0:
192,192,23986,1,0,0:0:0:0:
64,192,24051,1,0,0:0:0:0:
320,192,24116,1,0,0:0:0:0:
448,192,24116,1,0,0:0:0:0:
192,192,24181,1,0,0:0:0:0:
64,192,24246,1,0,0:0:0:0:
320,192,24246,1,0,0:0:0:0:
448,192,24311,1,0,0:0:0:0:
192,192,24376,1,0,0:0:0:0:
64,192,24376,1,0,0:0:0:0:
320,192,24441,1,0,0:0:0:0:
192,192,24505,1,0,0:0:0:0:
448,192,24505,1,0,0:0:0:0:
64,192,24570,1,0,0:0:0:0:
320,192,24635,1,0,0:0:0:0:
448,192,24635,1,0,0:0:0:0:
192,192,24700,1,0,0:0:0:0:
64,192,24765,1,0,0:0:0:0:
448,192,24765,1,0,0:0:0:0:
320,192,24830,1,0,0:0:0:0:
192,192,24895,1,0,0:0:0:0:
64,192,24895,1,0,0:0:0:0:
448,192,24960,1,0,0:0:0:0:
64,192,25025,1,0,0:0:0:0:
320,192,25025,1,0,0:0:0:0:
448,192,25090,1,0,0:0:0:0:
192,192,25090,1,0,0:0:0:0:
64,192,25155,1,0,0:0:0:0:
320,192,25155,1,0,0:0:0:0:
192,192,25220,1,0,0:0:0:0:
320,192,25285,1,0,0:0:0:0:
448,192,25285,1,0,0:0:0:0:
192,192,25350,1,0,0:0:0:0:
64,192,25415,1,0,0:0:0:0:
320,192,25415,1,0,0:0:0:0:
448,192,25415,1,0,0:0:0:0:
192,192,25480,1,0,0:0:0:0:
448,192,25544,1,0,0:0:0:0:
320,192,25609,1,0,0:0:0:0:
64,192,25674,1,0,0:0:0:0:
192,192,25674,1,0,0:0:0:0:
320,192,25739,1,0,0:0:0:0:
192,192,25804,1,0,0:0:0:0:
64,192,25869,1,0,0:0:0:0:
448,192,25934,1,0,0:0:0:0:
320,192,25934,1,0,0:0:0:0:
192,192,25999,1,0,0:0:0:0:
64,192,26064,1,0,0:0:0:0:
320,192,26129,1,0,0:0:0:0:
192,192,26194,1,0,0:0:0:0:
64,192,26194,1,0,0:0:0:0:
320,192,26259,1,0,0:0:0:0:
192,192,26324,1,0,0:0:0:0:
448,192,26324,1,0,0:0:0:0:
64,192,26389,1,0,0:0:0:0:
320,192,26454,1,0,0:0:0:0:
192,192,26454,1,0,0:0:0:0:
64,192,26518,1,0,0:0:0:0:
448,192,26583,1,0,0:0:0:0:
320,192,26583,1,0,0:0:0:0:
64,192,26648,1,0,0:0:0:0:
192,192,26713,1,0,0:0:0:0:
320,192,26713,1,0,0:0:0:0:
448,192,26778,1,0,0:0:0:0:
64,192,26843,1,0,0:0:0:0:
192,192,26843,1,0,0:0:0:0:
448,192,26908,1,0,0:0:0:0:
320,192,26973,1,0,0:0:0:0:
192,192,26973,1,0,0:0:0:0:
64,192,27038,1,0,0:0:0:0:
448,192,27103,1,0,0:0:0:0:
192,192,27103,1,0,0:0:0:0:
320,192,27168,1,0,0:0:0:0:
64,192,27233,1,0,0:0:0:0:
448,192,27233,1,0,0:0:0:0:
192,192,27298,1,0,0:0:0:0:
320,192,27363,1,0,0:0:0:0:
448,192,27363,1,0,0:0:0:0:
64,192,27428,1,0,0:0:0:0:
192,192,27492,1,0,0:0:0:0:
448,192,27492,1,0,0:0:0:0:
320,192,27557,1,0,0:0:0:0:
64,192,27622,1,0,0:0:0:0:
192,192,27687,1,0,0:0:0:0:
448,192,27752,1,0,0:0:0:0:
320,192,27752,1,0,0:0:0:0:
64,192,27817,1,0,0:0:0:0:
192,192,27882,1,0,0:0:0:0:
448,192,27947,1,0,0:0:0:0:
64,192,28012,1,0,0:0:0:0:
320,192,28012,1,0,0:0:0:0:
192,192,28077,1,0,0:0:0:0:
448,192,28142,1,0,0:0:0:0:
320,192,28142,1,0,0:0:0:0:
192,192,28207,1,0,0:0:0:0:
448,192,28272,1,0,0:0:0:0:
64,192,28272,1,0,0:0:0:0:
320,192,28337,1,0,0:0:0:0:
192,192,28402,1,0,0:0:0:0:
64,192,28402,1,0,0:0:0:0:
448,192,28467,1,0,0:0:0:0:
64,192,28531,1,0,0:0:0:0:
320,192,28531,1,0,0:0:0:0:
192,192,28596,1,0,0:0:0:0:
320,192,28661,1,0,0:0:0:0:
448,192,28661,1,0,0:0:0:0:
64,192,28726,1,0,0:0:0:0:
192,192,28791,1,0,0:0:0:0:
320,192,28791,1,0,0:0:0:0:
448,192,28856,1,0,0:0:0:0:
192,192,28921,1,0,0:0:0:0:
64,192,28921,1,0,0:0:0:0:
448,192,28986,1,0,0:0:0:0:
320,192,29051,1,0,0:0:0:0:
192,192,29051,1,0,0:0:0:0:
64,192,29116,1,0,0:0:0:0:
448,192,29181,1,0,0:0:0:0:
320,192,29181,1,0,0:0:0:0:
192,192,29246,1,0,0:0:0:0:
64,192,29246,1,0,0:0:0:0:
320,192,29311,1,0,0:0:0:0:
448,192,29311,1,0,0:0:0:0:
64,192,29376,1,0,0:0:0:0:
448,192,29441,1,0,0:0:0:0:
192,192,29441,1,0,0:0:0:0:
320,192,29505,1,0,0:0:0:0:
192,192,29570,1,0,0:0:0:0:
64,192,29570,1,0,0:0:0:0:
320,192,29635,1,0,0:0:0:0:
448,192,29700,1,0,0:0:0:0:
192,192,29765,1,0,0:0:0:0:
320,192,29830,1,0,0:0:0:0:
448,192,29830,1,0,0:0:0:0:
64,192,29895,1,0,0:0:0:0:
192,192,29960,1,0,0:0:0:0:
448,192,30025,1,0,0:0:0:0:
192,192,30090,1,0,0:0:0:0:
64,192,30090,1,0,0:0:0:0:
320,192,30155,1,0,0:0:0:0:
448,192,30220,1,0,0:0:0:0:
192,192,30285,1,0,0:0:0:0:
320,192,30350,1,0,0:0:0:0:
448,192,30350,1,0,0:0:0:0:
192,192,30415,1,0,0:0:0:0:
448,192,30480,1,0,0:0:0:0:
64,192,30480,1,0,0:0:0:0:
320,192,30544,1,0,0:0:0:0:
192,192,30609,1,0,0:0:0:0:
64,192,30609,1,0,0:0:0:0:
320,192,30674,1,0,0:0:0:0:
448,192,30739,1,0,0:0:0:0:
64,192,30739,1,0,0:0:0:0:
320,192,30804,1,0,0:0:0:0:
64,192,30869,1,0,0:0:0:0:
448,192,30869,1,0,0:0:0:0:
192,192,30934,1,0,0:0:0:0:
64,192,30999,1,0,0:0:0:0:
448,192,30999,1,0,0:0:0:0:
320,192,31064,1,0,0:0:0:0:
192,192,31129,1,0,0:0:0:0:
64,192,31129,1,0,0:0:0:0:
448,192,31194,1,0,0:0:0:0:
64,192,31259,1,0,0:0:0:0:
320,192,31259,1,0,0:0:0:0:
192,192,31324,1,0,0:0:0:0:
448,192,31389,1,0,0:0:0:0:
320,192,31389,1,0,0:0:0:0:
64,192,31454,1,0,0:0:0:0:
192,192,31518,1,0,0:0:0:0:
320,192,31518,1,0,0:0:0:0:
448,192,31583,1,0,0:0:0:0:
192,192,31648,1,0,0:0:0:0:
64,192,31648,1,0,0:0:0:0:
320,192,31713,1,0,0:0:0:0:
192,192,31778,1,0,0:0:0:0:
64,192,31843,1,0,0:0:0:0:
448,192,31908,1,0,0:0:0:0:
320,192,31908,1,0,0:0:0:0:
192,192,31973,1,0,0:0:0:0:
64,192,32038,1,0,0:0:0:0:
448,192,32103,1,0,0:0:0:0:
320,192,32168,1,0,0:0:0:0:
64,192,32168,1,0,0:0:0:0:
192,192,32233,1,0,0:0:0:0:
320,192,32298,1,0,0:0:0:0:
448,192,32363,1,0,0:0:0:0:
192,192,32428,1,0,0:0:0:0:
64,192,32428,1,0,0:0:0:0:
320,192,32492,1,0,0:0:0:0:
448,192,32557,1,0,0:0:0:0:
192,192,32557,1,0,0:0:0:0:
64,192,32622,1,0,0:0:0:0:
320,192,32687,1,0,0:0:0:0:
448,192,32687,1,0,0:0:0:0:
192,192,32752,1,0,0:0:0:0:
320,192,32817,1,0,0:0:0:0:
64,192,32817,1,0,0:0:0:0:
448,192,32882,1,0,0:0:0:0:
192,192,32947,1,0,0:0:0:0:
64,192,32947,1,0,0:0:0:0:
320,192,33012,1,0,0:0:0:0:
448,192,33077,1,0,0:0:0:0:
64,192,33077,1,0,0:0:0:0:
192,192,33142,1,0,0:0:0:0:
320,192,33207,1,0,0:0:0:0:
448,192,33207,1,0,0:0:0:0:
64,192,33272,1,0,0:0:0:0:
448,192,33337,1,0,0:0:0:0:
192,192,33337,1,0,0:0:0:0:
64,192,33402,1,0,0:0:0:0:
320,192,33402,1,0,0:0:0:0:
448,192,33467,1,0,0:0:0:0:
192,192,33467,1,0,0:0:0:0:
320,192,33531,1,0,0:0:0:0:
192,192,33596,1,0,0:0:0:0:
64,192,33596,1,0,0:0:0:0:
320,192,33661,1,0,0:0:0:0:
448,192,33726,1,0,0:0:0:0:
192,192,33726,1,0,0:0:0:0:
64,192,33726,1,0,0:0:0:0:
320,192,33856,1,0,0:0:0:0:
448,192,33986,1,0,0:0:0:0:
192,192,33986,1,0,0:0:0:0:
320,192,34116,1,0,0:0:0:0:
192,192,34116,1,0,0:0:0:0:
64,192,34246,1,0,0:0:0:0:
320,192,34246,1,0,0:0:0:0:
192,192,34376,1,0,0:0:0:0:
64,192,34376,1,0,0:0:0:0:
320,192,34505,1,0,0:0:0:0:
448,192,34505,1,0,0:0:0:0:
192,192,34635,1,0,0:0:0:0:
448,192,34635,1,0,0:0:0:0:
64,192,34765,1,0,0:0:0:0:
192,192,34895,1,0,0:0:0:0:
320,192,34895,1,0,0:0:0:0:
448,192,35025,1,0,0:0:0:0:
64,192,35155,1,0,0:0:0:0:
320,192,35155,1,0,0:0:0:0:
448,192,35285,1,0,0:0:0:0:
192,192,35415,1,0,0:0:0:0:
64,192,35415,1,0,0:0:0:0:
320,192,35480,1,0,0:0:0:0:
192,192,35544,1,0,0:0:0:0:
64,192,35544,1,0,0:0:0:0:
192,192,35674,1,0,0:0:0:0:
448,192,35674,1,0,0:0:0:0:
64,192,35804,1,0,0:0:0:0:
320,192,35804,1,0,0:0:0:0:
448,192,35934,1,0,0:0:0:0:
192,192,36064,1,0,0:0:0:0:
64,192,36064,1,0,0:0:0:0:
64,192,36194,1,0,0:0:0:0:
320,192,36194,1,0,0:0:0:0:
192,192,36324,1,0,0:0:0:0:
320,192,36324,1,0,0:0:0:0:
192,192,36454,1,0,0:0:0:0:
448,192,36454,1,0,0:0:0:0:
448,192,36583,1,0,0:0:0:0:
320,192,36583,1,0,0:0:0:0:
320,192,36713,1,0,0:0:0:0:
448,192,36713,1,0,0:0:0:0:
64,192,36843,1,0,0:0:0:0:
192,192,36973,1,0,0:0:0:0:
448,192,36973,1,0,0:0:0:0:
320,192,37103,1,0,0:0:0:0:
192,192,37233,1,0,0:0:0:0:
64,192,37233,1,0,0:0:0:0:
320,192,37363,1,0,0:0:0:0:
64,192,37492,1,0,0:0:0:0:
448,192,37492,1,0,0:0:0:0:
320,192,37557,1,0,0:0:0:0:
192,192,37557,1,0,0:0:0:0:
64,192,37622,1,0,0:0:0:0:
448,192,37622,1,0,0:0:0:0:
192,192,37752,1,0,0:0:0:0:
320,192,37752,1,0,0:0:0:0:
64,192,37882,1,0,0:0:0:0:
320,192,37882,1,0,0:0:0:0:
448,192,37882,1,0,0:0:0:0:
192,192,38012,1,0,0:0:0:0:
64,192,38142,1,0,0:0:0:0:
320,192,38142,1,0,0:0:0:0:
192,192,38272,1,0,0:0:0:0:
320,192,38272,1,0,0:0:0:0:
448,192,38402,1,0,0:0:0:0:
192,192,38402,1,0,0:0:0:0:
320,192,38531,1,0,0:0:0:0:
448,192,38531,1,0,0:0:0:0:
192,192,38661,1,0,0:0:0:0:
64,192,38661,1,0,0:0:0:0:
320,192,38791,1,0,0:0:0:0:
64,192,38791,1,0,0:0:0:0:
448,192,38921,1,0,0:0:0:0:
320,192,39051,1,0,0:0:0:0:
192,192,39051,1,0,0:0:0:0:
64,192,39181,1,0,0:0:0:0:
448,192,39311,1,0,0:0:0:0:
192,192,39311,1,0,0:0:0:0:
64,192,39441,1,0,0:0:0:0:
448,192,39570,1,0,0:0:0:0:
192,192,39570,1,0,0:0:0:0:
64,192,39635,1,0,0:0:0:0:
192,192,39700,1,0,0:0:0:0:
320,192,39700,1,0,0:0:0:0:
320,192,39830,1,0,0:0:0:0:
64,192,39830,1,0,0:0:0:0:
448,192,39960,1,0,0:0:0:0:
192,192,39960,1,0,0:0:0:0:
64,192,40090,1,0,0:0:0:0:
320,192,40220,1,0,0:0:0:0:
448,192,40220,1,0,0:0:0:0:
448,192,40350,1,0,0:0:0:0:
192,192,40350,1,0,0:0:0:0:
320,192,40480,1,0,0:0:0:0:
192,192,40480,1,0,0:0:0:0:
320,192,40609,1,0,0:0:0:0:
64,192,40609,1,0,0:0:0:0:
192,192,40739,1,0,0:0:0:0:
448,192,40739,1,0,0:0:0:0:
192,192,40869,1,0,0:0:0:0:
64,192,40869,1,0,0:0:0:0:
448,192,40999,1,0,0:0:0:0:
320,192,41129,1,0,0:0:0:0:
64,192,41129,1,0,0:0:0:0:
192,192,41259,1,0,0:0:0:0:
320,192,41389,1,0,0:0:0:0:
448,192,41389,1,0,0:0:0:0:
64,192,41518,1,0,0:0:0:0:
192,192,41648,1,0,0:0:0:0:
320,192,41648,1,0,0:0:0:0:
448,192,41713,1,0,0:0:0:0:
64,192,41713,1,0,0:0:0:0:
192,192,41778,1,0,0:0:0:0:
320,192,41778,1,0,0:0:0:0:
64,192,41908,1,0,0:0:0:0:
448,192,41908,1,0,0:0:0:0:
448,192,42038,1,0,0:0:0:0:
192,192,42038,1,0,0:0:0:0:
64,192,42038,1,0,0:0:0:0:
320,192,42103,1,0,0:0:0:0:
448,192,42168,1,0,0:0:0:0:
192,192,42233,1,0,0:0:0:0:
448,192,42298,1,0,0:0:0:0:
320,192,42298,1,0,0:0:0:0:
192,192,42363,1,0,0:0:0:0:
64,192,42428,1,0,0:0:0:0:
448,192,42428,1,0,0:0:0:0:
320,192,42492,1,0,0:0:0:0:
64,192,42557,1,0,0:0:0:0:
192,192,42557,1,0,0:0:0:0:
448,192,42622,1,0,0:0:0:0:
320,192,42687,1,0,0:0:0:0:
192,192,42687,1,0,0:0:0:0:
64,192,42752,1,0,0:0:0:0:
448,192,42817,1,0,0:0:0:0:
192,192,42817,1,0,0:0:0:0:
320,192,42882,1,0,0:0:0:0:
64,192,42947,1,0,0:0:0:0:
192,192,42947,1,0,0:0:0:0:
448,192,43012,1,0,0:0:0:0:
320,192,43077,1,0,0:0:0:0:
192,192,43142,1,0,0:0:0:0:
64,192,43207,1,0,0:0:0:0:
320,192,43207,1,0,0:0:0:0:
448,192,43272,1,0,0:0:0:0:
64,192,43337,1,0,0:0:0:0:
192,192,43402,1,0,0:0:0:0:
320,192,43467,1,0,0:0:0:0:
448,192,43467,1,0,0:0:0:0:
192,192,43531,1,0,0:0:0:0:
320,192,43596,1,0,0:0:0:0:
448,192,43661,1,0,0:0:0:0:
192,192,43726,1,0,0:0:0:0:
64,192,43726,1,0,0:0:0:0:
320,192,43791,1,0,0:0:0:0:
192,192,43856,1,0,0:0:0:0:
64,192,43856,1,0,0:0:0:0:
448,192,43921,1,0,0:0:0:0:
320,192,43986,1,0,0:0:0:0:
64,192,43986,1,0,0:0:0:0:
448,192,44051,1,0,0:0:0:0:
320,192,44116,1,0,0:0:0:0:
192,192,44116,1,0,0:0:0:0:
64,192,44181,1,0,0:0:0:0:
448,192,44246,1,0,0:0:0:0:
320,192,44311,1,0,0:0:0:0:
192,192,44376,1,0,0:0:0:0:
64,192,44376,1,0,0:0:0:0:
448,192,44441,1,0,0:0:0:0:
320,192,44505,1,0,0:0:0:0:
192,192,44505,1,0,0:0:0:0:
64,192,44570,1,0,0:0:0:0:
320,192,44635,1,0,0:0:0:0:
448,192,44635,1,0,0:0:0:0:
192,192,44700,1,0,0:0:0:0:
448,192,44765,1,0,0:0:0:0:
64,192,44765,1,0,0:0:0:0:
192,192,44830,1,0,0:0:0:0:
448,192,44895,1,0,0:0:0:0:
320,192,44895,1,0,0:0:0:0:
192,192,44960,1,0,0:0:0:0:
448,192,45025,1,0,0:0:0:0:
320,192,45025,1,0,0:0:0:0:
64,192,45090,1,0,0:0:0:0:
192,192,45155,1,0,0:0:0:0:
320,192,45220,1,0,0:0:0:0:
192,192,45285,1,0,0:0:0:0:
448,192,45285,1,0,0:0:0:0:
64,192,45350,1,0,0:0:0:0:
448,192,45415,1,0,0:0:0:0:
320,192,45480,1,0,0:0:0:0:
192,192,45544,1,0,0:0:0:0:
64,192,45544,1,0,0:0:0:0:
320,192,45609,1,0,0:0:0:0:
64,192,45674,1,0,0:0:0:0:
192,192,45739,1,0,0:0:0:0:
448,192,45804,1,0,0:0:0:0:
320,192,45804,1,0,0:0:0:0:
64,192,45869,1,0,0:0:0:0:
192,192,45869,1,0,0:0:0:0:
448,192,45934,1,0,0:0:0:0:
320,192,45934,1,0,0:0:0:0:
64,192,45999,1,0,0:0:0:0:
192,192,46064,1,0,0:0:0:0:
320,192,46064,1,0,0:0:0:0:
448,192,46129,1,0,0:0:0:0:
64,192,46194,1,0,0:0:0:0:
320,192,46194,1,0,0:0:0:0:
192,192,46194,1,0,0:0:0:0:
448,192,46259,1,0,0:0:0:0:
192,192,46324,1,0,0:0:0:0:
320,192,46389,1,0,0:0:0:0:
64,192,46454,1,0,0:0:0:0:
448,192,46454,1,0,0:0:0:0:
192,192,46518,1,0,0:0:0:0:
320,192,46583,1,0,0:0:0:0:
448,192,46583,1,0,0:0:0:0:
64,192,46648,1,0,0:0:0:0:
192,192,46713,1,0,0:0:0:0:
320,192,46713,1,0,0:0:0:0:
448,192,46778,1,0,0:0:0:0:
64,192,46843,1,0,0:0:0:0:
192,192,46843,1,0,0:0:0:0:
320,192,46908,1,0,0:0:0:0:
448,192,46973,1,0,0:0:0:0:
192,192,46973,1,0,0:0:0:0:
320,192,47038,1,0,0:0:0:0:
64,192,47103,1,0,0:0:0:0:
448,192,47103,1,0,0:0:0:0:
192,192,47168,1,0,0:0:0:0:
320,192,47233,1,0,0:0:0:0:
64,192,47298,1,0,0:0:0:0:
320,192,47363,1,0,0:0:0:0:
192,192,47363,1,0,0:0:0:0:
448,192,47428,1,0,0:0:0:0:
320,192,47492,1,0,0:0:0:0:
192,192,47557,1,0,0:0:0:0:
320,192,47622,1,0,0:0:0:0:
64,192,47622,1,0,0:0:0:0:
448,192,47687,1,0,0:0:0:0:
192,192,47752,1,0,0:0:0:0:
320,192,47752,1,0,0:0:0:0:
448,192,47817,1,0,0:0:0:0:
64,192,47882,1,0,0:0:0:0:
320,192,47882,1,0,0:0:0:0:
192,192,47947,1,0,0:0:0:0:
64,192,48012,1,0,0:0:0:0:
448,192,48012,1,0,0:0:0:0:
320,192,48077,1,0,0:0:0:0:
64,192,48142,1,0,0:0:0:0:
448,192,48142,1,0,0:0:0:0:
192,192,48207,1,0,0:0:0:0:
448,192,48272,1,0,0:0:0:0:
320,192,48272,1,0,0:0:0:0:
64,192,48337,1,0,0:0:0:0:
192,192,48402,1,0,0:0:0:0:
448,192,48467,1,0,0:0:0:0:
320,192,48531,1,0,0:0:0:0:
64,192,48531,1,0,0:0:0:0:
192,192,48596,1,0,0:0:0:0:
448,192,48661,1,0,0:0:0:0:
320,192,48661,1,0,0:0:0:0:
192,192,48726,1,0,0:0:0:0:
64,192,48791,1,0,0:0:0:0:
448,192,48791,1,0,0:0:0:0:
320,192,48856,1,0,0:0:0:0:
64,192,48921,1,0,0:0:0:0:
192,192,48921,1,0,0:0:0:0:
448,192,48986,1,0,0:0:0:0:
192,192,49051,1,0,0:0:0:0:
320,192,49051,1,0,0:0:0:0:
64,192,49116,1,0,0:0:0:0:
192,192,49181,5,0,0:0:0:0:
448,192,49181,1,0,0:0:0:0:
320,192,49246,1,0,0:0:0:0:
448,192,49311,5,0,0:0:0:0:
192,192,49376,1,0,0:0:0:0:
320,192,49441,1,0,0:0:0:0:
64,192,49441,1,0,0:0:0:0:
448,192,49441,1,0,0:0:0:0:
192,192,49505,1,0,0:0:0:0:
320,192,49570,1,0,0:0:0:0:
448,192,49635,1,0,0:0:0:0:
320,192,49700,1,0,0:0:0:0:
192,192,49700,1,0,0:0:0:0:
64,192,49700,1,0,0:0:0:0:
448,192,49765,1,0,0:0:0:0:
320,192,49830,1,0,0:0:0:0:
64,192,49895,1,0,0:0:0:0:
448,192,49960,1,0,0:0:0:0:
192,192,49960,1,0,0:0:0:0:
320,192,49960,1,0,0:0:0:0:
64,192,50025,1,0,0:0:0:0:
448,192,50090,1,0,0:0:0:0:
192,192,50090,1,0,0:0:0:0:
320,192,50155,1,0,0:0:0:0:
64,192,50220,1,0,0:0:0:0:
192,192,50220,1,0,0:0:0:0:
320,192,50285,1,0,0:0:0:0:
64,192,50350,5,0,0:0:0:0:
192,192,50350,1,0,0:0:0:0:
448,192,50350,1,0,0:0:0:0:
320,192,50480,1,0,0:0:0:0:
320,192,50609,1,0,0:0:0:0:
192,192,50739,1,0,0:0:0:0:
448,192,50804,1,0,0:0:0:0:
64,192,50934,1,0,0:0:0:0:
320,192,50999,1,0,0:0:0:0:
192,192,51129,1,0,0:0:0:0:
64,192,51194,1,0,0:0:0:0:
320,192,51259,1,0,0:0:0:0:
448,192,51324,1,0,0:0:0:0:
192,192,51389,1,0,0:0:0:0:
448,192,51518,1,0,0:0:0:0:
448,192,51648,1,0,0:0:0:0:
64,192,51778,1,0,0:0:0:0:
448,192,51843,1,0,0:0:0:0:
320,192,51973,1,0,0:0:0:0:
448,192,52038,1,0,0:0:0:0:
192,192,52168,1,0,0:0:0:0:
64,192,52233,1,0,0:0:0:0:
320,192,52298,1,0,0:0:0:0:
64,192,52363,1,0,0:0:0:0:
448,192,52428,1,0,0:0:0:0:
192,192,52557,1,0,0:0:0:0:
192,192,52687,1,0,0:0:0:0:
320,192,52817,1,0,0:0:0:0:
64,192,52882,1,0,0:0:0:0:
448,192,53012,1,0,0:0:0:0:
320,192,53077,1,0,0:0:0:0:
448,192,53207,1,0,0:0:0:0:
192,192,53272,1,0,0:0:0:0:
320,192,53337,1,0,0:0:0:0:
448,192,53402,1,0,0:0:0:0:
64,192,53467,1,0,0:0:0:0:
320,192,53596,1,0,0:0:0:0:
320,192,53726,1,0,0:0:0:0:
448,192,53856,1,0,0:0:0:0:
64,192,53921,1,0,0:0:0:0:
320,192,54051,1,0,0:0:0:0:
192,192,54116,1,0,0:0:0:0:
320,192,54181,1,0,0:0:0:0:
64,192,54246,1,0,0:0:0:0:
192,192,54246,1,0,0:0:0:0:
448,192,54311,1,0,0:0:0:0:
320,192,54376,1,0,0:0:0:0:
192,192,54441,1,0,0:0:0:0:
320,192,54505,1,0,0:0:0:0:
448,192,54505,1,0,0:0:0:0:
64,192,54505,1,0,0:0:0:0:
192,192,54635,1,0,0:0:0:0:
64,192,54700,1,0,0:0:0:0:
448,192,54765,1,0,0:0:0:0:
320,192,54895,1,0,0:0:0:0:
448,192,54960,1,0,0:0:0:0:
192,192,55025,1,0,0:0:0:0:
64,192,55090,1,0,0:0:0:0:
320,192,55155,1,0,0:0:0:0:
192,192,55285,1,0,0:0:0:0:
64,192,55350,1,0,0:0:0:0:
320,192,55415,1,0,0:0:0:0:
448,192,55480,1,0,0:0:0:0:
192,192,55544,1,0,0:0:0:0:
320,192,55609,1,0,0:0:0:0:
448,192,55674,1,0,0:0:0:0:
64,192,55804,1,0,0:0:0:0:
320,192,55934,1,0,0:0:0:0:
448,192,55999,1,0,0:0:0:0:
192,192,56064,1,0,0:0:0:0:
64,192,56129,1,0,0:0:0:0:
448,192,56194,1,0,0:0:0:0:
192,192,56324,1,0,0:0:0:0:
320,192,56389,1,0,0:0:0:0:
64,192,56454,1,0,0:0:0:0:
448,192,56518,1,0,0:0:0:0:
320,192,56583,1,0,0:0:0:0:
192,192,56648,1,0,0:0:0:0:
64,192,56713,1,0,0:0:0:0:
448,192,56843,1,0,0:0:0:0:
192,192,56973,1,0,0:0:0:0:
320,192,57038,1,0,0:0:0:0:
448,192,57103,1,0,0:0:0:0:
192,192,57168,1,0,0:0:0:0:
320,192,57233,1,0,0:0:0:0:
448,192,57363,1,0,0:0:0:0:
192,192,57428,1,0,0:0:0:0:
64,192,57492,1,0,0:0:0:0:
320,192,57557,1,0,0:0:0:0:
192,192,57622,1,0,0:0:0:0:
64,192,57687,1,0,0:0:0:0:
320,192,57752,1,0,0:0:0:0:
448,192,57817,1,0,0:0:0:0:
320,192,57882,1,0,0:0:0:0:
448,192,58012,1,0,0:0:0:0:
192,192,58077,1,0,0:0:0:0:
64,192,58142,1,0,0:0:0:0:
320,192,58207,1,0,0:0:0:0:
192,192,58272,1,0,0:0:0:0:
320,192,58337,1,0,0:0:0:0:
448,192,58402,1,0,0:0:0:0:
192,192,58467,1,0,0:0:0:0:
320,192,58531,1,0,0:0:0:0:
64,192,58596,1,0,0:0:0:0:
320,192,58661,1,0,0:0:0:0:
448,192,58661,1,0,0:0:0:0:
192,192,58661,1,0,0:0:0:0:
448,192,58791,1,0,0:0:0:0:
64,192,58921,1,0,0:0:0:0:
320,192,58921,1,0,0:0:0:0:
448,192,59051,1,0,0:0:0:0:
320,192,59116,1,0,0:0:0:0:
192,192,59181,1,0,0:0:0:0:
64,192,59181,1,0,0:0:0:0:
448,192,59246,1,0,0:0:0:0:
192,192,59311,1,0,0:0:0:0:
320,192,59311,1,0,0:0:0:0:
64,192,59441,1,0,0:0:0:0:
448,192,59441,1,0,0:0:0:0:
192,192,59505,1,0,0:0:0:0:
320,192,59570,1,0,0:0:0:0:
448,192,59570,1,0,0:0:0:0:
64,192,59635,1,0,0:0:0:0:
192,192,59700,1,0,0:0:0:0:
320,192,59700,1,0,0:0:0:0:
448,192,59830,1,0,0:0:0:0:
320,192,59830,1,0,0:0:0:0:
448,192,59960,1,0,0:0:0:0:
192,192,59960,1,0,0:0:0:0:
64,192,60090,1,0,0:0:0:0:
320,192,60090,1,0,0:0:0:0:
448,192,60155,1,0,0:0:0:0:
192,192,60220,1,0,0:0:0:0:
64,192,60220,1,0,0:0:0:0:
320,192,60285,1,0,0:0:0:0:
448,192,60350,1,0,0:0:0:0:
448,192,60480,1,0,0:0:0:0:
320,192,60480,1,0,0:0:0:0:
192,192,60544,1,0,0:0:0:0:
448,192,60609,1,0,0:0:0:0:
320,192,60609,1,0,0:0:0:0:
192,192,60674,1,0,0:0:0:0:
320,192,60739,1,0,0:0:0:0:
64,192,60739,1,0,0:0:0:0:
64,192,60869,1,0,0:0:0:0:
320,192,60999,1,0,0:0:0:0:
192,192,60999,1,0,0:0:0:0:
64,192,61129,1,0,0:0:0:0:
192,192,61194,1,0,0:0:0:0:
448,192,61259,1,0,0:0:0:0:
320,192,61259,1,0,0:0:0:0:
192,192,61324,1,0,0:0:0:0:
320,192,61389,1,0,0:0:0:0:
64,192,61389,1,0,0:0:0:0:
448,192,61518,1,0,0:0:0:0:
192,192,61518,1,0,0:0:0:0:
64,192,61583,1,0,0:0:0:0:
320,192,61648,1,0,0:0:0:0:
448,192,61648,1,0,0:0:0:0:
192,192,61713,1,0,0:0:0:0:
64,192,61778,1,0,0:0:0:0:
320,192,61778,1,0,0:0:0:0:
448,192,61908,1,0,0:0:0:0:
192,192,61908,1,0,0:0:0:0:
192,192,62038,1,0,0:0:0:0:
64,192,62038,1,0,0:0:0:0:
320,192,62168,1,0,0:0:0:0:
192,192,62233,1,0,0:0:0:0:
448,192,62298,1,0,0:0:0:0:
64,192,62298,1,0,0:0:0:0:
320,192,62363,1,0,0:0:0:0:
192,192,62428,1,0,0:0:0:0:
64,192,62428,1,0,0:0:0:0:
320,192,62492,1,0,0:0:0:0:
448,192,62492,1,0,0:0:0:0:
192,192,62557,1,0,0:0:0:0:
64,192,62557,1,0,0:0:0:0:
448,192,62622,1,0,0:0:0:0:
320,192,62687,1,0,0:0:0:0:
64,192,62687,1,0,0:0:0:0:
192,192,62752,1,0,0:0:0:0:
320,192,62817,1,0,0:0:0:0:
448,192,62817,1,0,0:0:0:0:
64,192,62947,1,0,0:0:0:0:
320,192,63077,1,0,0:0:0:0:
192,192,63077,1,0,0:0:0:0:
64,192,63207,1,0,0:0:0:0:
192,192,63207,1,0,0:0:0:0:
320,192,63272,1,0,0:0:0:0:
192,192,63337,1,0,0:0:0:0:
448,192,63337,1,0,0:0:0:0:
64,192,63402,1,0,0:0:0:0:
320,192,63467,1,0,0:0:0:0:
448,192,63467,1,0,0:0:0:0:
64,192,63596,1,0,0:0:0:0:
448,192,63596,1,0,0:0:0:0:
192,192,63661,1,0,0:0:0:0:
320,192,63726,1,0,0:0:0:0:
448,192,63726,1,0,0:0:0:0:
64,192,63791,1,0,0:0:0:0:
192,192,63856,1,0,0:0:0:0:
320,192,63856,1,0,0:0:0:0:
448,192,63986,1,0,0:0:0:0:
320,192,63986,1,0,0:0:0:0:
64,192,64116,1,0,0:0:0:0:
192,192,64116,1,0,0:0:0:0:
192,192,64246,1,0,0:0:0:0:
320,192,64246,1,0,0:0:0:0:
448,192,64311,1,0,0:0:0:0:
64,192,64376,1,0,0:0:0:0:
192,192,64376,1,0,0:0:0:0:
320,192,64441,1,0,0:0:0:0:
448,192,64505,1,0,0:0:0:0:
64,192,64635,1,0,0:0:0:0:
192,192,64635,1,0,0:0:0:0:
320,192,64700,1,0,0:0:0:0:
192,192,64765,1,0,0:0:0:0:
64,192,64765,1,0,0:0:0:0:
320,192,64830,1,0,0:0:0:0:
448,192,64895,1,0,0:0:0:0:
192,192,64895,1,0,0:0:0:0:
448,192,65025,1,0,0:0:0:0:
192,192,65155,1,0,0:0:0:0:
320,192,65155,1,0,0:0:0:0:
448,192,65285,1,0,0:0:0:0:
320,192,65350,1,0,0:0:0:0:
192,192,65415,1,0,0:0:0:0:
64,192,65415,1,0,0:0:0:0:
448,192,65480,1,0,0:0:0:0:
64,192,65544,1,0,0:0:0:0:
320,192,65544,1,0,0:0:0:0:
448,192,65674,1,0,0:0:0:0:
192,192,65674,1,0,0:0:0:0:
320,192,65739,1,0,0:0:0:0:
64,192,65804,1,0,0:0:0:0:
448,192,65804,1,0,0:0:0:0:
192,192,65869,1,0,0:0:0:0:
320,192,65934,1,0,0:0:0:0:
448,192,65934,1,0,0:0:0:0:
64,192,66064,1,0,0:0:0:0:
320,192,66064,1,0,0:0:0:0:
448,192,66194,1,0,0:0:0:0:
192,192,66194,1,0,0:0:0:0:
320,192,66324,1,0,0:0:0:0:
64,192,66389,1,0,0:0:0:0:
192,192,66454,1,0,0:0:0:0:
448,192,66454,1,0,0:0:0:0:
320,192,66518,1,0,0:0:0:0:
448,192,66583,1,0,0:0:0:0:
64,192,66583,1,0,0:0:0:0:
192,192,66648,1,0,0:0:0:0:
64,192,66713,1,0,0:0:0:0:
448,192,66713,1,0,0:0:0:0:
320,192,66778,1,0,0:0:0:0:
448,192,66843,1,0,0:0:0:0:
64,192,66843,1,0,0:0:0:0:
192,192,66908,1,0,0:0:0:0:
320,192,66973,1,0,0:0:0:0:
448,192,66973,1,0,0:0:0:0:
64,192,66973,1,0,0:0:0:0:
192,192,67038,1,0,0:0:0:0:
320,192,67103,1,0,0:0:0:0:
64,192,67168,1,0,0:0:0:0:
448,192,67233,1,0,0:0:0:0:
192,192,67233,1,0,0:0:0:0:
320,192,67298,1,0,0:0:0:0:
64,192,67363,1,0,0:0:0:0:
192,192,67428,1,0,0:0:0:0:
320,192,67492,1,0,0:0:0:0:
448,192,67492,1,0,0:0:0:0:
64,192,67557,1,0,0:0:0:0:
192,192,67622,1,0,0:0:0:0:
448,192,67622,1,0,0:0:0:0:
320,192,67687,1,0,0:0:0:0:
448,192,67752,1,0,0:0:0:0:
64,192,67752,1,0,0:0:0:0:
320,192,67817,1,0,0:0:0:0:
192,192,67882,1,0,0:0:0:0:
64,192,67882,1,0,0:0:0:0:
448,192,67947,1,0,0:0:0:0:
320,192,68012,1,0,0:0:0:0:
192,192,68012,1,0,0:0:0:0:
448,192,68077,1,0,0:0:0:0:
64,192,68142,1,0,0:0:0:0:
192,192,68142,1,0,0:0:0:0:
320,192,68207,1,0,0:0:0:0:
64,192,68272,1,0,0:0:0:0:
448,192,68272,1,0,0:0:0:0:
320,192,68337,1,0,0:0:0:0:
448,192,68402,1,0,0:0:0:0:
192,192,68402,1,0,0:0:0:0:
64,192,68467,1,0,0:0:0:0:
320,192,68531,1,0,0:0:0:0:
448,192,68531,1,0,0:0:0:0:
192,192,68596,1,0,0:0:0:0:
64,192,68661,1,0,0:0:0:0:
320,192,68726,1,0,0:0:0:0:
64,192,68791,1,0,0:0:0:0:
192,192,68791,1,0,0:0:0:0:
320,192,68856,1,0,0:0:0:0:
64,192,68921,1,0,0:0:0:0:
192,192,68921,1,0,0:0:0:0:
320,192,68986,1,0,0:0:0:0:
192,192,69051,1,0,0:0:0:0:
448,192,69051,1,0,0:0:0:0:
64,192,69116,1,0,0:0:0:0:
320,192,69181,1,0,0:0:0:0:
192,192,69246,1,0,0:0:0:0:
64,192,69311,1,0,0:0:0:0:
448,192,69311,1,0,0:0:0:0:
192,192,69376,1,0,0:0:0:0:
448,192,69441,1,0,0:0:0:0:
320,192,69505,1,0,0:0:0:0:
64,192,69570,1,0,0:0:0:0:
192,192,69570,1,0,0:0:0:0:
320,192,69635,1,0,0:0:0:0:
192,192,69700,1,0,0:0:0:0:
448,192,69700,1,0,0:0:0:0:
64,192,69765,1,0,0:0:0:0:
320,192,69830,1,0,0:0:0:0:
192,192,69830,1,0,0:0:0:0:
448,192,69895,1,0,0:0:0:0:
192,192,69960,1,0,0:0:0:0:
64,192,69960,1,0,0:0:0:0:
320,192,70025,1,0,0:0:0:0:
448,192,70090,1,0,0:0:0:0:
192,192,70090,1,0,0:0:0:0:
64,192,70155,1,0,0:0:0:0:
320,192,70220,1,0,0:0:0:0:
448,192,70220,1,0,0:0:0:0:
192,192,70285,1,0,0:0:0:0:
448,192,70350,1,0,0:0:0:0:
64,192,70350,1,0,0:0:0:0:
320,192,70415,1,0,0:0:0:0:
192,192,70480,1,0,0:0:0:0:
320,192,70544,1,0,0:0:0:0:
64,192,70609,1,0,0:0:0:0:
448,192,70609,1,0,0:0:0:0:
192,192,70674,1,0,0:0:0:0:
320,192,70739,1,0,0:0:0:0:
448,192,70739,1,0,0:0:0:0:
192,192,70804,1,0,0:0:0:0:
64,192,70804,1,0,0:0:0:0:
320,192,70869,1,0,0:0:0:0:
448,192,70869,1,0,0:0:0:0:
64,192,70934,1,0,0:0:0:0:
192,192,70999,1,0,0:0:0:0:
448,192,70999,1,0,0:0:0:0:
320,192,71064,1,0,0:0:0:0:
192,192,71129,1,0,0:0:0:0:
64,192,71129,1,0,0:0:0:0:
320,192,71194,1,0,0:0:0:0:
448,192,71259,1,0,0:0:0:0:
64,192,71324,1,0,0:0:0:0:
192,192,71389,1,0,0:0:0:0:
320,192,71389,1,0,0:0:0:0:
64,192,71454,1,0,0:0:0:0:
448,192,71518,1,0,0:0:0:0:
320,192,71518,1,0,0:0:0:0:
192,192,71583,1,0,0:0:0:0:
320,192,71648,1,0,0:0:0:0:
64,192,71648,1,0,0:0:0:0:
448,192,71713,1,0,0:0:0:0:
192,192,71778,1,0,0:0:0:0:
64,192,71778,1,0,0:0:0:0:
320,192,71843,1,0,0:0:0:0:
448,192,71908,1,0,0:0:0:0:
64,192,71908,1,0,0:0:0:0:
320,192,71973,1,0,0:0:0:0:
192,192,72038,1,0,0:0:0:0:
64,192,72038,1,0,0:0:0:0:
448,192,72103,1,0,0:0:0:0:
320,192,72168,1,0,0:0:0:0:
192,192,72168,1,0,0:0:0:0:
448,192,72233,1,0,0:0:0:0:
64,192,72298,1,0,0:0:0:0:
192,192,72363,1,0,0:0:0:0:
320,192,72428,1,0,0:0:0:0:
64,192,72428,1,0,0:0:0:0:
448,192,72492,1,0,0:0:0:0:
192,192,72557,1,0,0:0:0:0:
64,192,72557,1,0,0:0:0:0:
320,192,72622,1,0,0:0:0:0:
448,192,72687,1,0,0:0:0:0:
64,192,72687,1,0,0:0:0:0:
192,192,72752,1,0,0:0:0:0:
320,192,72817,1,0,0:0:0:0:
192,192,72882,1,0,0:0:0:0:
448,192,72947,1,0,0:0:0:0:
64,192,72947,1,0,0:0:0:0:
192,192,73012,1,0,0:0:0:0:
320,192,73077,1,0,0:0:0:0:
448,192,73077,1,0,0:0:0:0:
192,192,73142,1,0,0:0:0:0:
64,192,73207,1,0,0:0:0:0:
320,192,73207,1,0,0:0:0:0:
448,192,73272,1,0,0:0:0:0:
320,192,73337,1,0,0:0:0:0:
192,192,73402,1,0,0:0:0:0:
320,192,73467,1,0,0:0:0:0:
448,192,73467,1,0,0:0:0:0:
192,192,73531,1,0,0:0:0:0:
64,192,73596,1,0,0:0:0:0:
192,192,73661,1,0,0:0:0:0:
320,192,73726,1,0,0:0:0:0:
448,192,73726,1,0,0:0:0:0:
64,192,73791,1,0,0:0:0:0:
448,192,73856,1,0,0:0:0:0:
320,192,73856,1,0,0:0:0:0:
192,192,73921,1,0,0:0:0:0:
64,192,73986,1,0,0:0:0:0:
320,192,73986,1,0,0:0:0:0:
192,192,74051,1,0,0:0:0:0:
448,192,74116,1,0,0:0:0:0:
64,192,74116,1,0,0:0:0:0:
320,192,74181,1,0,0:0:0:0:
192,192,74246,1,0,0:0:0:0:
64,192,74246,1,0,0:0:0:0:
320,192,74311,1,0,0:0:0:0:
448,192,74376,1,0,0:0:0:0:
192,192,74376,1,0,0:0:0:0:
64,192,74441,1,0,0:0:0:0:
320,192,74505,1,0,0:0:0:0:
192,192,74505,1,0,0:0:0:0:
448,192,74570,1,0,0:0:0:0:
192,192,74635,1,0,0:0:0:0:
320,192,74700,1,0,0:0:0:0:
64,192,74765,1,0,0:0:0:0:
448,192,74765,1,0,0:0:0:0:
192,192,74830,1,0,0:0:0:0:
448,192,74895,1,0,0:0:0:0:
320,192,74895,1,0,0:0:0:0:
192,192,74960,1,0,0:0:0:0:
64,192,74960,1,0,0:0:0:0:
448,192,75025,1,0,0:0:0:0:
320,192,75025,1,0,0:0:0:0:
192,192,75090,1,0,0:0:0:0:
64,192,75155,1,0,0:0:0:0:
448,192,75155,1,0,0:0:0:0:
320,192,75220,1,0,0:0:0:0:
64,192,75285,1,0,0:0:0:0:
448,192,75285,1,0,0:0:0:0:
192,192,75285,1,0,0:0:0:0:
320,192,75415,1,0,0:0:0:0:
448,192,75544,1,0,0:0:0:0:
192,192,75674,1,0,0:0:0:0:
320,192,75804,1,0,0:0:0:0:
64,192,75934,1,0,0:0:0:0:
192,192,76064,1,0,0:0:0:0:
448,192,76064,1,0,0:0:0:0:
448,192,76194,1,0,0:0:0:0:
320,192,76194,1,0,0:0:0:0:
320,192,76324,1,0,0:0:0:0:
64,192,76454,1,0,0:0:0:0:
192,192,76454,1,0,0:0:0:0:
192,192,76583,1,0,0:0:0:0:
448,192,76713,1,0,0:0:0:0:
320,192,76713,1,0,0:0:0:0:
64,192,76843,1,0,0:0:0:0:
192,192,76973,1,0,0:0:0:0:
320,192,76973,1,0,0:0:0:0:
448,192,77103,1,0,0:0:0:0:
320,192,77233,1,0,0:0:0:0:
64,192,77233,1,0,0:0:0:0:
192,192,77363,1,0,0:0:0:0:
320,192,77492,1,0,0:0:0:0:
448,192,77622,1,0,0:0:0:0:
192,192,77752,1,0,0:0:0:0:
320,192,77882,1,0,0:0:0:0:
64,192,78012,1,0,0:0:0:0:
192,192,78012,1,0,0:0:0:0:
64,192,78142,1,0,0:0:0:0:
320,192,78142,1,0,0:0:0:0:
192,192,78272,1,0,0:0:0:0:
448,192,78272,1,0,0:0:0:0:
192,192,78402,1,0,0:0:0:0:
320,192,78531,1,0,0:0:0:0:
448,192,78531,1,0,0:0:0:0:
320,192,78661,1,0,0:0:0:0:
192,192,78791,1,0,0:0:0:0:
448,192,78791,1,0,0:0:0:0:
192,192,78921,1,0,0:0:0:0:
64,192,79051,1,0,0:0:0:0:
320,192,79051,1,0,0:0:0:0:
320,192,79181,1,0,0:0:0:0:
64,192,79311,1,0,0:0:0:0:
192,192,79311,1,0,0:0:0:0:
320,192,79441,1,0,0:0:0:0:
192,192,79570,1,0,0:0:0:0:
448,192,79700,1,0,0:0:0:0:
320,192,79830,1,0,0:0:0:0:
192,192,79960,1,0,0:0:0:0:
64,192,80090,1,0,0:0:0:0:
192,192,80220,1,0,0:0:0:0:
320,192,80220,1,0,0:0:0:0:
192,192,80350,1,0,0:0:0:0:
448,192,80350,1,0,0:0:0:0:
320,192,80480,1,0,0:0:0:0:
192,192,80609,1,0,0:0:0:0:
448,192,80609,1,0,0:0:0:0:
64,192,80739,1,0,0:0:0:0:
192,192,80869,1,0,0:0:0:0:
320,192,80869,1,0,0:0:0:0:
448,192,80999,1,0,0:0:0:0:
64,192,81129,1,0,0:0:0:0:
192,192,81129,1,0,0:0:0:0:
320,192,81259,1,0,0:0:0:0:
64,192,81389,1,0,0:0:0:0:
320,192,81518,1,0,0:0:0:0:
448,192,81518,1,0,0:0:0:0:
192,192,81648,1,0,0:0:0:0:
448,192,81778,1,0,0:0:0:0:
64,192,81908,1,0,0:0:0:0:
192,192,82038,1,0,0:0:0:0:
448,192,82038,1,0,0:0:0:0:
320,192,82168,1,0,0:0:0:0:
192,192,82298,1,0,0:0:0:0:
64,192,82428,1,0,0:0:0:0:
320,192,82428,1,0,0:0:0:0:
320,192,82557,1,0,0:0:0:0:
192,192,82687,1,0,0:0:0:0:
448,192,82687,1,0,0:0:0:0:
320,192,82817,1,0,0:0:0:0:
64,192,82947,1,0,0:0:0:0:
192,192,82947,1,0,0:0:0:0:
448,192,83077,1,0,0:0:0:0:
64,192,83207,1,0,0:0:0:0:
320,192,83207,1,0,0:0:0:0:
192,192,83337,1,0,0:0:0:0:
320,192,83467,1,0,0:0:0:0:
448,192,83467,1,0,0:0:0:0:
64,192,83596,1,0,0:0:0:0:
448,192,83596,1,0,0:0:0:0:
320,192,83596,1,0,0:0:0:0:
192,192,83661,1,0,0:0:0:0:
320,192,83726,1,0,0:0:0:0:
448,192,83791,1,0,0:0:0:0:
320,192,83856,1,0,0:0:0:0:
64,192,83856,1,0,0:0:0:0:
192,192,83921,1,0,0:0:0:0:
320,192,83986,1,0,0:0:0:0:
448,192,84051,1,0,0:0:0:0:
64,192,84116,1,0,0:0:0:0:
192,192,84116,1,0,0:0:0:0:
320,192,84181,1,0,0:0:0:0:
448,192,84246,1,0,0:0:0:0:
192,192,84311,1,0,0:0:0:0:
320,192,84376,1,0,0:0:0:0:
448,192,84376,1,0,0:0:0:0:
192,192,84441,1,0,0:0:0:0:
320,192,84505,1,0,0:0:0:0:
64,192,84505,1,0,0:0:0:0:
448,192,84570,1,0,0:0:0:0:
192,192,84635,1,0,0:0:0:0:
320,192,84635,1,0,0:0:0:0:
448,192,84700,1,0,0:0:0:0:
64,192,84765,1,0,0:0:0:0:
192,192,84765,1,0,0:0:0:0:
448,192,84830,1,0,0:0:0:0:
320,192,84895,1,0,0:0:0:0:
192,192,84895,1,0,0:0:0:0:
64,192,84960,1,0,0:0:0:0:
448,192,85025,1,0,0:0:0:0:
320,192,85025,1,0,0:0:0:0:
64,192,85090,1,0,0:0:0:0:
192,192,85155,1,0,0:0:0:0:
320,192,85155,1,0,0:0:0:0:
448,192,85220,1,0,0:0:0:0:
64,192,85285,1,0,0:0:0:0:
320,192,85285,1,0,0:0:0:0:
192,192,85350,1,0,0:0:0:0:
448,192,85415,1,0,0:0:0:0:
64,192,85415,1,0,0:0:0:0:
320,192,85480,1,0,0:0:0:0:
192,192,85544,1,0,0:0:0:0:
64,192,85544,1,0,0:0:0:0:
448,192,85609,1,0,0:0:0:0:
320,192,85674,1,0,0:0:0:0:
64,192,85674,1,0,0:0:0:0:
192,192,85739,1,0,0:0:0:0:
448,192,85804,1,0,0:0:0:0:
320,192,85869,1,0,0:0:0:0:
64,192,85934,1,0,0:0:0:0:
192,192,85934,1,0,0:0:0:0:
448,192,85999,1,0,0:0:0:0:
320,192,86064,1,0,0:0:0:0:
64,192,86129,1,0,0:0:0:0:
448,192,86194,1,0,0:0:0:0:
192,192,86194,1,0,0:0:0:0:
320,192,86259,1,0,0:0:0:0:
64,192,86324,1,0,0:0:0:0:
192,192,86324,1,0,0:0:0:0:
320,192,86389,1,0,0:0:0:0:
64,192,86454,1,0,0:0:0:0:
448,192,86454,1,0,0:0:0:0:
192,192,86518,1,0,0:0:0:0:
320,192,86583,1,0,0:0:0:0:
448,192,86583,1,0,0:0:0:0:
64,192,86648,1,0,0:0:0:0:
448,192,86713,1,0,0:0:0:0:
192,192,86713,1,0,0:0:0:0:
320,192,86778,1,0,0:0:0:0:
192,192,86843,1,0,0:0:0:0:
64,192,86843,1,0,0:0:0:0:
448,192,86908,1,0,0:0:0:0:
320,192,86973,1,0,0:0:0:0:
192,192,86973,1,0,0:0:0:0:
64,192,87038,1,0,0:0:0:0:
320,192,87103,1,0,0:0:0:0:
448,192,87103,1,0,0:0:0:0:
64,192,87168,1,0,0:0:0:0:
192,192,87233,1,0,0:0:0:0:
320,192,87233,1,0,0:0:0:0:
448,192,87298,1,0,0:0:0:0:
64,192,87363,1,0,0:0:0:0:
192,192,87363,1,0,0:0:0:0:
320,192,87428,1,0,0:0:0:0:
192,192,87492,1,0,0:0:0:0:
64,192,87492,1,0,0:0:0:0:
448,192,87557,1,0,0:0:0:0:
64,192,87622,1,0,0:0:0:0:
320,192,87622,1,0,0:0:0:0:
192,192,87687,1,0,0:0:0:0:
320,192,87752,1,0,0:0:0:0:
448,192,87752,1,0,0:0:0:0:
192,192,87817,1,0,0:0:0:0:
64,192,87882,1,0,0:0:0:0:
320,192,87947,1,0,0:0:0:0:
192,192,88012,1,0,0:0:0:0:
64,192,88012,1,0,0:0:0:0:
448,192,88077,1,0,0:0:0:0:
320,192,88142,1,0,0:0:0:0:
64,192,88207,1,0,0:0:0:0:
320,192,88272,1,0,0:0:0:0:
448,192,88272,1,0,0:0:0:0:
192,192,88337,1,0,0:0:0:0:
64,192,88402,1,0,0:0:0:0:
320,192,88467,1,0,0:0:0:0:
192,192,88531,1,0,0:0:0:0:
64,192,88531,1,0,0:0:0:0:
320,192,88596,1,0,0:0:0:0:
64,192,88661,1,0,0:0:0:0:
448,192,88661,1,0,0:0:0:0:
192,192,88726,1,0,0:0:0:0:
320,192,88791,1,0,0:0:0:0:
448,192,88791,1,0,0:0:0:0:
192,192,88856,1,0,0:0:0:0:
64,192,88921,1,0,0:0:0:0:
448,192,88921,1,0,0:0:0:0:
192,192,88986,1,0,0:0:0:0:
448,192,89051,1,0,0:0:0:0:
64,192,89051,1,0,0:0:0:0:
320,192,89116,1,0,0:0:0:0:
448,192,89181,1,0,0:0:0:0:
64,192,89181,1,0,0:0:0:0:
192,192,89246,1,0,0:0:0:0:
320,192,89311,1,0,0:0:0:0:
448,192,89311,1,0,0:0:0:0:
64,192,89376,1,0,0:0:0:0:
448,192,89441,1,0,0:0:0:0:
192,192,89441,1,0,0:0:0:0:
320,192,89505,1,0,0:0:0:0:
64,192,89570,1,0,0:0:0:0:
192,192,89570,1,0,0:0:0:0:
448,192,89635,1,0,0:0:0:0:
320,192,89700,1,0,0:0:0:0:
192,192,89700,1,0,0:0:0:0:
64,192,89765,1,0,0:0:0:0:
320,192,89830,1,0,0:0:0:0:
448,192,89830,1,0,0:0:0:0:
192,192,89895,1,0,0:0:0:0:
320,192,89960,1,0,0:0:0:0:
448,192,90025,1,0,0:0:0:0:
64,192,90090,1,0,0:0:0:0:
192,192,90090,1,0,0:0:0:0:
320,192,90155,1,0,0:0:0:0:
448,192,90220,1,0,0:0:0:0:
64,192,90285,1,0,0:0:0:0:
192,192,90350,1,0,0:0:0:0:
448,192,90350,1,0,0:0:0:0:
320,192,90415,1,0,0:0:0:0:
192,192,90480,1,0,0:0:0:0:
64,192,90544,1,0,0:0:0:0:
320,192,90609,1,0,0:0:0:0:
448,192,90609,1,0,0:0:0:0:
192,192,90674,1,0,0:0:0:0:
64,192,90739,5,0,0:0:0:0:
320,192,90739,1,0,0:0:0:0:
448,192,90804,1,0,0:0:0:0:
192,192,90869,1,0,0:0:0:0:
64,192,90869,1,0,0:0:0:0:
320,192,90934,1,0,0:0:0:0:
192,192,90999,1,0,0:0:0:0:
448,192,90999,1,0,0:0:0:0:
64,192,91064,1,0,0:0:0:0:
320,192,91129,1,0,0:0:0:0:
448,192,91129,1,0,0:0:0:0:
192,192,91194,1,0,0:0:0:0:
64,192,91259,1,0,0:0:0:0:
448,192,91259,1,0,0:0:0:0:
320,192,91324,1,0,0:0:0:0:
192,192,91389,1,0,0:0:0:0:
64,192,91389,1,0,0:0:0:0:
448,192,91454,1,0,0:0:0:0:
64,192,91518,1,0,0:0:0:0:
192,192,91518,1,0,0:0:0:0:
320,192,91583,1,0,0:0:0:0:
64,192,91648,1,0,0:0:0:0:
448,192,91648,1,0,0:0:0:0:
192,192,91713,1,0,0:0:0:0:
320,192,91778,1,0,0:0:0:0:
448,192,91778,1,0,0:0:0:0:
192,192,91843,1,0,0:0:0:0:
64,192,91908,5,0,0:0:0:0:
320,192,91908,1,0,0:0:0:0:
448,192,91908,1,0,0:0:0:0:
192,192,92038,1,0,0:0:0:0:
64,192,92168,1,0,0:0:0:0:
320,192,92168,1,0,0:0:0:0:
192,192,92298,1,0,0:0:0:0:
320,192,92298,1,0,0:0:0:0:
448,192,92428,1,0,0:0:0:0:
192,192,92428,1,0,0:0:0:0:
320,192,92557,1,0,0:0:0:0:
448,192,92557,1,0,0:0:0:0:
192,192,92687,1,0,0:0:0:0:
64,192,92687,1,0,0:0:0:0:
320,192,92817,1,0,0:0:0:0:
64,192,92817,1,0,0:0:0:0:
448,192,92947,1,0,0:0:0:0:
192,192,92947,1,0,0:0:0:0:
320,192,93077,1,0,0:0:0:0:
192,192,93077,1,0,0:0:0:0:
64,192,93207,1,0,0:0:0:0:
320,192,93207,1,0,0:0:0:0:
448,192,93337,1,0,0:0:0:0:
192,192,93337,1,0,0:0:0:0:
64,192,93467,1,0,0:0:0:0:
320,192,93467,1,0,0:0:0:0:
320,192,93596,1,0,0:0:0:0:
448,192,93596,1,0,0:0:0:0:
192,192,93661,1,0,0:0:0:0:
320,192,93726,1,0,0:0:0:0:
448,192,93726,1,0,0:0:0:0:
320,192,93856,1,0,0:0:0:0:
64,192,93856,1,0,0:0:0:0:
448,192,93986,1,0,0:0:0:0:
192,192,93986,1,0,0:0:0:0:
64,192,94116,1,0,0:0:0:0:
320,192,94246,1,0,0:0:0:0:
448,192,94246,1,0,0:0:0:0:
448,192,94376,1,0,0:0:0:0:
192,192,94376,1,0,0:0:0:0:
320,192,94505,1,0,0:0:0:0:
192,192,94505,1,0,0:0:0:0:
320,192,94635,1,0,0:0:0:0:
64,192,94635,1,0,0:0:0:0:
64,192,94765,1,0,0:0:0:0:
192,192,94765,1,0,0:0:0:0:
192,192,94895,1,0,0:0:0:0:
64,192,94895,1,0,0:0:0:0:
448,192,95025,1,0,0:0:0:0:
320,192,95025,1,0,0:0:0:0:
320,192,95155,1,0,0:0:0:0:
64,192,95155,1,0,0:0:0:0:
192,192,95285,1,0,0:0:0:0:
64,192,95285,1,0,0:0:0:0:
448,192,95415,1,0,0:0:0:0:
192,192,95415,1,0,0:0:0:0:
320,192,95480,1,0,0:0:0:0:
64,192,95544,1,0,0:0:0:0:
192,192,95544,1,0,0:0:0:0:
448,192,95674,1,0,0:0:0:0:
320,192,95674,1,0,0:0:0:0:
192,192,95739,1,0,0:0:0:0:
64,192,95739,1,0,0:0:0:0:
448,192,95804,1,0,0:0:0:0:
320,192,95804,1,0,0:0:0:0:
64,192,95869,1,0,0:0:0:0:
192,192,95934,1,0,0:0:0:0:
320,192,95999,1,0,0:0:0:0:
448,192,96064,1,0,0:0:0:0:
192,192,96064,1,0,0:0:0:0:
64,192,96064,1,0,0:0:0:0:
320,192,96194,1,0,0:0:0:0:
448,192,96324,1,0,0:0:0:0:
192,192,96324,1,0,0:0:0:0:
320,192,96454,1,0,0:0:0:0:
192,192,96454,1,0,0:0:0:0:
64,192,96583,1,0,0:0:0:0:
320,192,96583,1,0,0:0:0:0:
192,192,96713,1,0,0:0:0:0:
64,192,96713,1,0,0:0:0:0:
320,192,96843,1,0,0:0:0:0:
448,192,96843,1,0,0:0:0:0:
192,192,96973,1,0,0:0:0:0:
448,192,96973,1,0,0:0:0:0:
64,192,97103,1,0,0:0:0:0:
320,192,97103,1,0,0:0:0:0:
192,192,97233,1,0,0:0:0:0:
320,192,97233,1,0,0:0:0:0:
448,192,97363,1,0,0:0:0:0:
192,192,97363,1,0,0:0:0:0:
64,192,97492,1,0,0:0:0:0:
320,192,97492,1,0,0:0:0:0:
448,192,97622,1,0,0:0:0:0:
192,192,97622,1,0,0:0:0:0:
64,192,97752,1,0,0:0:0:0:
320,192,97752,1,0,0:0:0:0:
192,192,97817,1,0,0:0:0:0:
320,192,97882,1,0,0:0:0:0:
448,192,97882,1,0,0:0:0:0:
192,192,98012,1,0,0:0:0:0:
448,192,98012,1,0,0:0:0:0:
64,192,98142,1,0,0:0:0:0:
320,192,98142,1,0,0:0:0:0:
448,192,98272,1,0,0:0:0:0:
192,192,98402,1,0,0:0:0:0:
64,192,98402,1,0,0:0:0:0:
64,192,98531,1,0,0:0:0:0:
320,192,98531,1,0,0:0:0:0:
192,192,98661,1,0,0:0:0:0:
320,192,98661,1,0,0:0:0:0:
192,192,98791,1,0,0:0:0:0:
448,192,98791,1,0,0:0:0:0:
320,192,98921,1,0,0:0:0:0:
64,192,98921,1,0,0:0:0:0:
320,192,99051,1,0,0:0:0:0:
448,192,99051,1,0,0:0:0:0:
64,192,99181,1,0,0:0:0:0:
192,192,99181,1,0,0:0:0:0:
192,192,99311,1,0,0:0:0:0:
448,192,99311,1,0,0:0:0:0:
320,192,99441,1,0,0:0:0:0:
448,192,99441,1,0,0:0:0:0:
192,192,99570,1,0,0:0:0:0:
64,192,99570,1,0,0:0:0:0:
320,192,99635,1,0,0:0:0:0:
448,192,99700,1,0,0:0:0:0:
192,192,99700,1,0,0:0:0:0:
64,192,99830,1,0,0:0:0:0:
192,192,99830,1,0,0:0:0:0:
448,192,99895,1,0,0:0:0:0:
320,192,99895,1,0,0:0:0:0:
192,192,99960,1,0,0:0:0:0:
64,192,99960,1,0,0:0:0:0:
320,192,100025,1,0,0:0:0:0:
448,192,100090,1,0,0:0:0:0:
192,192,100155,1,0,0:0:0:0:
64,192,100220,1,0,0:0:0:0:
320,192,100220,1,0,0:0:0:0:
448,192,100220,1,0,0:0:0:0:
192,192,100285,1,0,0:0:0:0:
64,192,100350,1,0,0:0:0:0:
320,192,100415,1,0,0:0:0:0:
64,192,100480,1,0,0:0:0:0:
192,192,100480,1,0,0:0:0:0:
320,192,100544,1,0,0:0:0:0:
448,192,100609,1,0,0:0:0:0:
64,192,100609,1,0,0:0:0:0:
192,192,100674,1,0,0:0:0:0:
448,192,100739,1,0,0:0:0:0:
320,192,100739,1,0,0:0:0:0:
64,192,100804,1,0,0:0:0:0:
192,192,100869,1,0,0:0:0:0:
320,192,100869,1,0,0:0:0:0:
448,192,100934,1,0,0:0:0:0:
64,192,100999,1,0,0:0:0:0:
320,192,100999,1,0,0:0:0:0:
192,192,101064,1,0,0:0:0:0:
448,192,101129,1,0,0:0:0:0:
320,192,101129,1,0,0:0:0:0:
64,192,101194,1,0,0:0:0:0:
192,192,101259,1,0,0:0:0:0:
320,192,101324,1,0,0:0:0:0:
448,192,101389,1,0,0:0:0:0:
192,192,101389,1,0,0:0:0:0:
64,192,101454,1,0,0:0:0:0:
448,192,101518,1,0,0:0:0:0:
320,192,101583,1,0,0:0:0:0:
192,192,101648,1,0,0:0:0:0:
64,192,101648,1,0,0:0:0:0:
320,192,101713,1,0,0:0:0:0:
192,192,101778,1,0,0:0:0:0:
64,192,101843,1,0,0:0:0:0:
320,192,101908,1,0,0:0:0:0:
448,192,101908,1,0,0:0:0:0:
192,192,101973,1,0,0:0:0:0:
320,192,102038,1,0,0:0:0:0:
448,192,102038,1,0,0:0:0:0:
64,192,102103,1,0,0:0:0:0:
192,192,102168,1,0,0:0:0:0:
448,192,102168,1,0,0:0:0:0:
64,192,102233,1,0,0:0:0:0:
192,192,102298,1,0,0:0:0:0:
320,192,102298,1,0,0:0:0:0:
448,192,102363,1,0,0:0:0:0:
64,192,102428,1,0,0:0:0:0:
192,192,102492,1,0,0:0:0:0:
320,192,102557,1,0,0:0:0:0:
448,192,102557,1,0,0:0:0:0:
64,192,102622,1,0,0:0:0:0:
192,192,102687,1,0,0:0:0:0:
320,192,102687,1,0,0:0:0:0:
448,192,102752,1,0,0:0:0:0:
192,192,102817,1,0,0:0:0:0:
64,192,102817,1,0,0:0:0:0:
320,192,102882,1,0,0:0:0:0:
64,192,102947,1,0,0:0:0:0:
448,192,102947,1,0,0:0:0:0:
320,192,103012,1,0,0:0:0:0:
64,192,103077,1,0,0:0:0:0:
192,192,103077,1,0,0:0:0:0:
320,192,103142,1,0,0:0:0:0:
64,192,103207,1,0,0:0:0:0:
192,192,103207,1,0,0:0:0:0:
448,192,103272,1,0,0:0:0:0:
320,192,103337,1,0,0:0:0:0:
192,192,103402,1,0,0:0:0:0:
320,192,103467,1,0,0:0:0:0:
64,192,103467,1,0,0:0:0:0:
448,192,103531,1,0,0:0:0:0:
64,192,103596,1,0,0:0:0:0:
192,192,103661,1,0,0:0:0:0:
320,192,103726,1,0,0:0:0:0:
448,192,103726,1,0,0:0:0:0:
192,192,103791,1,0,0:0:0:0:
448,192,103856,1,0,0:0:0:0:
320,192,103921,1,0,0:0:0:0:
64,192,103986,1,0,0:0:0:0:
192,192,103986,1,0,0:0:0:0:
448,192,104051,1,0,0:0:0:0:
320,192,104051,1,0,0:0:0:0:
64,192,104116,1,0,0:0:0:0:
192,192,104116,1,0,0:0:0:0:
448,192,104181,1,0,0:0:0:0:
320,192,104246,1,0,0:0:0:0:
192,192,104246,1,0,0:0:0:0:
64,192,104311,1,0,0:0:0:0:
448,192,104376,1,0,0:0:0:0:
192,192,104376,1,0,0:0:0:0:
320,192,104376,1,0,0:0:0:0:
64,192,104441,1,0,0:0:0:0:
320,192,104505,1,0,0:0:0:0:
192,192,104570,1,0,0:0:0:0:
448,192,104635,1,0,0:0:0:0:
64,192,104635,1,0,0:0:0:0:
320,192,104700,1,0,0:0:0:0:
192,192,104765,1,0,0:0:0:0:
64,192,104765,1,0,0:0:0:0:
448,192,104830,1,0,0:0:0:0:
320,192,104895,1,0,0:0:0:0:
192,192,104895,1,0,0:0:0:0:
64,192,104960,1,0,0:0:0:0:
448,192,105025,1,0,0:0:0:0:
320,192,105025,1,0,0:0:0:0:
192,192,105090,1,0,0:0:0:0:
64,192,105155,1,0,0:0:0:0:
320,192,105155,1,0,0:0:0:0:
192,192,105220,1,0,0:0:0:0:
448,192,105285,1,0,0:0:0:0:
64,192,105285,1,0,0:0:0:0:
320,192,105350,1,0,0:0:0:0:
192,192,105415,1,0,0:0:0:0:
448,192,105480,1,0,0:0:0:0:
192,192,105544,1,0,0:0:0:0:
320,192,105544,1,0,0:0:0:0:
64,192,105609,1,0,0:0:0:0:
192,192,105674,1,0,0:0:0:0:
320,192,105739,1,0,0:0:0:0:
192,192,105804,1,0,0:0:0:0:
448,192,105804,1,0,0:0:0:0:
64,192,105869,1,0,0:0:0:0:
320,192,105934,1,0,0:0:0:0:
192,192,105934,1,0,0:0:0:0:
64,192,105999,1,0,0:0:0:0:
448,192,106064,1,0,0:0:0:0:
192,192,106064,1,0,0:0:0:0:
320,192,106129,1,0,0:0:0:0:
448,192,106194,1,0,0:0:0:0:
64,192,106194,1,0,0:0:0:0:
192,192,106259,1,0,0:0:0:0:
448,192,106324,1,0,0:0:0:0:
64,192,106324,1,0,0:0:0:0:
320,192,106389,1,0,0:0:0:0:
64,192,106454,1,0,0:0:0:0:
192,192,106454,1,0,0:0:0:0:
448,192,106518,1,0,0:0:0:0:
320,192,106583,1,0,0:0:0:0:
64,192,106648,1,0,0:0:0:0:
192,192,106713,1,0,0:0:0:0:
448,192,106713,1,0,0:0:0:0:
320,192,106778,1,0,0:0:0:0:
64,192,106843,1,0,0:0:0:0:
192,192,106843,1,0,0:0:0:0:
320,192,106908,1,0,0:0:0:0:
448,192,106973,1,0,0:0:0:0:
64,192,106973,1,0,0:0:0:0:
192,192,107038,1,0,0:0:0:0:
448,192,107103,1,0,0:0:0:0:
320,192,107103,1,0,0:0:0:0:
64,192,107168,1,0,0:0:0:0:
320,192,107233,1,0,0:0:0:0:
192,192,107233,1,0,0:0:0:0:
448,192,107298,1,0,0:0:0:0:
320,192,107363,5,0,0:0:0:0:
64,192,107363,1,0,0:0:0:0:
192,192,107428,1,0,0:0:0:0:
64,192,107492,5,0,0:0:0:0:
320,192,107557,1,0,0:0:0:0:
192,192,107622,1,0,0:0:0:0:
448,192,107622,1,0,0:0:0:0:
64,192,107622,1,0,0:0:0:0:
320,192,107687,1,0,0:0:0:0:
192,192,107752,1,0,0:0:0:0:
64,192,107817,1,0,0:0:0:0:
192,192,107882,1,0,0:0:0:0:
320,192,107882,1,0,0:0:0:0:
448,192,107882,1,0,0:0:0:0:
64,192,107947,1,0,0:0:0:0:
192,192,108012,1,0,0:0:0:0:
448,192,108077,1,0,0:0:0:0:
64,192,108142,1,0,0:0:0:0:
320,192,108142,1,0,0:0:0:0:
192,192,108142,1,0,0:0:0:0:
448,192,108207,1,0,0:0:0:0:
64,192,108272,1,0,0:0:0:0:
320,192,108272,1,0,0:0:0:0:
192,192,108337,1,0,0:0:0:0:
448,192,108402,1,0,0:0:0:0:
320,192,108402,1,0,0:0:0:0:
192,192,108467,1,0,0:0:0:0:
64,192,108531,1,0,0:0:0:0:
320,192,108531,1,0,0:0:0:0:
448,192,108531,1,0,0:0:0:0:
192,192,108791,1,0,0:0:0:0:
320,192,109051,1,0,0:0:0:0:
64,192,109181,1,0,0:0:0:0:
448,192,109311,1,0,0:0:0:0:
320,192,109376,1,0,0:0:0:0:
192,192,109441,1,0,0:0:0:0:
64,192,109505,1,0,0:0:0:0:
320,192,109570,1,0,0:0:0:0:
448,192,109570,1,0,0:0:0:0:
192,192,109570,1,0,0:0:0:0:
192,192,109700,1,0,0:0:0:0:
448,192,109700,1,0,0:0:0:0:
192,192,109960,1,0,0:0:0:0:
448,192,109960,1,0,0:0:0:0:
192,192,110220,1,0,0:0:0:0:
448,192,110220,1,0,0:0:0:0:
192,192,110480,1,0,0:0:0:0:
448,192,110480,1,0,0:0:0:0:
64,192,110609,1,0,0:0:0:0:
192,192,110739,1,0,0:0:0:0:
320,192,110739,1,0,0:0:0:0:
192,192,110999,1,0,0:0:0:0:
320,192,110999,1,0,0:0:0:0:
64,192,111129,1,0,0:0:0:0:
192,192,111259,1,0,0:0:0:0:
448,192,111259,1,0,0:0:0:0:
320,192,111389,1,0,0:0:0:0:
192,192,111518,1,0,0:0:0:0:
64,192,111518,1,0,0:0:0:0:
448,192,111648,1,0,0:0:0:0:
64,192,111778,1,0,0:0:0:0:
320,192,111778,1,0,0:0:0:0:
320,192,112038,1,0,0:0:0:0:
64,192,112038,1,0,0:0:0:0:
64,192,112298,1,0,0:0:0:0:
320,192,112298,1,0,0:0:0:0:
320,192,112557,1,0,0:0:0:0:
64,192,112557,1,0,0:0:0:0:
448,192,112687,1,0,0:0:0:0:
320,192,112817,1,0,0:0:0:0:
192,192,112817,1,0,0:0:0:0:
320,192,113077,1,0,0:0:0:0:
192,192,113077,1,0,0:0:0:0:
64,192,113207,1,0,0:0:0:0:
192,192,113337,1,0,0:0:0:0:
320,192,113337,1,0,0:0:0:0:
448,192,113467,1,0,0:0:0:0:
64,192,113467,1,0,0:0:0:0:
320,192,113467,1,0,0:0:0:0:
192,192,113596,1,0,0:0:0:0:
64,192,113726,1,0,0:0:0:0:
448,192,113726,1,0,0:0:0:0:
192,192,113726,1,0,0:0:0:0:
320,192,113856,1,0,0:0:0:0:
448,192,113856,1,0,0:0:0:0:
192,192,113921,1,0,0:0:0:0:
448,192,113986,1,0,0:0:0:0:
64,192,114116,1,0,0:0:0:0:
192,192,114116,1,0,0:0:0:0:
320,192,114181,1,0,0:0:0:0:
192,192,114246,1,0,0:0:0:0:
64,192,114311,1,0,0:0:0:0:
448,192,114376,1,0,0:0:0:0:
320,192,114376,1,0,0:0:0:0:
192,192,114505,1,0,0:0:0:0:
320,192,114570,1,0,0:0:0:0:
448,192,114635,1,0,0:0:0:0:
64,192,114635,1,0,0:0:0:0:
192,192,114700,1,0,0:0:0:0:
448,192,114765,1,0,0:0:0:0:
320,192,114830,1,0,0:0:0:0:
192,192,114895,1,0,0:0:0:0:
64,192,114895,1,0,0:0:0:0:
448,192,115025,1,0,0:0:0:0:
320,192,115155,1,0,0:0:0:0:
64,192,115155,1,0,0:0:0:0:
192,192,115220,1,0,0:0:0:0:
448,192,115285,1,0,0:0:0:0:
320,192,115350,1,0,0:0:0:0:
192,192,115415,1,0,0:0:0:0:
64,192,115415,1,0,0:0:0:0:
320,192,115544,1,0,0:0:0:0:
192,192,115674,1,0,0:0:0:0:
64,192,115674,1,0,0:0:0:0:
320,192,115739,1,0,0:0:0:0:
448,192,115804,1,0,0:0:0:0:
320,192,115934,1,0,0:0:0:0:
192,192,115934,1,0,0:0:0:0:
448,192,116064,1,0,0:0:0:0:
64,192,116194,1,0,0:0:0:0:
192,192,116194,1,0,0:0:0:0:
448,192,116259,1,0,0:0:0:0:
320,192,116324,1,0,0:0:0:0:
64,192,116389,1,0,0:0:0:0:
320,192,116454,1,0,0:0:0:0:
192,192,116454,1,0,0:0:0:0:
320,192,116583,1,0,0:0:0:0:
192,192,116648,1,0,0:0:0:0:
448,192,116713,1,0,0:0:0:0:
64,192,116713,1,0,0:0:0:0:
320,192,116778,1,0,0:0:0:0:
64,192,116843,1,0,0:0:0:0:
192,192,116908,1,0,0:0:0:0:
448,192,116973,1,0,0:0:0:0:
64,192,116973,1,0,0:0:0:0:
320,192,117038,1,0,0:0:0:0:
448,192,117103,1,0,0:0:0:0:
64,192,117168,1,0,0:0:0:0:
320,192,117233,1,0,0:0:0:0:
192,192,117233,1,0,0:0:0:0:
64,192,117363,1,0,0:0:0:0:
192,192,117428,1,0,0:0:0:0:
320,192,117492,1,0,0:0:0:0:
448,192,117492,1,0,0:0:0:0:
192,192,117557,1,0,0:0:0:0:
448,192,117622,1,0,0:0:0:0:
320,192,117687,1,0,0:0:0:0:
192,192,117752,1,0,0:0:0:0:
64,192,117752,1,0,0:0:0:0:
64,192,117882,1,0,0:0:0:0:
320,192,117882,1,0,0:0:0:0:
448,192,117882,1,0,0:0:0:0:
192,192,117947,1,0,0:0:0:0:
448,192,118012,1,0,0:0:0:0:
320,192,118012,1,0,0:0:0:0:
64,192,118077,1,0,0:0:0:0:
448,192,118142,1,0,0:0:0:0:
320,192,118207,1,0,0:0:0:0:
192,192,118272,1,0,0:0:0:0:
64,192,118272,1,0,0:0:0:0:
320,192,118337,1,0,0:0:0:0:
64,192,118402,1,0,0:0:0:0:
192,192,118467,1,0,0:0:0:0:
448,192,118531,1,0,0:0:0:0:
320,192,118531,1,0,0:0:0:0:
192,192,118596,1,0,0:0:0:0:
64,192,118661,1,0,0:0:0:0:
320,192,118726,1,0,0:0:0:0:
448,192,118791,1,0,0:0:0:0:
192,192,118791,1,0,0:0:0:0:
320,192,118856,1,0,0:0:0:0:
192,192,118921,1,0,0:0:0:0:
64,192,118986,1,0,0:0:0:0:
320,192,119051,1,0,0:0:0:0:
448,192,119051,1,0,0:0:0:0:
192,192,119116,1,0,0:0:0:0:
320,192,119181,1,0,0:0:0:0:
448,192,119246,1,0,0:0:0:0:
64,192,119311,1,0,0:0:0:0:
192,192,119311,1,0,0:0:0:0:
320,192,119376,1,0,0:0:0:0:
192,192,119441,1,0,0:0:0:0:
64,192,119505,1,0,0:0:0:0:
320,192,119570,1,0,0:0:0:0:
448,192,119570,1,0,0:0:0:0:
192,192,119635,1,0,0:0:0:0:
448,192,119700,1,0,0:0:0:0:
320,192,119765,1,0,0:0:0:0:
192,192,119830,1,0,0:0:0:0:
64,192,119830,1,0,0:0:0:0:
448,192,119895,1,0,0:0:0:0:
320,192,119960,1,0,0:0:0:0:
192,192,120025,1,0,0:0:0:0:
320,192,120090,1,0,0:0:0:0:
64,192,120090,1,0,0:0:0:0:
448,192,120155,1,0,0:0:0:0:
192,192,120220,1,0,0:0:0:0:
320,192,120285,1,0,0:0:0:0:
64,192,120350,1,0,0:0:0:0:
192,192,120350,1,0,0:0:0:0:
448,192,120415,1,0,0:0:0:0:
320,192,120480,1,0,0:0:0:0:
192,192,120544,1,0,0:0:0:0:
320,192,120609,1,0,0:0:0:0:
64,192,120609,1,0,0:0:0:0:
448,192,120674,1,0,0:0:0:0:
192,192,120739,1,0,0:0:0:0:
320,192,120804,1,0,0:0:0:0:
64,192,120869,1,0,0:0:0:0:
448,192,120869,1,0,0:0:0:0:
192,192,120934,1,0,0:0:0:0:
448,192,120999,1,0,0:0:0:0:
320,192,121064,1,0,0:0:0:0:
192,192,121129,1,0,0:0:0:0:
64,192,121129,1,0,0:0:0:0:
448,192,121194,1,0,0:0:0:0:
320,192,121259,1,0,0:0:0:0:
64,192,121324,1,0,0:0:0:0:
192,192,121389,1,0,0:0:0:0:
320,192,121389,1,0,0:0:0:0:
448,192,121454,1,0,0:0:0:0:
192,192,121518,1,0,0:0:0:0:
320,192,121583,1,0,0:0:0:0:
64,192,121648,1,0,0:0:0:0:
192,192,121648,1,0,0:0:0:0:
448,192,121713,1,0,0:0:0:0:
320,192,121778,1,0,0:0:0:0:
192,192,121843,1,0,0:0:0:0:
64,192,121908,1,0,0:0:0:0:
448,192,121908,1,0,0:0:0:0:
320,192,121973,1,0,0:0:0:0:
64,192,122038,1,0,0:0:0:0:
192,192,122103,1,0,0:0:0:0:
448,192,122168,1,0,0:0:0:0:
320,192,122168,1,0,0:0:0:0:
64,192,122233,1,0,0:0:0:0:
192,192,122298,1,0,0:0:0:0:
320,192,122363,1,0,0:0:0:0:
192,192,122428,1,0,0:0:0:0:
448,192,122428,1,0,0:0:0:0:
64,192,122492,1,0,0:0:0:0:
320,192,122557,1,0,0:0:0:0:
192,192,122622,1,0,0:0:0:0:
448,192,122687,1,0,0:0:0:0:
64,192,122687,1,0,0:0:0:0:
320,192,122752,1,0,0:0:0:0:
448,192,122817,1,0,0:0:0:0:
192,192,122882,1,0,0:0:0:0:
448,192,122947,1,0,0:0:0:0:
320,192,122947,1,0,0:0:0:0:
64,192,123012,1,0,0:0:0:0:
192,192,123077,1,0,0:0:0:0:
320,192,123142,1,0,0:0:0:0:
192,192,123207,1,0,0:0:0:0:
64,192,123207,1,0,0:0:0:0:
448,192,123272,1,0,0:0:0:0:
192,192,123337,1,0,0:0:0:0:
320,192,123402,1,0,0:0:0:0:
64,192,123467,1,0,0:0:0:0:
448,192,123467,1,0,0:0:0:0:
192,192,123531,1,0,0:0:0:0:
64,192,123596,1,0,0:0:0:0:
448,192,123661,1,0,0:0:0:0:
192,192,123726,1,0,0:0:0:0:
64,192,123726,1,0,0:0:0:0:
320,192,123791,1,0,0:0:0:0:
192,192,123856,1,0,0:0:0:0:
64,192,123921,1,0,0:0:0:0:
320,192,123986,1,0,0:0:0:0:
448,192,123986,1,0,0:0:0:0:
192,192,124051,1,0,0:0:0:0:
64,192,124116,1,0,0:0:0:0:
448,192,124181,1,0,0:0:0:0:
64,192,124246,1,0,0:0:0:0:
320,192,124246,1,0,0:0:0:0:
192,192,124311,1,0,0:0:0:0:
320,192,124376,1,0,0:0:0:0:
448,192,124441,1,0,0:0:0:0:
64,192,124505,1,0,0:0:0:0:
192,192,124505,1,0,0:0:0:0:
320,192,124570,1,0,0:0:0:0:
448,192,124635,1,0,0:0:0:0:
192,192,124700,1,0,0:0:0:0:
320,192,124765,1,0,0:0:0:0:
448,192,124765,1,0,0:0:0:0:
64,192,124830,1,0,0:0:0:0:
192,192,124895,1,0,0:0:0:0:
320,192,124960,1,0,0:0:0:0:
64,192,125025,1,0,0:0:0:0:
448,192,125025,1,0,0:0:0:0:
192,192,125090,1,0,0:0:0:0:
320,192,125155,1,0,0:0:0:0:
64,192,125220,1,0,0:0:0:0:
320,192,125285,1,0,0:0:0:0:
192,192,125285,1,0,0:0:0:0:
64,192,125350,1,0,0:0:0:0:
320,192,125415,1,0,0:0:0:0:
448,192,125480,1,0,0:0:0:0:
192,192,125544,1,0,0:0:0:0:
64,192,125544,1,0,0:0:0:0:
320,192,125609,1,0,0:0:0:0:
448,192,125674,1,0,0:0:0:0:
192,192,125739,1,0,0:0:0:0:
64,192,125804,1,0,0:0:0:0:
448,192,125804,1,0,0:0:0:0:
320,192,125869,1,0,0:0:0:0:
192,192,125934,1,0,0:0:0:0:
64,192,125934,1,0,0:0:0:0:
448,192,125999,1,0,0:0:0:0:
64,192,126064,1,0,0:0:0:0:
192,192,126129,1,0,0:0:0:0:
64,192,126194,1,0,0:0:0:0:
320,192,126194,1,0,0:0:0:0:
448,192,126194,1,0,0:0:0:0:
192,192,126259,1,0,0:0:0:0:
448,192,126324,1,0,0:0:0:0:
320,192,126324,1,0,0:0:0:0:
64,192,126389,1,0,0:0:0:0:
448,192,126454,1,0,0:0:0:0:
192,192,126454,1,0,0:0:0:0:
320,192,126518,1,0,0:0:0:0:
192,192,126583,1,0,0:0:0:0:
64,192,126583,1,0,0:0:0:0:
320,192,126648,1,0,0:0:0:0:
64,192,126713,1,0,0:0:0:0:
448,192,126713,1,0,0:0:0:0:
192,192,126778,1,0,0:0:0:0:
448,192,126843,1,0,0:0:0:0:
320,192,126843,1,0,0:0:0:0:
192,192,126908,1,0,0:0:0:0:
64,192,126973,1,0,0:0:0:0:
448,192,126973,1,0,0:0:0:0:
320,192,127038,1,0,0:0:0:0:
192,192,127103,1,0,0:0:0:0:
64,192,127103,1,0,0:0:0:0:
320,192,127168,1,0,0:0:0:0:
448,192,127233,1,0,0:0:0:0:
192,192,127233,1,0,0:0:0:0:
64,192,127298,1,0,0:0:0:0:
320,192,127363,1,0,0:0:0:0:
448,192,127363,1,0,0:0:0:0:
192,192,127428,1,0,0:0:0:0:
320,192,127492,1,0,0:0:0:0:
64,192,127492,1,0,0:0:0:0:
448,192,127557,1,0,0:0:0:0:
64,192,127622,1,0,0:0:0:0:
192,192,127622,1,0,0:0:0:0:
320,192,127687,1,0,0:0:0:0:
192,192,127752,1,0,0:0:0:0:
448,192,127752,1,0,0:0:0:0:
64,192,127817,1,0,0:0:0:0:
320,192,127882,1,0,0:0:0:0:
448,192,127882,1,0,0:0:0:0:
192,192,127947,1,0,0:0:0:0:
448,192,128012,1,0,0:0:0:0:
64,192,128012,1,0,0:0:0:0:
320,192,128077,1,0,0:0:0:0:
192,192,128142,1,0,0:0:0:0:
64,192,128142,1,0,0:0:0:0:
320,192,128207,1,0,0:0:0:0:
64,192,128272,1,0,0:0:0:0:
192,192,128272,1,0,0:0:0:0:
448,192,128337,1,0,0:0:0:0:
320,192,128402,1,0,0:0:0:0:
64,192,128402,1,0,0:0:0:0:
192,192,128467,1,0,0:0:0:0:
320,192,128531,1,0,0:0:0:0:
448,192,128531,1,0,0:0:0:0:
192,192,128596,1,0,0:0:0:0:
320,192,128661,1,0,0:0:0:0:
448,192,128661,1,0,0:0:0:0:
64,192,128726,1,0,0:0:0:0:
192,192,128791,1,0,0:0:0:0:
320,192,128791,1,0,0:0:0:0:
448,192,128856,1,0,0:0:0:0:
320,192,128921,1,0,0:0:0:0:
64,192,128921,1,0,0:0:0:0:
448,192,128986,1,0,0:0:0:0:
192,192,129051,1,0,0:0:0:0:
64,192,129051,1,0,0:0:0:0:
320,192,129116,1,0,0:0:0:0:
64,192,129181,1,0,0:0:0:0:
448,192,129181,1,0,0:0:0:0:
192,192,129246,1,0,0:0:0:0:
448,192,129311,1,0,0:0:0:0:
64,192,129311,1,0,0:0:0:0:
320,192,129376,1,0,0:0:0:0:
192,192,129441,1,0,0:0:0:0:
64,192,129441,1,0,0:0:0:0:
448,192,129505,1,0,0:0:0:0:
320,192,129570,1,0,0:0:0:0:
192,192,129570,1,0,0:0:0:0:
64,192,129635,1,0,0:0:0:0:
192,192,129700,1,0,0:0:0:0:
320,192,129700,1,0,0:0:0:0:
448,192,129765,1,0,0:0:0:0:
192,192,129830,1,0,0:0:0:0:
64,192,129830,1,0,0:0:0:0:
320,192,129895,1,0,0:0:0:0:
64,192,129960,1,0,0:0:0:0:
192,192,129960,1,0,0:0:0:0:
448,192,130025,1,0,0:0:0:0:
320,192,130090,1,0,0:0:0:0:
64,192,130090,1,0,0:0:0:0:
192,192,130155,1,0,0:0:0:0:
64,192,130220,1,0,0:0:0:0:
448,192,130220,1,0,0:0:0:0:
320,192,130285,1,0,0:0:0:0:
64,192,130350,1,0,0:0:0:0:
448,192,130350,1,0,0:0:0:0:
192,192,130415,1,0,0:0:0:0:
448,192,130480,1,0,0:0:0:0:
320,192,130480,1,0,0:0:0:0:
64,192,130544,1,0,0:0:0:0:
192,192,130609,1,0,0:0:0:0:
448,192,130609,1,0,0:0:0:0:
320,192,130674,1,0,0:0:0:0:
192,192,130739,1,0,0:0:0:0:
64,192,130739,1,0,0:0:0:0:
448,192,130804,1,0,0:0:0:0:
320,192,130869,1,0,0:0:0:0:
192,192,130869,1,0,0:0:0:0:
64,192,130934,1,0,0:0:0:0:
448,192,130999,1,0,0:0:0:0:
192,192,130999,1,0,0:0:0:0:
320,192,131064,1,0,0:0:0:0:
448,192,131129,1,0,0:0:0:0:
64,192,131129,1,0,0:0:0:0:
192,192,131194,1,0,0:0:0:0:
448,192,131259,1,0,0:0:0:0:
320,192,131259,1,0,0:0:0:0:
64,192,131324,1,0,0:0:0:0:
192,192,131389,1,0,0:0:0:0:
448,192,131389,1,0,0:0:0:0:
320,192,131454,1,0,0:0:0:0:
64,192,131518,1,0,0:0:0:0:
448,192,131518,1,0,0:0:0:0:
192,192,131583,1,0,0:0:0:0:
448,192,131648,1,0,0:0:0:0:
64,192,131648,1,0,0:0:0:0:
320,192,131713,1,0,0:0:0:0:
64,192,131778,1,0,0:0:0:0:
448,192,131778,1,0,0:0:0:0:
192,192,131843,1,0,0:0:0:0:
320,192,131908,1,0,0:0:0:0:
448,192,131908,1,0,0:0:0:0:
192,192,131973,1,0,0:0:0:0:
64,192,132038,1,0,0:0:0:0:
448,192,132038,1,0,0:0:0:0:
320,192,132103,1,0,0:0:0:0:
192,192,132168,1,0,0:0:0:0:
448,192,132168,1,0,0:0:0:0:
64,192,132233,1,0,0:0:0:0:
320,192,132298,1,0,0:0:0:0:
448,192,132298,1,0,0:0:0:0:
192,192,132363,1,0,0:0:0:0:
64,192,132428,1,0,0:0:0:0:
320,192,132428,1,0,0:0:0:0:
448,192,132492,1,0,0:0:0:0:
64,192,132557,1,0,0:0:0:0:
320,192,132557,1,0,0:0:0:0:
192,192,132622,1,0,0:0:0:0:
448,192,132687,1,0,0:0:0:0:
64,192,132687,1,0,0:0:0:0:
320,192,132752,1,0,0:0:0:0:
64,192,132817,1,0,0:0:0:0:
192,192,132817,1,0,0:0:0:0:
320,192,132882,1,0,0:0:0:0:
448,192,132947,1,0,0:0:0:0:
64,192,132947,1,0,0:0:0:0:
192,192,133012,1,0,0:0:0:0:
320,192,133077,1,0,0:0:0:0:
448,192,133077,1,0,0:0:0:0:
64,192,133142,1,0,0:0:0:0:
192,192,133207,1,0,0:0:0:0:
448,192,133207,1,0,0:0:0:0:
320,192,133272,1,0,0:0:0:0:
64,192,133337,5,0,0:0:0:0:
448,192,133337,1,0,0:0:0:0:
192,192,133402,1,0,0:0:0:0:
320,192,133467,1,0,0:0:0:0:
448,192,133467,1,0,0:0:0:0:
64,192,133531,1,0,0:0:0:0:
320,192,133596,1,0,0:0:0:0:
192,192,133596,1,0,0:0:0:0:
64,192,133661,1,0,0:0:0:0:
320,192,133726,1,0,0:0:0:0:
192,192,133726,1,0,0:0:0:0:
448,192,133791,1,0,0:0:0:0:
192,192,133856,1,0,0:0:0:0:
64,192,133856,1,0,0:0:0:0:
320,192,133921,1,0,0:0:0:0:
64,192,133986,1,0,0:0:0:0:
192,192,133986,1,0,0:0:0:0:
320,192,134051,1,0,0:0:0:0:
64,192,134116,1,0,0:0:0:0:
448,192,134116,1,0,0:0:0:0:
192,192,134181,1,0,0:0:0:0:
448,192,134246,1,0,0:0:0:0:
320,192,134246,1,0,0:0:0:0:
192,192,134311,1,0,0:0:0:0:
320,192,134376,1,0,0:0:0:0:
448,192,134376,1,0,0:0:0:0:
192,192,134441,1,0,0:0:0:0:
320,192,134505,5,0,0:0:0:0:
448,192,134505,1,0,0:0:0:0:
64,192,134505,1,0,0:0:0:0:
192,192,134635,1,0,0:0:0:0:
64,192,134635,1,0,0:0:0:0:
320,192,134700,1,0,0:0:0:0:
448,192,134765,1,0,0:0:0:0:
64,192,134765,1,0,0:0:0:0:
192,192,134895,1,0,0:0:0:0:
64,192,134960,1,0,0:0:0:0:
320,192,135025,1,0,0:0:0:0:
448,192,135025,1,0,0:0:0:0:
192,192,135090,1,0,0:0:0:0:
320,192,135155,1,0,0:0:0:0:
64,192,135155,1,0,0:0:0:0:
320,192,135285,1,0,0:0:0:0:
448,192,135285,1,0,0:0:0:0:
192,192,135415,1,0,0:0:0:0:
320,192,135480,1,0,0:0:0:0:
64,192,135544,1,0,0:0:0:0:
192,192,135609,1,0,0:0:0:0:
320,192,135674,1,0,0:0:0:0:
448,192,135674,1,0,0:0:0:0:
64,192,135804,1,0,0:0:0:0:
192,192,135804,1,0,0:0:0:0:
448,192,135934,1,0,0:0:0:0:
192,192,135999,1,0,0:0:0:0:
64,192,136064,1,0,0:0:0:0:
320,192,136064,1,0,0:0:0:0:
448,192,136194,1,0,0:0:0:0:
192,192,136194,1,0,0:0:0:0:
192,192,136324,1,0,0:0:0:0:
64,192,136324,1,0,0:0:0:0:
320,192,136454,1,0,0:0:0:0:
448,192,136454,1,0,0:0:0:0:
192,192,136583,1,0,0:0:0:0:
64,192,136583,1,0,0:0:0:0:
192,192,136713,1,0,0:0:0:0:
448,192,136713,1,0,0:0:0:0:
320,192,136843,1,0,0:0:0:0:
64,192,136843,1,0,0:0:0:0:
448,192,136973,1,0,0:0:0:0:
320,192,137038,1,0,0:0:0:0:
192,192,137103,1,0,0:0:0:0:
448,192,137168,1,0,0:0:0:0:
320,192,137233,1,0,0:0:0:0:
192,192,137233,1,0,0:0:0:0:
448,192,137363,1,0,0:0:0:0:
64,192,137363,1,0,0:0:0:0:
64,192,137492,1,0,0:0:0:0:
192,192,137557,1,0,0:0:0:0:
320,192,137622,1,0,0:0:0:0:
64,192,137687,1,0,0:0:0:0:
192,192,137752,1,0,0:0:0:0:
320,192,137752,1,0,0:0:0:0:
448,192,137882,1,0,0:0:0:0:
64,192,137882,1,0,0:0:0:0:
320,192,138012,1,0,0:0:0:0:
448,192,138077,1,0,0:0:0:0:
192,192,138142,1,0,0:0:0:0:
64,192,138142,1,0,0:0:0:0:
192,192,138272,1,0,0:0:0:0:
64,192,138272,1,0,0:0:0:0:
448,192,138402,1,0,0:0:0:0:
320,192,138402,1,0,0:0:0:0:
192,192,138531,1,0,0:0:0:0:
64,192,138531,1,0,0:0:0:0:
64,192,138661,1,0,0:0:0:0:
192,192,138661,1,0,0:0:0:0:
448,192,138726,1,0,0:0:0:0:
320,192,138791,1,0,0:0:0:0:
192,192,138856,1,0,0:0:0:0:
448,192,138921,1,0,0:0:0:0:
64,192,138921,1,0,0:0:0:0:
192,192,139051,1,0,0:0:0:0:
448,192,139116,1,0,0:0:0:0:
320,192,139181,1,0,0:0:0:0:
64,192,139246,1,0,0:0:0:0:
192,192,139311,1,0,0:0:0:0:
448,192,139311,1,0,0:0:0:0:
448,192,139441,1,0,0:0:0:0:
320,192,139441,1,0,0:0:0:0:
320,192,139570,1,0,0:0:0:0:
64,192,139635,1,0,0:0:0:0:
192,192,139700,1,0,0:0:0:0:
448,192,139765,1,0,0:0:0:0:
320,192,139830,1,0,0:0:0:0:
64,192,139830,1,0,0:0:0:0:
192,192,139960,1,0,0:0:0:0:
64,192,139960,1,0,0:0:0:0:
320,192,140090,1,0,0:0:0:0:
192,192,140155,1,0,0:0:0:0:
320,192,140220,1,0,0:0:0:0:
64,192,140220,1,0,0:0:0:0:
192,192,140350,1,0,0:0:0:0:
448,192,140350,1,0,0:0:0:0:
320,192,140480,1,0,0:0:0:0:
64,192,140480,1,0,0:0:0:0:
192,192,140609,1,0,0:0:0:0:
448,192,140609,1,0,0:0:0:0:
448,192,140739,1,0,0:0:0:0:
320,192,140739,1,0,0:0:0:0:
192,192,140869,1,0,0:0:0:0:
64,192,140869,1,0,0:0:0:0:
448,192,140999,1,0,0:0:0:0:
320,192,140999,1,0,0:0:0:0:
64,192,141129,1,0,0:0:0:0:
192,192,141194,1,0,0:0:0:0:
448,192,141259,1,0,0:0:0:0:
192,192,141324,1,0,0:0:0:0:
320,192,141389,1,0,0:0:0:0:
448,192,141389,1,0,0:0:0:0:
192,192,141518,1,0,0:0:0:0:
64,192,141518,1,0,0:0:0:0:
448,192,141648,1,0,0:0:0:0:
192,192,141713,1,0,0:0:0:0:
320,192,141778,1,0,0:0:0:0:
64,192,141843,1,0,0:0:0:0:
320,192,141908,1,0,0:0:0:0:
448,192,141908,1,0,0:0:0:0:
192,192,142038,1,0,0:0:0:0:
64,192,142038,1,0,0:0:0:0:
448,192,142168,1,0,0:0:0:0:
320,192,142168,1,0,0:0:0:0:
320,192,142298,1,0,0:0:0:0:
64,192,142298,1,0,0:0:0:0:
192,192,142428,1,0,0:0:0:0:
448,192,142428,1,0,0:0:0:0:
448,192,142557,1,0,0:0:0:0:
320,192,142557,1,0,0:0:0:0:
192,192,142687,1,0,0:0:0:0:
64,192,142687,1,0,0:0:0:0:
64,192,142817,1,0,0:0:0:0:
320,192,142817,1,0,0:0:0:0:
448,192,142817,1,0,0:0:0:0:
320,192,142947,1,0,0:0:0:0:
448,192,143012,1,0,0:0:0:0:
320,192,143077,1,0,0:0:0:0:
64,192,143077,1,0,0:0:0:0:
192,192,143207,1,0,0:0:0:0:
64,192,143272,1,0,0:0:0:0:
320,192,143337,1,0,0:0:0:0:
192,192,143402,1,0,0:0:0:0:
320,192,143467,1,0,0:0:0:0:
448,192,143467,1,0,0:0:0:0:
192,192,143596,1,0,0:0:0:0:
64,192,143596,1,0,0:0:0:0:
320,192,143726,1,0,0:0:0:0:
448,192,143791,1,0,0:0:0:0:
192,192,143856,1,0,0:0:0:0:
320,192,143921,1,0,0:0:0:0:
64,192,143986,1,0,0:0:0:0:
192,192,143986,1,0,0:0:0:0:
320,192,144116,1,0,0:0:0:0:
448,192,144116,1,0,0:0:0:0:
192,192,144246,1,0,0:0:0:0:
320,192,144311,1,0,0:0:0:0:
64,192,144376,1,0,0:0:0:0:
192,192,144376,1,0,0:0:0:0:
320,192,144505,1,0,0:0:0:0:
448,192,144505,1,0,0:0:0:0:
192,192,144635,1,0,0:0:0:0:
64,192,144635,1,0,0:0:0:0:
320,192,144765,1,0,0:0:0:0:
448,192,144765,1,0,0:0:0:0:
320,192,144895,1,0,0:0:0:0:
64,192,144895,1,0,0:0:0:0:
192,192,145025,1,0,0:0:0:0:
448,192,145025,1,0,0:0:0:0:
320,192,145155,1,0,0:0:0:0:
64,192,145155,1,0,0:0:0:0:
448,192,145285,1,0,0:0:0:0:
320,192,145350,1,0,0:0:0:0:
64,192,145415,1,0,0:0:0:0:
192,192,145480,1,0,0:0:0:0:
320,192,145544,1,0,0:0:0:0:
448,192,145544,1,0,0:0:0:0:
320,192,145674,1,0,0:0:0:0:
64,192,145674,1,0,0:0:0:0:
192,192,145804,1,0,0:0:0:0:
320,192,145869,1,0,0:0:0:0:
64,192,145934,1,0,0:0:0:0:
448,192,145999,1,0,0:0:0:0:
320,192,146064,1,0,0:0:0:0:
192,192,146064,1,0,0:0:0:0:
448,192,146194,1,0,0:0:0:0:
192,192,146194,1,0,0:0:0:0:
320,192,146324,1,0,0:0:0:0:
192,192,146389,1,0,0:0:0:0:
320,192,146454,1,0,0:0:0:0:
64,192,146454,1,0,0:0:0:0:
320,192,146583,1,0,0:0:0:0:
64,192,146583,1,0,0:0:0:0:
192,192,146713,1,0,0:0:0:0:
448,192,146713,1,0,0:0:0:0:
320,192,146843,1,0,0:0:0:0:
448,192,146843,1,0,0:0:0:0:
64,192,146973,1,0,0:0:0:0:
192,192,146973,1,0,0:0:0:0:
448,192,146973,1,0,0:0:0:0:
64,192,147103,1,0,0:0:0:0:
192,192,147168,1,0,0:0:0:0:
320,192,147233,1,0,0:0:0:0:
448,192,147233,1,0,0:0:0:0:
192,192,147363,1,0,0:0:0:0:
448,192,147428,1,0,0:0:0:0:
64,192,147492,1,0,0:0:0:0:
320,192,147557,1,0,0:0:0:0:
448,192,147622,1,0,0:0:0:0:
192,192,147622,1,0,0:0:0:0:
320,192,147687,1,0,0:0:0:0:
192,192,147752,1,0,0:0:0:0:
64,192,147752,1,0,0:0:0:0:
448,192,147882,1,0,0:0:0:0:
192,192,147947,1,0,0:0:0:0:
320,192,148012,1,0,0:0:0:0:
64,192,148012,1,0,0:0:0:0:
448,192,148012,1,0,0:0:0:0:
192,192,148077,1,0,0:0:0:0:
320,192,148142,1,0,0:0:0:0:
448,192,148207,1,0,0:0:0:0:
192,192,148272,1,0,0:0:0:0:
64,192,148272,1,0,0:0:0:0:
192,192,148402,1,0,0:0:0:0:
448,192,148467,5,0,0:0:0:0:
320,192,148531,1,0,0:0:0:0:
64,192,148531,1,0,0:0:0:0:
448,192,148661,1,0,0:0:0:0:
192,192,148661,1,0,0:0:0:0:
320,192,148726,1,0,0:0:0:0:
64,192,148791,1,0,0:0:0:0:
192,192,148791,1,0,0:0:0:0:
64,192,148921,1,0,0:0:0:0:
320,192,148921,1,0,0:0:0:0:
192,192,148986,1,0,0:0:0:0:
64,192,149051,1,0,0:0:0:0:
448,192,149051,1,0,0:0:0:0:
320,192,149051,1,0,0:0:0:0:
64,192,149181,1,0,0:0:0:0:
320,192,149181,1,0,0:0:0:0:
192,192,149246,1,0,0:0:0:0:
320,192,149311,1,0,0:0:0:0:
448,192,149311,1,0,0:0:0:0:
448,192,149441,1,0,0:0:0:0:
320,192,149505,1,0,0:0:0:0:
192,192,149570,1,0,0:0:0:0:
64,192,149570,1,0,0:0:0:0:
448,192,149570,1,0,0:0:0:0:
320,192,149635,1,0,0:0:0:0:
64,192,149700,1,0,0:0:0:0:
448,192,149830,1,0,0:0:0:0:
320,192,149830,1,0,0:0:0:0:
64,192,149960,1,0,0:0:0:0:
192,192,150025,1,0,0:0:0:0:
320,192,150090,1,0,0:0:0:0:
448,192,150090,1,0,0:0:0:0:
64,192,150090,1,0,0:0:0:0:
192,192,150155,1,0,0:0:0:0:
448,192,150220,1,0,0:0:0:0:
64,192,150350,1,0,0:0:0:0:
448,192,150350,1,0,0:0:0:0:
320,192,150350,1,0,0:0:0:0:
192,192,150480,1,0,0:0:0:0:
320,192,150544,1,0,0:0:0:0:
64,192,150609,1,0,0:0:0:0:
448,192,150609,1,0,0:0:0:0:
192,192,150609,1,0,0:0:0:0:
320,192,150739,1,0,0:0:0:0:
448,192,150739,1,0,0:0:0:0:
192,192,150804,1,0,0:0:0:0:
64,192,150804,1,0,0:0:0:0:
320,192,150869,1,0,0:0:0:0:
448,192,150869,1,0,0:0:0:0:
192,192,150999,1,0,0:0:0:0:
64,192,150999,1,0,0:0:0:0:
448,192,150999,1,0,0:0:0:0:
64,192,151129,1,0,0:0:0:0:
320,192,151129,1,0,0:0:0:0:
448,192,151129,1,0,0:0:0:0:
192,192,151194,1,0,0:0:0:0:
320,192,151259,1,0,0:0:0:0:
448,192,151324,1,0,0:0:0:0:
64,192,151389,1,0,0:0:0:0:
320,192,151389,1,0,0:0:0:0:
192,192,151454,1,0,0:0:0:0:
320,192,151518,1,0,0:0:0:0:
448,192,151583,1,0,0:0:0:0:
64,192,151648,1,0,0:0:0:0:
192,192,151648,1,0,0:0:0:0:
320,192,151713,1,0,0:0:0:0:
448,192,151778,1,0,0:0:0:0:
192,192,151843,1,0,0:0:0:0:
320,192,151908,1,0,0:0:0:0:
448,192,151908,1,0,0:0:0:0:
192,192,151973,1,0,0:0:0:0:
320,192,152038,1,0,0:0:0:0:
64,192,152038,1,0,0:0:0:0:
448,192,152103,1,0,0:0:0:0:
192,192,152168,1,0,0:0:0:0:
320,192,152168,1,0,0:0:0:0:
448,192,152233,1,0,0:0:0:0:
64,192,152298,1,0,0:0:0:0:
192,192,152298,1,0,0:0:0:0:
448,192,152363,1,0,0:0:0:0:
320,192,152428,1,0,0:0:0:0:
192,192,152428,1,0,0:0:0:0:
64,192,152492,1,0,0:0:0:0:
448,192,152557,1,0,0:0:0:0:
320,192,152557,1,0,0:0:0:0:
64,192,152622,1,0,0:0:0:0:
192,192,152687,1,0,0:0:0:0:
320,192,152687,1,0,0:0:0:0:
448,192,152752,1,0,0:0:0:0:
64,192,152817,1,0,0:0:0:0:
320,192,152817,1,0,0:0:0:0:
192,192,152882,1,0,0:0:0:0:
448,192,152947,1,0,0:0:0:0:
64,192,152947,1,0,0:0:0:0:
320,192,153012,1,0,0:0:0:0:
192,192,153077,1,0,0:0:0:0:
64,192,153077,1,0,0:0:0:0:
448,192,153142,1,0,0:0:0:0:
320,192,153207,1,0,0:0:0:0:
64,192,153207,1,0,0:0:0:0:
192,192,153272,1,0,0:0:0:0:
448,192,153337,1,0,0:0:0:0:
320,192,153402,1,0,0:0:0:0:
64,192,153467,1,0,0:0:0:0:
192,192,153467,1,0,0:0:0:0:
448,192,153531,1,0,0:0:0:0:
320,192,153596,1,0,0:0:0:0:
64,192,153661,1,0,0:0:0:0:
448,192,153726,1,0,0:0:0:0:
192,192,153726,1,0,0:0:0:0:
320,192,153791,1,0,0:0:0:0:
64,192,153856,1,0,0:0:0:0:
192,192,153856,1,0,0:0:0:0:
320,192,153921,1,0,0:0:0:0:
64,192,153986,1,0,0:0:0:0:
448,192,153986,1,0,0:0:0:0:
192,192,154051,1,0,0:0:0:0:
320,192,154116,1,0,0:0:0:0:
448,192,154116,1,0,0:0:0:0:
64,192,154181,1,0,0:0:0:0:
448,192,154246,1,0,0:0:0:0:
192,192,154246,1,0,0:0:0:0:
320,192,154311,1,0,0:0:0:0:
192,192,154376,1,0,0:0:0:0:
64,192,154376,1,0,0:0:0:0:
448,192,154441,1,0,0:0:0:0:
320,192,154505,1,0,0:0:0:0:
192,192,154505,1,0,0:0:0:0:
64,192,154570,1,0,0:0:0:0:
320,192,154635,1,0,0:0:0:0:
448,192,154635,1,0,0:0:0:0:
64,192,154700,1,0,0:0:0:0:
192,192,154765,1,0,0:0:0:0:
320,192,154765,1,0,0:0:0:0:
448,192,154830,1,0,0:0:0:0:
64,192,154895,1,0,0:0:0:0:
192,192,154895,1,0,0:0:0:0:
320,192,154960,1,0,0:0:0:0:
192,192,155025,1,0,0:0:0:0:
64,192,155025,1,0,0:0:0:0:
448,192,155090,1,0,0:0:0:0:
64,192,155155,1,0,0:0:0:0:
320,192,155155,1,0,0:0:0:0:
192,192,155220,1,0,0:0:0:0:
320,192,155285,1,0,0:0:0:0:
448,192,155285,1,0,0:0:0:0:
192,192,155350,1,0,0:0:0:0:
64,192,155415,1,0,0:0:0:0:
320,192,155480,1,0,0:0:0:0:
192,192,155544,1,0,0:0:0:0:
64,192,155544,1,0,0:0:0:0:
448,192,155609,1,0,0:0:0:0:
320,192,155674,1,0,0:0:0:0:
64,192,155739,1,0,0:0:0:0:
320,192,155804,1,0,0:0:0:0:
448,192,155804,1,0,0:0:0:0:
192,192,155869,1,0,0:0:0:0:
64,192,155934,1,0,0:0:0:0:
320,192,155999,1,0,0:0:0:0:
192,192,156064,1,0,0:0:0:0:
64,192,156064,1,0,0:0:0:0:
320,192,156129,1,0,0:0:0:0:
64,192,156194,1,0,0:0:0:0:
448,192,156194,1,0,0:0:0:0:
192,192,156259,1,0,0:0:0:0:
320,192,156324,1,0,0:0:0:0:
448,192,156324,1,0,0:0:0:0:
192,192,156389,1,0,0:0:0:0:
64,192,156454,1,0,0:0:0:0:
448,192,156454,1,0,0:0:0:0:
192,192,156518,1,0,0:0:0:0:
448,192,156583,1,0,0:0:0:0:
64,192,156583,1,0,0:0:0:0:
320,192,156648,1,0,0:0:0:0:
448,192,156713,1,0,0:0:0:0:
64,192,156713,1,0,0:0:0:0:
192,192,156778,1,0,0:0:0:0:
320,192,156843,1,0,0:0:0:0:
448,192,156843,1,0,0:0:0:0:
64,192,156908,1,0,0:0:0:0:
448,192,156973,1,0,0:0:0:0:
192,192,156973,1,0,0:0:0:0:
320,192,157038,1,0,0:0:0:0:
64,192,157103,1,0,0:0:0:0:
192,192,157103,1,0,0:0:0:0:
448,192,157168,1,0,0:0:0:0:
320,192,157233,1,0,0:0:0:0:
192,192,157233,1,0,0:0:0:0:
64,192,157298,1,0,0:0:0:0:
320,192,157363,1,0,0:0:0:0:
448,192,157363,1,0,0:0:0:0:
192,192,157428,1,0,0:0:0:0:
320,192,157492,1,0,0:0:0:0:
448,192,157557,1,0,0:0:0:0:
64,192,157622,1,0,0:0:0:0:
192,192,157622,1,0,0:0:0:0:
320,192,157687,1,0,0:0:0:0:
448,192,157752,1,0,0:0:0:0:
64,192,157817,1,0,0:0:0:0:
192,192,157882,1,0,0:0:0:0:
448,192,157882,1,0,0:0:0:0:
320,192,157947,1,0,0:0:0:0:
192,192,158012,1,0,0:0:0:0:
64,192,158077,1,0,0:0:0:0:
320,192,158142,1,0,0:0:0:0:
448,192,158142,1,0,0:0:0:0:
192,192,158207,1,0,0:0:0:0:
64,192,158272,1,0,0:0:0:0:
320,192,158272,1,0,0:0:0:0:
448,192,158337,1,0,0:0:0:0:
192,192,158402,1,0,0:0:0:0:
64,192,158402,1,0,0:0:0:0:
320,192,158467,1,0,0:0:0:0:
192,192,158531,1,0,0:0:0:0:
448,192,158531,1,0,0:0:0:0:
64,192,158596,1,0,0:0:0:0:
320,192,158661,1,0,0:0:0:0:
448,192,158661,1,0,0:0:0:0:
192,192,158726,1,0,0:0:0:0:
64,192,158791,1,0,0:0:0:0:
448,192,158791,1,0,0:0:0:0:
320,192,158856,1,0,0:0:0:0:
192,192,158921,1,0,0:0:0:0:
64,192,158921,1,0,0:0:0:0:
448,192,158986,1,0,0:0:0:0:
64,192,159051,1,0,0:0:0:0:
320,192,159051,1,0,0:0:0:0:
192,192,159116,1,0,0:0:0:0:
64,192,159181,1,0,0:0:0:0:
320,192,159181,1,0,0:0:0:0:
192,192,159246,1,0,0:0:0:0:
320,192,159311,1,0,0:0:0:0:
448,192,159311,1,0,0:0:0:0:
192,192,159376,1,0,0:0:0:0:
64,192,159441,1,0,0:0:0:0:
320,192,159441,1,0,0:0:0:0:
448,192,159441,1,0,0:0:0:0:
192,192,159505,1,0,0:0:0:0:
448,192,159570,1,0,0:0:0:0:
320,192,159635,1,0,0:0:0:0:
64,192,159700,1,0,0:0:0:0:
192,192,159700,1,0,0:0:0:0:
320,192,159765,1,0,0:0:0:0:
192,192,159830,1,0,0:0:0:0:
64,192,159895,1,0,0:0:0:0:
448,192,159960,1,0,0:0:0:0:
320,192,159960,1,0,0:0:0:0:
192,192,160025,1,0,0:0:0:0:
64,192,160090,1,0,0:0:0:0:
320,192,160155,1,0,0:0:0:0:
192,192,160220,1,0,0:0:0:0:
64,192,160220,1,0,0:0:0:0:
320,192,160285,1,0,0:0:0:0:
192,192,160350,1,0,0:0:0:0:
448,192,160350,1,0,0:0:0:0:
64,192,160415,1,0,0:0:0:0:
320,192,160480,1,0,0:0:0:0:
192,192,160480,1,0,0:0:0:0:
64,192,160544,1,0,0:0:0:0:
448,192,160609,1,0,0:0:0:0:
320,192,160609,1,0,0:0:0:0:
64,192,160674,1,0,0:0:0:0:
192,192,160739,1,0,0:0:0:0:
320,192,160739,1,0,0:0:0:0:
448,192,160804,1,0,0:0:0:0:
64,192,160869,1,0,0:0:0:0:
192,192,160869,1,0,0:0:0:0:
448,192,160934,1,0,0:0:0:0:
320,192,160999,1,0,0:0:0:0:
192,192,160999,1,0,0:0:0:0:
64,192,161064,1,0,0:0:0:0:
448,192,161129,1,0,0:0:0:0:
192,192,161129,1,0,0:0:0:0:
320,192,161194,1,0,0:0:0:0:
64,192,161259,1,0,0:0:0:0:
448,192,161259,1,0,0:0:0:0:
192,192,161324,1,0,0:0:0:0:
320,192,161389,1,0,0:0:0:0:
448,192,161389,1,0,0:0:0:0:
64,192,161454,1,0,0:0:0:0:
192,192,161518,1,0,0:0:0:0:
448,192,161518,1,0,0:0:0:0:
320,192,161583,1,0,0:0:0:0:
64,192,161648,1,0,0:0:0:0:
192,192,161713,1,0,0:0:0:0:
448,192,161778,1,0,0:0:0:0:
320,192,161778,1,0,0:0:0:0:
64,192,161843,1,0,0:0:0:0:
192,192,161908,1,0,0:0:0:0:
448,192,161973,1,0,0:0:0:0:
64,192,162038,1,0,0:0:0:0:
320,192,162038,1,0,0:0:0:0:
192,192,162103,1,0,0:0:0:0:
448,192,162168,1,0,0:0:0:0:
320,192,162168,1,0,0:0:0:0:
192,192,162233,1,0,0:0:0:0:
448,192,162298,1,0,0:0:0:0:
64,192,162298,1,0,0:0:0:0:
320,192,162363,1,0,0:0:0:0:
192,192,162428,1,0,0:0:0:0:
64,192,162428,1,0,0:0:0:0:
448,192,162492,1,0,0:0:0:0:
64,192,162557,1,0,0:0:0:0:
320,192,162557,1,0,0:0:0:0:
192,192,162622,1,0,0:0:0:0:
320,192,162687,1,0,0:0:0:0:
448,192,162687,1,0,0:0:0:0:
64,192,162752,1,0,0:0:0:0:
192,192,162817,1,0,0:0:0:0:
320,192,162817,1,0,0:0:0:0:
448,192,162882,1,0,0:0:0:0:
192,192,162947,1,0,0:0:0:0:
64,192,162947,1,0,0:0:0:0:
448,192,163012,1,0,0:0:0:0:
320,192,163077,1,0,0:0:0:0:
192,192,163077,1,0,0:0:0:0:
64,192,163142,1,0,0:0:0:0:
448,192,163207,1,0,0:0:0:0:
320,192,163207,1,0,0:0:0:0:
192,192,163272,1,0,0:0:0:0:
64,192,163272,1,0,0:0:0:0:
320,192,163337,1,0,0:0:0:0:
448,192,163337,1,0,0:0:0:0:
64,192,163402,1,0,0:0:0:0:
448,192,163467,1,0,0:0:0:0:
192,192,163467,1,0,0:0:0:0:
320,192,163531,1,0,0:0:0:0:
192,192,163596,1,0,0:0:0:0:
64,192,163596,1,0,0:0:0:0:
320,192,163661,1,0,0:0:0:0:
448,192,163726,1,0,0:0:0:0:
192,192,163791,1,0,0:0:0:0:
320,192,163856,1,0,0:0:0:0:
448,192,163856,1,0,0:0:0:0:
64,192,163921,1,0,0:0:0:0:
192,192,163986,1,0,0:0:0:0:
448,192,164051,1,0,0:0:0:0:
192,192,164116,1,0,0:0:0:0:
64,192,164116,1,0,0:0:0:0:
320,192,164181,1,0,0:0:0:0:
448,192,164246,1,0,0:0:0:0:
192,192,164311,1,0,0:0:0:0:
320,192,164376,1,0,0:0:0:0:
448,192,164376,1,0,0:0:0:0:
192,192,164441,1,0,0:0:0:0:
448,192,164505,1,0,0:0:0:0:
64,192,164505,1,0,0:0:0:0:
320,192,164570,1,0,0:0:0:0:
192,192,164635,1,0,0:0:0:0:
64,192,164635,1,0,0:0:0:0:
320,192,164700,1,0,0:0:0:0:
448,192,164765,1,0,0:0:0:0:
64,192,164765,1,0,0:0:0:0:
320,192,164830,1,0,0:0:0:0:
64,192,164895,1,0,0:0:0:0:
448,192,164895,1,0,0:0:0:0:
192,192,164960,1,0,0:0:0:0:
64,192,165025,1,0,0:0:0:0:
448,192,165025,1,0,0:0:0:0:
320,192,165090,1,0,0:0:0:0:
192,192,165155,1,0,0:0:0:0:
64,192,165155,1,0,0:0:0:0:
448,192,165220,1,0,0:0:0:0:
64,192,165285,1,0,0:0:0:0:
320,192,165285,1,0,0:0:0:0:
192,192,165350,1,0,0:0:0:0:
448,192,165415,1,0,0:0:0:0:
320,192,165415,1,0,0:0:0:0:
64,192,165480,1,0,0:0:0:0:
192,192,165544,1,0,0:0:0:0:
320,192,165544,1,0,0:0:0:0:
448,192,165609,1,0,0:0:0:0:
192,192,165674,1,0,0:0:0:0:
64,192,165674,1,0,0:0:0:0:
320,192,165739,1,0,0:0:0:0:
192,192,165804,1,0,0:0:0:0:
64,192,165869,1,0,0:0:0:0:
448,192,165934,1,0,0:0:0:0:
320,192,165934,1,0,0:0:0:0:
192,192,165999,1,0,0:0:0:0:
64,192,166064,1,0,0:0:0:0:
448,192,166129,1,0,0:0:0:0:
320,192,166194,1,0,0:0:0:0:
64,192,166194,1,0,0:0:0:0:
192,192,166259,1,0,0:0:0:0:
320,192,166324,1,0,0:0:0:0:
448,192,166389,1,0,0:0:0:0:
192,192,166454,5,0,0:0:0:0:
64,192,166454,1,0,0:0:0:0:
320,192,166518,1,0,0:0:0:0:
448,192,166583,1,0,0:0:0:0:
192,192,166583,1,0,0:0:0:0:
64,192,166648,1,0,0:0:0:0:
320,192,166713,1,0,0:0:0:0:
448,192,166713,1,0,0:0:0:0:
192,192,166778,1,0,0:0:0:0:
320,192,166843,1,0,0:0:0:0:
64,192,166843,1,0,0:0:0:0:
448,192,166908,1,0,0:0:0:0:
192,192,166973,1,0,0:0:0:0:
64,192,166973,1,0,0:0:0:0:
320,192,167038,1,0,0:0:0:0:
448,192,167103,1,0,0:0:0:0:
64,192,167103,1,0,0:0:0:0:
192,192,167168,1,0,0:0:0:0:
320,192,167233,1,0,0:0:0:0:
448,192,167233,1,0,0:0:0:0:
64,192,167298,1,0,0:0:0:0:
448,192,167363,1,0,0:0:0:0:
192,192,167363,1,0,0:0:0:0:
64,192,167428,1,0,0:0:0:0:
320,192,167428,1,0,0:0:0:0:
448,192,167492,1,0,0:0:0:0:
192,192,167492,1,0,0:0:0:0:
64,192,167622,1,0,0:0:0:0:
320,192,167622,1,0,0:0:0:0:
192,192,167882,1,0,0:0:0:0:
320,192,168012,1,0,0:0:0:0:
64,192,168142,1,0,0:0:0:0:
