osu file format v14

[General]
AudioFilename: Se.mp3
AudioLeadIn: 0
PreviewTime: 77049
Countdown: 0
SampleSet: Normal
StackLeniency: 0.7
Mode: 3
LetterboxInBreaks: 0
SpecialStyle: 0
WidescreenStoryboard: 1

[Editor]
DistanceSpacing: 1
BeatDivisor: 4
GridSize: 16
TimelineZoom: 1

[Metadata]
Title:Dan ~ REFORM ~ StaminaMap Pack
TitleUnicode:Dan ~ REFORM ~ StaminaMap Pack
Artist:Various Artists
ArtistUnicode:Various Artists
Creator:DDMythical
Version:Hitsugi to Futago ~ Epsilon ~ (Marathon)
Source:snoverpk // osu!mania
Tags:
BeatmapID:1356175
BeatmapSetID:611978

[Difficulty]
HPDrainRate:8.5
CircleSize:4
OverallDifficulty:9
ApproachRate:5
SliderMultiplier:1.4
SliderTickRate:1

[Events]
//Background and Video events
0,0,"Stamina-Epsilon.jpg",0,0
//Break Periods
//Storyboard Layer 0 (Background)
//Storyboard Layer 1 (Fail)
//Storyboard Layer 2 (Pass)
//Storyboard Layer 3 (Foreground)
//Storyboard Sound Samples

[TimingPoints]
1143,279.069767441861,4,1,0,15,1,0


[HitObjects]
448,192,1143,5,0,0:0:0:0:
320,192,1236,1,0,0:0:0:0:
192,192,1328,1,0,0:0:0:0:
64,192,1421,1,0,0:0:0:0:
192,192,1515,1,0,0:0:0:0:
320,192,1608,1,0,0:0:0:0:
64,192,1700,1,0,0:0:0:0:
192,192,1793,1,0,0:0:0:0:
320,192,1887,1,0,0:0:0:0:
448,192,1980,1,0,0:0:0:0:
320,192,2072,1,0,0:0:0:0:
192,192,2166,1,0,0:0:0:0:
448,192,2259,1,0,0:0:0:0:
320,192,2305,1,0,0:0:0:0:
192,192,2352,1,0,0:0:0:0:
64,192,2398,1,0,0:0:0:0:
192,192,2444,1,0,0:0:0:0:
320,192,2492,1,0,0:0:0:0:
448,192,2538,1,0,0:0:0:0:
64,192,2584,1,0,0:0:0:0:
192,192,2631,1,0,0:0:0:0:
320,192,2677,1,0,0:0:0:0:
448,192,2724,1,0,0:0:0:0:
320,192,2770,1,0,0:0:0:0:
192,192,2817,1,0,0:0:0:0:
64,192,2864,1,0,0:0:0:0:
448,192,2910,1,0,0:0:0:0:
320,192,2956,1,0,0:0:0:0:
192,192,3003,1,0,0:0:0:0:
64,192,3049,1,0,0:0:0:0:
192,192,3096,1,0,0:0:0:0:
320,192,3143,1,0,0:0:0:0:
448,192,3189,1,0,0:0:0:0:
64,192,3236,1,0,0:0:0:0:
320,192,3282,1,0,0:0:0:0:
192,192,3328,1,0,0:0:0:0:
448,192,3375,1,0,0:0:0:0:
320,192,3410,1,0,0:0:0:0:
192,192,3444,1,0,0:0:0:0:
64,192,3480,1,0,0:0:0:0:
448,192,3515,1,0,0:0:0:0:
320,192,3549,1,0,0:0:0:0:
64,192,3584,1,0,0:0:0:0:
192,192,3619,1,0,0:0:0:0:
448,192,3654,1,0,0:0:0:0:
64,192,3689,1,0,0:0:0:0:
320,192,3724,1,0,0:0:0:0:
448,192,3759,1,0,0:0:0:0:
192,192,3793,1,0,0:0:0:0:
320,192,3828,1,0,0:0:0:0:
64,192,3864,1,0,0:0:0:0:
192,192,3898,1,0,0:0:0:0:
448,192,3933,1,0,0:0:0:0:
320,192,3968,1,0,0:0:0:0:
64,192,4003,1,0,0:0:0:0:
192,192,4038,1,0,0:0:0:0:
448,192,4072,1,0,0:0:0:0:
320,192,4108,1,0,0:0:0:0:
64,192,4143,1,0,0:0:0:0:
448,192,4177,1,0,0:0:0:0:
192,192,4212,1,0,0:0:0:0:
320,192,4247,1,0,0:0:0:0:
64,192,4282,1,0,0:0:0:0:
192,192,4317,1,0,0:0:0:0:
320,192,4352,1,0,0:0:0:0:
448,192,4387,1,0,0:0:0:0:
64,192,4421,1,0,0:0:0:0:
192,192,4456,1,0,0:0:0:0:
448,192,4492,1,0,0:0:0:0:
64,192,4492,1,0,0:0:0:0:
320,192,4492,1,0,0:0:0:0:
64,192,4770,1,0,0:0:0:0:
192,192,5049,1,0,0:0:0:0:
448,192,5328,1,0,0:0:0:0:
320,192,5608,1,0,0:0:0:0:
64,192,5887,1,0,0:0:0:0:
192,192,6166,1,0,0:0:0:0:
64,192,6724,1,0,0:0:0:0:
192,192,6724,1,0,0:0:0:0:
320,192,6724,1,0,0:0:0:0:
192,192,7003,1,0,0:0:0:0:
448,192,7282,1,0,0:0:0:0:
64,192,7561,1,0,0:0:0:0:
320,192,7840,1,0,0:0:0:0:
448,192,8119,1,0,0:0:0:0:
320,192,8259,1,0,0:0:0:0:
448,192,8282,1,0,0:0:0:0:
192,192,8305,1,0,0:0:0:0:
64,192,8328,1,0,0:0:0:0:
320,192,8328,1,0,0:0:0:0:
448,192,8352,1,0,0:0:0:0:
192,192,8375,1,0,0:0:0:0:
64,192,8398,1,0,0:0:0:0:
320,192,8398,1,0,0:0:0:0:
64,192,8956,1,0,0:0:0:0:
320,192,8956,1,0,0:0:0:0:
448,192,8956,1,0,0:0:0:0:
192,192,9236,1,0,0:0:0:0:
320,192,9515,1,0,0:0:0:0:
448,192,9793,1,0,0:0:0:0:
320,192,10072,1,0,0:0:0:0:
192,192,10072,1,0,0:0:0:0:
64,192,10072,1,0,0:0:0:0:
448,192,10352,1,0,0:0:0:0:
320,192,10538,1,0,0:0:0:0:
192,192,10631,1,0,0:0:0:0:
64,192,10910,1,0,0:0:0:0:
192,192,11189,1,0,0:0:0:0:
320,192,11189,1,0,0:0:0:0:
448,192,11189,1,0,0:0:0:0:
64,192,11468,1,0,0:0:0:0:
192,192,11747,1,0,0:0:0:0:
320,192,11747,1,0,0:0:0:0:
448,192,11747,1,0,0:0:0:0:
448,192,12026,1,0,0:0:0:0:
64,192,12305,1,0,0:0:0:0:
192,192,12305,1,0,0:0:0:0:
320,192,12305,1,0,0:0:0:0:
448,192,12352,1,0,0:0:0:0:
64,192,12398,1,0,0:0:0:0:
192,192,12444,1,0,0:0:0:0:
320,192,12492,1,0,0:0:0:0:
448,192,12538,1,0,0:0:0:0:
64,192,12584,1,0,0:0:0:0:
192,192,12584,1,0,0:0:0:0:
320,192,12584,1,0,0:0:0:0:
448,192,12631,1,0,0:0:0:0:
192,192,12677,1,0,0:0:0:0:
320,192,12724,1,0,0:0:0:0:
64,192,12770,1,0,0:0:0:0:
192,192,12817,1,0,0:0:0:0:
320,192,12864,1,0,0:0:0:0:
448,192,12864,1,0,0:0:0:0:
64,192,12864,1,0,0:0:0:0:
192,192,12910,1,0,0:0:0:0:
320,192,12956,1,0,0:0:0:0:
448,192,12956,1,0,0:0:0:0:
64,192,13003,1,0,0:0:0:0:
192,192,13049,1,0,0:0:0:0:
448,192,13049,1,0,0:0:0:0:
320,192,13096,1,0,0:0:0:0:
64,192,13143,1,0,0:0:0:0:
192,192,13143,1,0,0:0:0:0:
448,192,13143,1,0,0:0:0:0:
320,192,13189,1,0,0:0:0:0:
64,192,13236,1,0,0:0:0:0:
192,192,13282,1,0,0:0:0:0:
320,192,13328,1,0,0:0:0:0:
448,192,13328,1,0,0:0:0:0:
64,192,13375,1,0,0:0:0:0:
192,192,13421,1,0,0:0:0:0:
320,192,13421,1,0,0:0:0:0:
448,192,13421,1,0,0:0:0:0:
64,192,13608,1,0,0:0:0:0:
320,192,13608,1,0,0:0:0:0:
192,192,13700,1,0,0:0:0:0:
320,192,13700,1,0,0:0:0:0:
448,192,13700,1,0,0:0:0:0:
64,192,13887,1,0,0:0:0:0:
448,192,13887,1,0,0:0:0:0:
320,192,13980,1,0,0:0:0:0:
192,192,13980,1,0,0:0:0:0:
64,192,13980,1,0,0:0:0:0:
320,192,14166,1,0,0:0:0:0:
64,192,14166,1,0,0:0:0:0:
448,192,14259,1,0,0:0:0:0:
192,192,14259,1,0,0:0:0:0:
320,192,14259,1,0,0:0:0:0:
448,192,14444,1,0,0:0:0:0:
192,192,14444,1,0,0:0:0:0:
320,192,14538,1,0,0:0:0:0:
192,192,14538,1,0,0:0:0:0:
64,192,14538,1,0,0:0:0:0:
64,192,14724,1,0,0:0:0:0:
192,192,14724,1,0,0:0:0:0:
320,192,14817,1,0,0:0:0:0:
448,192,14817,1,0,0:0:0:0:
64,192,14817,1,0,0:0:0:0:
448,192,15003,1,0,0:0:0:0:
320,192,15003,1,0,0:0:0:0:
64,192,15096,1,0,0:0:0:0:
448,192,15096,1,0,0:0:0:0:
192,192,15096,1,0,0:0:0:0:
320,192,15282,1,0,0:0:0:0:
192,192,15282,1,0,0:0:0:0:
64,192,15375,1,0,0:0:0:0:
320,192,15375,1,0,0:0:0:0:
448,192,15375,1,0,0:0:0:0:
64,192,15561,1,0,0:0:0:0:
192,192,15561,1,0,0:0:0:0:
448,192,15561,1,0,0:0:0:0:
320,192,15654,1,0,0:0:0:0:
192,192,15654,1,0,0:0:0:0:
64,192,15654,1,0,0:0:0:0:
64,192,15840,1,0,0:0:0:0:
320,192,15840,1,0,0:0:0:0:
192,192,15933,1,0,0:0:0:0:
320,192,15933,1,0,0:0:0:0:
448,192,15933,1,0,0:0:0:0:
64,192,16119,1,0,0:0:0:0:
448,192,16119,1,0,0:0:0:0:
320,192,16212,1,0,0:0:0:0:
192,192,16212,1,0,0:0:0:0:
64,192,16212,1,0,0:0:0:0:
192,192,16398,1,0,0:0:0:0:
320,192,16398,1,0,0:0:0:0:
448,192,16492,1,0,0:0:0:0:
320,192,16492,1,0,0:0:0:0:
64,192,16492,1,0,0:0:0:0:
64,192,16677,1,0,0:0:0:0:
320,192,16677,1,0,0:0:0:0:
192,192,16770,1,0,0:0:0:0:
64,192,16770,1,0,0:0:0:0:
448,192,16770,1,0,0:0:0:0:
192,192,16956,1,0,0:0:0:0:
64,192,16956,1,0,0:0:0:0:
192,192,17049,1,0,0:0:0:0:
448,192,17049,1,0,0:0:0:0:
320,192,17049,1,0,0:0:0:0:
192,192,17236,1,0,0:0:0:0:
448,192,17236,1,0,0:0:0:0:
320,192,17328,1,0,0:0:0:0:
192,192,17328,1,0,0:0:0:0:
64,192,17328,1,0,0:0:0:0:
192,192,17515,1,0,0:0:0:0:
320,192,17515,1,0,0:0:0:0:
320,192,17608,1,0,0:0:0:0:
448,192,17608,1,0,0:0:0:0:
64,192,17608,1,0,0:0:0:0:
192,192,17793,1,0,0:0:0:0:
320,192,17793,1,0,0:0:0:0:
448,192,17793,1,0,0:0:0:0:
64,192,17887,1,0,0:0:0:0:
320,192,17887,1,0,0:0:0:0:
448,192,17887,1,0,0:0:0:0:
192,192,17933,1,0,0:0:0:0:
320,192,17980,1,0,0:0:0:0:
448,192,18026,1,0,0:0:0:0:
192,192,18072,1,0,0:0:0:0:
320,192,18119,1,0,0:0:0:0:
64,192,18166,1,0,0:0:0:0:
192,192,18166,1,0,0:0:0:0:
448,192,18212,1,0,0:0:0:0:
320,192,18259,1,0,0:0:0:0:
192,192,18305,1,0,0:0:0:0:
64,192,18352,1,0,0:0:0:0:
320,192,18398,1,0,0:0:0:0:
448,192,18444,1,0,0:0:0:0:
64,192,18444,1,0,0:0:0:0:
192,192,18492,1,0,0:0:0:0:
320,192,18538,1,0,0:0:0:0:
448,192,18584,1,0,0:0:0:0:
192,192,18631,1,0,0:0:0:0:
320,192,18677,1,0,0:0:0:0:
64,192,18724,1,0,0:0:0:0:
448,192,18724,1,0,0:0:0:0:
320,192,18770,1,0,0:0:0:0:
192,192,18817,1,0,0:0:0:0:
64,192,18817,1,0,0:0:0:0:
320,192,18864,1,0,0:0:0:0:
64,192,18910,1,0,0:0:0:0:
448,192,18910,1,0,0:0:0:0:
192,192,18956,1,0,0:0:0:0:
320,192,19003,1,0,0:0:0:0:
448,192,19003,1,0,0:0:0:0:
64,192,19049,1,0,0:0:0:0:
192,192,19096,1,0,0:0:0:0:
320,192,19143,1,0,0:0:0:0:
192,192,19189,1,0,0:0:0:0:
64,192,19236,1,0,0:0:0:0:
320,192,19282,1,0,0:0:0:0:
448,192,19282,1,0,0:0:0:0:
192,192,19328,1,0,0:0:0:0:
320,192,19375,1,0,0:0:0:0:
448,192,19421,1,0,0:0:0:0:
64,192,19468,1,0,0:0:0:0:
320,192,19515,1,0,0:0:0:0:
64,192,19561,1,0,0:0:0:0:
192,192,19561,1,0,0:0:0:0:
320,192,19608,1,0,0:0:0:0:
448,192,19654,1,0,0:0:0:0:
64,192,19700,1,0,0:0:0:0:
192,192,19747,1,0,0:0:0:0:
320,192,19793,1,0,0:0:0:0:
192,192,19840,1,0,0:0:0:0:
448,192,19840,1,0,0:0:0:0:
64,192,19887,1,0,0:0:0:0:
320,192,19933,1,0,0:0:0:0:
192,192,19980,1,0,0:0:0:0:
64,192,20026,1,0,0:0:0:0:
448,192,20026,1,0,0:0:0:0:
192,192,20072,1,0,0:0:0:0:
320,192,20119,1,0,0:0:0:0:
448,192,20119,1,0,0:0:0:0:
64,192,20166,1,0,0:0:0:0:
192,192,20212,1,0,0:0:0:0:
320,192,20259,1,0,0:0:0:0:
448,192,20305,1,0,0:0:0:0:
192,192,20352,1,0,0:0:0:0:
64,192,20398,1,0,0:0:0:0:
448,192,20398,1,0,0:0:0:0:
320,192,20444,1,0,0:0:0:0:
192,192,20492,1,0,0:0:0:0:
64,192,20538,1,0,0:0:0:0:
320,192,20584,1,0,0:0:0:0:
192,192,20631,1,0,0:0:0:0:
320,192,20677,1,0,0:0:0:0:
448,192,20677,1,0,0:0:0:0:
64,192,20724,1,0,0:0:0:0:
192,192,20770,1,0,0:0:0:0:
320,192,20817,1,0,0:0:0:0:
448,192,20864,1,0,0:0:0:0:
192,192,20910,1,0,0:0:0:0:
64,192,20956,1,0,0:0:0:0:
448,192,20956,1,0,0:0:0:0:
320,192,21003,1,0,0:0:0:0:
192,192,21049,1,0,0:0:0:0:
448,192,21096,1,0,0:0:0:0:
64,192,21143,1,0,0:0:0:0:
320,192,21189,1,0,0:0:0:0:
192,192,21236,1,0,0:0:0:0:
64,192,21236,1,0,0:0:0:0:
448,192,21282,1,0,0:0:0:0:
320,192,21328,1,0,0:0:0:0:
192,192,21375,1,0,0:0:0:0:
64,192,21421,1,0,0:0:0:0:
448,192,21468,1,0,0:0:0:0:
320,192,21515,1,0,0:0:0:0:
192,192,21515,1,0,0:0:0:0:
448,192,21561,1,0,0:0:0:0:
64,192,21608,1,0,0:0:0:0:
192,192,21654,1,0,0:0:0:0:
320,192,21700,1,0,0:0:0:0:
448,192,21700,1,0,0:0:0:0:
192,192,21747,1,0,0:0:0:0:
64,192,21793,1,0,0:0:0:0:
448,192,21793,1,0,0:0:0:0:
320,192,21840,1,0,0:0:0:0:
192,192,21887,1,0,0:0:0:0:
64,192,21933,1,0,0:0:0:0:
448,192,21980,1,0,0:0:0:0:
320,192,21980,1,0,0:0:0:0:
192,192,22026,1,0,0:0:0:0:
320,192,22072,1,0,0:0:0:0:
64,192,22072,1,0,0:0:0:0:
448,192,22119,1,0,0:0:0:0:
64,192,22166,1,0,0:0:0:0:
192,192,22166,1,0,0:0:0:0:
320,192,22212,1,0,0:0:0:0:
64,192,22259,1,0,0:0:0:0:
448,192,22259,1,0,0:0:0:0:
192,192,22305,1,0,0:0:0:0:
64,192,22352,1,0,0:0:0:0:
448,192,22352,1,0,0:0:0:0:
320,192,22352,1,0,0:0:0:0:
192,192,22398,1,0,0:0:0:0:
448,192,22444,1,0,0:0:0:0:
320,192,22492,1,0,0:0:0:0:
192,192,22538,1,0,0:0:0:0:
64,192,22584,1,0,0:0:0:0:
320,192,22631,1,0,0:0:0:0:
448,192,22631,1,0,0:0:0:0:
192,192,22677,1,0,0:0:0:0:
64,192,22724,1,0,0:0:0:0:
192,192,22770,1,0,0:0:0:0:
320,192,22817,1,0,0:0:0:0:
448,192,22817,1,0,0:0:0:0:
64,192,22864,1,0,0:0:0:0:
448,192,22910,1,0,0:0:0:0:
192,192,22910,1,0,0:0:0:0:
64,192,22956,1,0,0:0:0:0:
320,192,23003,1,0,0:0:0:0:
192,192,23049,1,0,0:0:0:0:
448,192,23096,1,0,0:0:0:0:
192,192,23143,1,0,0:0:0:0:
64,192,23189,1,0,0:0:0:0:
448,192,23189,1,0,0:0:0:0:
320,192,23236,1,0,0:0:0:0:
192,192,23282,1,0,0:0:0:0:
64,192,23328,1,0,0:0:0:0:
320,192,23375,1,0,0:0:0:0:
192,192,23421,1,0,0:0:0:0:
320,192,23468,1,0,0:0:0:0:
448,192,23468,1,0,0:0:0:0:
64,192,23515,1,0,0:0:0:0:
448,192,23561,1,0,0:0:0:0:
192,192,23608,1,0,0:0:0:0:
320,192,23654,1,0,0:0:0:0:
64,192,23700,1,0,0:0:0:0:
448,192,23747,1,0,0:0:0:0:
320,192,23747,1,0,0:0:0:0:
192,192,23793,1,0,0:0:0:0:
448,192,23840,1,0,0:0:0:0:
64,192,23887,1,0,0:0:0:0:
320,192,23933,1,0,0:0:0:0:
192,192,23980,1,0,0:0:0:0:
64,192,24026,1,0,0:0:0:0:
448,192,24026,1,0,0:0:0:0:
320,192,24072,1,0,0:0:0:0:
192,192,24119,1,0,0:0:0:0:
448,192,24166,1,0,0:0:0:0:
64,192,24212,1,0,0:0:0:0:
320,192,24259,1,0,0:0:0:0:
448,192,24305,1,0,0:0:0:0:
64,192,24305,1,0,0:0:0:0:
192,192,24352,1,0,0:0:0:0:
320,192,24398,1,0,0:0:0:0:
448,192,24444,1,0,0:0:0:0:
64,192,24492,1,0,0:0:0:0:
320,192,24538,1,0,0:0:0:0:
192,192,24584,1,0,0:0:0:0:
448,192,24584,1,0,0:0:0:0:
64,192,24631,1,0,0:0:0:0:
320,192,24677,1,0,0:0:0:0:
192,192,24724,1,0,0:0:0:0:
448,192,24770,1,0,0:0:0:0:
192,192,24817,1,0,0:0:0:0:
64,192,24864,1,0,0:0:0:0:
448,192,24864,1,0,0:0:0:0:
320,192,24910,1,0,0:0:0:0:
192,192,24956,1,0,0:0:0:0:
64,192,25003,1,0,0:0:0:0:
320,192,25049,1,0,0:0:0:0:
448,192,25049,1,0,0:0:0:0:
192,192,25096,1,0,0:0:0:0:
320,192,25143,1,0,0:0:0:0:
448,192,25143,1,0,0:0:0:0:
64,192,25189,1,0,0:0:0:0:
192,192,25236,1,0,0:0:0:0:
320,192,25282,1,0,0:0:0:0:
448,192,25328,1,0,0:0:0:0:
192,192,25375,1,0,0:0:0:0:
64,192,25421,1,0,0:0:0:0:
448,192,25421,1,0,0:0:0:0:
320,192,25468,1,0,0:0:0:0:
192,192,25515,1,0,0:0:0:0:
64,192,25561,1,0,0:0:0:0:
320,192,25608,1,0,0:0:0:0:
448,192,25654,1,0,0:0:0:0:
64,192,25700,1,0,0:0:0:0:
192,192,25700,1,0,0:0:0:0:
320,192,25747,1,0,0:0:0:0:
448,192,25793,1,0,0:0:0:0:
192,192,25840,1,0,0:0:0:0:
320,192,25887,1,0,0:0:0:0:
64,192,25933,1,0,0:0:0:0:
448,192,25980,1,0,0:0:0:0:
320,192,25980,1,0,0:0:0:0:
192,192,26026,1,0,0:0:0:0:
64,192,26072,1,0,0:0:0:0:
448,192,26119,1,0,0:0:0:0:
320,192,26143,1,0,0:0:0:0:
192,192,26166,1,0,0:0:0:0:
64,192,26189,1,0,0:0:0:0:
448,192,26189,1,0,0:0:0:0:
320,192,26212,1,0,0:0:0:0:
192,192,26236,1,0,0:0:0:0:
64,192,26259,1,0,0:0:0:0:
448,192,26259,1,0,0:0:0:0:
320,192,26305,1,0,0:0:0:0:
192,192,26352,1,0,0:0:0:0:
448,192,26398,1,0,0:0:0:0:
64,192,26444,1,0,0:0:0:0:
320,192,26492,1,0,0:0:0:0:
192,192,26538,1,0,0:0:0:0:
64,192,26538,1,0,0:0:0:0:
320,192,26584,1,0,0:0:0:0:
448,192,26631,1,0,0:0:0:0:
192,192,26677,1,0,0:0:0:0:
64,192,26724,1,0,0:0:0:0:
320,192,26724,1,0,0:0:0:0:
192,192,26770,1,0,0:0:0:0:
320,192,26817,1,0,0:0:0:0:
448,192,26817,1,0,0:0:0:0:
64,192,26864,1,0,0:0:0:0:
192,192,26910,1,0,0:0:0:0:
320,192,26956,1,0,0:0:0:0:
448,192,27003,1,0,0:0:0:0:
192,192,27049,1,0,0:0:0:0:
64,192,27096,1,0,0:0:0:0:
320,192,27096,1,0,0:0:0:0:
448,192,27143,1,0,0:0:0:0:
192,192,27189,1,0,0:0:0:0:
320,192,27236,1,0,0:0:0:0:
192,192,27282,1,0,0:0:0:0:
64,192,27282,1,0,0:0:0:0:
320,192,27328,1,0,0:0:0:0:
448,192,27375,1,0,0:0:0:0:
64,192,27375,1,0,0:0:0:0:
192,192,27421,1,0,0:0:0:0:
320,192,27468,1,0,0:0:0:0:
192,192,27515,1,0,0:0:0:0:
64,192,27561,1,0,0:0:0:0:
320,192,27608,1,0,0:0:0:0:
448,192,27654,1,0,0:0:0:0:
192,192,27654,1,0,0:0:0:0:
320,192,27700,1,0,0:0:0:0:
64,192,27747,1,0,0:0:0:0:
448,192,27747,1,0,0:0:0:0:
192,192,27793,1,0,0:0:0:0:
320,192,27840,1,0,0:0:0:0:
64,192,27840,1,0,0:0:0:0:
448,192,27887,1,0,0:0:0:0:
64,192,27933,1,0,0:0:0:0:
192,192,27933,1,0,0:0:0:0:
320,192,27980,1,0,0:0:0:0:
448,192,28026,1,0,0:0:0:0:
192,192,28072,1,0,0:0:0:0:
320,192,28119,1,0,0:0:0:0:
64,192,28166,1,0,0:0:0:0:
192,192,28212,1,0,0:0:0:0:
448,192,28212,1,0,0:0:0:0:
320,192,28259,1,0,0:0:0:0:
64,192,28305,1,0,0:0:0:0:
448,192,28352,1,0,0:0:0:0:
320,192,28398,1,0,0:0:0:0:
192,192,28444,1,0,0:0:0:0:
64,192,28492,1,0,0:0:0:0:
448,192,28492,1,0,0:0:0:0:
192,192,28538,1,0,0:0:0:0:
320,192,28584,1,0,0:0:0:0:
448,192,28631,1,0,0:0:0:0:
64,192,28677,1,0,0:0:0:0:
320,192,28724,1,0,0:0:0:0:
192,192,28770,1,0,0:0:0:0:
64,192,28770,1,0,0:0:0:0:
448,192,28817,1,0,0:0:0:0:
320,192,28864,1,0,0:0:0:0:
192,192,28910,1,0,0:0:0:0:
64,192,28956,1,0,0:0:0:0:
320,192,29003,1,0,0:0:0:0:
192,192,29049,1,0,0:0:0:0:
64,192,29049,1,0,0:0:0:0:
448,192,29049,1,0,0:0:0:0:
320,192,29096,1,0,0:0:0:0:
192,192,29143,1,0,0:0:0:0:
448,192,29189,1,0,0:0:0:0:
64,192,29236,1,0,0:0:0:0:
192,192,29236,1,0,0:0:0:0:
448,192,29282,1,0,0:0:0:0:
320,192,29328,1,0,0:0:0:0:
192,192,29328,1,0,0:0:0:0:
64,192,29328,1,0,0:0:0:0:
448,192,29375,1,0,0:0:0:0:
64,192,29421,1,0,0:0:0:0:
192,192,29468,1,0,0:0:0:0:
320,192,29515,1,0,0:0:0:0:
448,192,29515,1,0,0:0:0:0:
192,192,29561,1,0,0:0:0:0:
64,192,29608,1,0,0:0:0:0:
320,192,29608,1,0,0:0:0:0:
448,192,29608,1,0,0:0:0:0:
192,192,29654,1,0,0:0:0:0:
64,192,29700,1,0,0:0:0:0:
448,192,29700,1,0,0:0:0:0:
320,192,29747,1,0,0:0:0:0:
192,192,29793,1,0,0:0:0:0:
448,192,29793,1,0,0:0:0:0:
64,192,29840,1,0,0:0:0:0:
192,192,29887,1,0,0:0:0:0:
448,192,29887,1,0,0:0:0:0:
320,192,29887,1,0,0:0:0:0:
64,192,29933,1,0,0:0:0:0:
320,192,29980,1,0,0:0:0:0:
192,192,30026,1,0,0:0:0:0:
64,192,30072,1,0,0:0:0:0:
448,192,30072,1,0,0:0:0:0:
320,192,30119,1,0,0:0:0:0:
64,192,30166,1,0,0:0:0:0:
448,192,30166,1,0,0:0:0:0:
192,192,30166,1,0,0:0:0:0:
320,192,30200,1,0,0:0:0:0:
192,192,30236,1,0,0:0:0:0:
448,192,30270,1,0,0:0:0:0:
64,192,30305,1,0,0:0:0:0:
320,192,30305,1,0,0:0:0:0:
192,192,30352,1,0,0:0:0:0:
448,192,30398,1,0,0:0:0:0:
320,192,30444,1,0,0:0:0:0:
192,192,30444,1,0,0:0:0:0:
64,192,30444,1,0,0:0:0:0:
448,192,30480,1,0,0:0:0:0:
64,192,30515,1,0,0:0:0:0:
320,192,30549,1,0,0:0:0:0:
192,192,30584,1,0,0:0:0:0:
448,192,30584,1,0,0:0:0:0:
64,192,30631,1,0,0:0:0:0:
320,192,30677,1,0,0:0:0:0:
192,192,30724,1,0,0:0:0:0:
64,192,30724,1,0,0:0:0:0:
448,192,30724,1,0,0:0:0:0:
320,192,30759,1,0,0:0:0:0:
64,192,30793,1,0,0:0:0:0:
192,192,30828,1,0,0:0:0:0:
448,192,30864,1,0,0:0:0:0:
320,192,30864,1,0,0:0:0:0:
64,192,30910,1,0,0:0:0:0:
448,192,30956,1,0,0:0:0:0:
320,192,31003,1,0,0:0:0:0:
192,192,31003,1,0,0:0:0:0:
64,192,31003,1,0,0:0:0:0:
448,192,31038,1,0,0:0:0:0:
192,192,31072,1,0,0:0:0:0:
320,192,31108,1,0,0:0:0:0:
64,192,31143,1,0,0:0:0:0:
448,192,31143,1,0,0:0:0:0:
192,192,31189,1,0,0:0:0:0:
320,192,31236,1,0,0:0:0:0:
192,192,31282,1,0,0:0:0:0:
448,192,31282,1,0,0:0:0:0:
64,192,31282,1,0,0:0:0:0:
64,192,31561,1,0,0:0:0:0:
192,192,31561,1,0,0:0:0:0:
320,192,31561,1,0,0:0:0:0:
64,192,31840,1,0,0:0:0:0:
448,192,31840,1,0,0:0:0:0:
192,192,31840,1,0,0:0:0:0:
320,192,32026,1,0,0:0:0:0:
64,192,32119,1,0,0:0:0:0:
320,192,32119,1,0,0:0:0:0:
448,192,32119,1,0,0:0:0:0:
64,192,32398,1,0,0:0:0:0:
192,192,32398,1,0,0:0:0:0:
448,192,32398,1,0,0:0:0:0:
320,192,32677,1,0,0:0:0:0:
192,192,32677,1,0,0:0:0:0:
64,192,32677,1,0,0:0:0:0:
320,192,32956,1,0,0:0:0:0:
448,192,32956,1,0,0:0:0:0:
64,192,32956,1,0,0:0:0:0:
192,192,33143,1,0,0:0:0:0:
192,192,33236,1,0,0:0:0:0:
448,192,33236,1,0,0:0:0:0:
64,192,33421,1,0,0:0:0:0:
192,192,33421,1,0,0:0:0:0:
64,192,33515,1,0,0:0:0:0:
192,192,33515,1,0,0:0:0:0:
320,192,33515,1,0,0:0:0:0:
64,192,33793,1,0,0:0:0:0:
192,192,33793,1,0,0:0:0:0:
448,192,33793,1,0,0:0:0:0:
64,192,34072,1,0,0:0:0:0:
320,192,34072,1,0,0:0:0:0:
448,192,34072,1,0,0:0:0:0:
448,192,34259,1,0,0:0:0:0:
64,192,34352,1,0,0:0:0:0:
192,192,34352,1,0,0:0:0:0:
448,192,34352,1,0,0:0:0:0:
64,192,34631,1,0,0:0:0:0:
192,192,34631,1,0,0:0:0:0:
320,192,34631,1,0,0:0:0:0:
192,192,34910,1,0,0:0:0:0:
320,192,34910,1,0,0:0:0:0:
448,192,34910,1,0,0:0:0:0:
448,192,35049,1,0,0:0:0:0:
192,192,35072,1,0,0:0:0:0:
320,192,35096,1,0,0:0:0:0:
64,192,35119,1,0,0:0:0:0:
448,192,35119,1,0,0:0:0:0:
192,192,35143,1,0,0:0:0:0:
320,192,35166,1,0,0:0:0:0:
64,192,35189,1,0,0:0:0:0:
448,192,35189,1,0,0:0:0:0:
64,192,35375,1,0,0:0:0:0:
448,192,35468,1,0,0:0:0:0:
64,192,35468,1,0,0:0:0:0:
192,192,35654,1,0,0:0:0:0:
320,192,35654,1,0,0:0:0:0:
192,192,35747,1,0,0:0:0:0:
64,192,35747,1,0,0:0:0:0:
448,192,35747,1,0,0:0:0:0:
64,192,36026,1,0,0:0:0:0:
192,192,36026,1,0,0:0:0:0:
320,192,36026,1,0,0:0:0:0:
64,192,36305,1,0,0:0:0:0:
448,192,36305,1,0,0:0:0:0:
192,192,36305,1,0,0:0:0:0:
320,192,36492,1,0,0:0:0:0:
64,192,36584,1,0,0:0:0:0:
320,192,36584,1,0,0:0:0:0:
448,192,36584,1,0,0:0:0:0:
64,192,36677,1,0,0:0:0:0:
64,192,36770,1,0,0:0:0:0:
320,192,36864,1,0,0:0:0:0:
192,192,36864,1,0,0:0:0:0:
64,192,36864,1,0,0:0:0:0:
192,192,37143,1,0,0:0:0:0:
320,192,37143,1,0,0:0:0:0:
448,192,37143,1,0,0:0:0:0:
320,192,37328,1,0,0:0:0:0:
192,192,37421,1,0,0:0:0:0:
64,192,37421,1,0,0:0:0:0:
448,192,37421,1,0,0:0:0:0:
320,192,37608,1,0,0:0:0:0:
64,192,37700,1,0,0:0:0:0:
192,192,37700,1,0,0:0:0:0:
320,192,37700,1,0,0:0:0:0:
64,192,37887,1,0,0:0:0:0:
192,192,37887,1,0,0:0:0:0:
64,192,37980,1,0,0:0:0:0:
320,192,37980,1,0,0:0:0:0:
448,192,37980,1,0,0:0:0:0:
64,192,38259,1,0,0:0:0:0:
192,192,38259,1,0,0:0:0:0:
320,192,38259,1,0,0:0:0:0:
64,192,38538,1,0,0:0:0:0:
448,192,38538,1,0,0:0:0:0:
320,192,38538,1,0,0:0:0:0:
192,192,38724,1,0,0:0:0:0:
192,192,38817,1,0,0:0:0:0:
320,192,38817,1,0,0:0:0:0:
448,192,38817,1,0,0:0:0:0:
448,192,39096,1,0,0:0:0:0:
320,192,39096,1,0,0:0:0:0:
64,192,39096,1,0,0:0:0:0:
192,192,39143,1,0,0:0:0:0:
320,192,39189,1,0,0:0:0:0:
448,192,39236,1,0,0:0:0:0:
192,192,39282,1,0,0:0:0:0:
320,192,39328,1,0,0:0:0:0:
64,192,39375,1,0,0:0:0:0:
448,192,39375,1,0,0:0:0:0:
192,192,39421,1,0,0:0:0:0:
320,192,39468,1,0,0:0:0:0:
64,192,39515,1,0,0:0:0:0:
192,192,39561,1,0,0:0:0:0:
320,192,39561,1,0,0:0:0:0:
448,192,39608,1,0,0:0:0:0:
320,192,39654,1,0,0:0:0:0:
64,192,39654,1,0,0:0:0:0:
192,192,39700,1,0,0:0:0:0:
448,192,39747,1,0,0:0:0:0:
320,192,39793,1,0,0:0:0:0:
192,192,39840,1,0,0:0:0:0:
64,192,39840,1,0,0:0:0:0:
320,192,39887,1,0,0:0:0:0:
448,192,39933,1,0,0:0:0:0:
64,192,39933,1,0,0:0:0:0:
320,192,39980,1,0,0:0:0:0:
192,192,40026,1,0,0:0:0:0:
448,192,40026,1,0,0:0:0:0:
64,192,40072,1,0,0:0:0:0:
320,192,40119,1,0,0:0:0:0:
448,192,40119,1,0,0:0:0:0:
64,192,40166,1,0,0:0:0:0:
320,192,40212,1,0,0:0:0:0:
448,192,40212,1,0,0:0:0:0:
192,192,40212,1,0,0:0:0:0:
64,192,40259,1,0,0:0:0:0:
320,192,40305,1,0,0:0:0:0:
192,192,40352,1,0,0:0:0:0:
448,192,40398,1,0,0:0:0:0:
192,192,40444,1,0,0:0:0:0:
64,192,40492,1,0,0:0:0:0:
320,192,40492,1,0,0:0:0:0:
448,192,40538,1,0,0:0:0:0:
192,192,40584,1,0,0:0:0:0:
320,192,40631,1,0,0:0:0:0:
64,192,40677,1,0,0:0:0:0:
192,192,40677,1,0,0:0:0:0:
448,192,40724,1,0,0:0:0:0:
64,192,40770,1,0,0:0:0:0:
320,192,40770,1,0,0:0:0:0:
192,192,40817,1,0,0:0:0:0:
320,192,40864,1,0,0:0:0:0:
448,192,40910,1,0,0:0:0:0:
192,192,40956,1,0,0:0:0:0:
64,192,41003,1,0,0:0:0:0:
320,192,41049,1,0,0:0:0:0:
448,192,41049,1,0,0:0:0:0:
64,192,41096,1,0,0:0:0:0:
192,192,41143,1,0,0:0:0:0:
320,192,41189,1,0,0:0:0:0:
448,192,41236,1,0,0:0:0:0:
192,192,41282,1,0,0:0:0:0:
64,192,41328,1,0,0:0:0:0:
448,192,41328,1,0,0:0:0:0:
320,192,41375,1,0,0:0:0:0:
192,192,41421,1,0,0:0:0:0:
64,192,41468,1,0,0:0:0:0:
448,192,41515,1,0,0:0:0:0:
192,192,41561,1,0,0:0:0:0:
64,192,41608,1,0,0:0:0:0:
320,192,41608,1,0,0:0:0:0:
192,192,41654,1,0,0:0:0:0:
448,192,41700,1,0,0:0:0:0:
320,192,41747,1,0,0:0:0:0:
64,192,41793,1,0,0:0:0:0:
192,192,41840,1,0,0:0:0:0:
320,192,41887,1,0,0:0:0:0:
448,192,41887,1,0,0:0:0:0:
192,192,41933,1,0,0:0:0:0:
64,192,41980,1,0,0:0:0:0:
448,192,42026,1,0,0:0:0:0:
320,192,42072,1,0,0:0:0:0:
192,192,42119,1,0,0:0:0:0:
320,192,42166,1,0,0:0:0:0:
448,192,42166,1,0,0:0:0:0:
64,192,42212,1,0,0:0:0:0:
192,192,42259,1,0,0:0:0:0:
320,192,42305,1,0,0:0:0:0:
64,192,42352,1,0,0:0:0:0:
448,192,42352,1,0,0:0:0:0:
320,192,42398,1,0,0:0:0:0:
64,192,42444,1,0,0:0:0:0:
192,192,42444,1,0,0:0:0:0:
448,192,42492,1,0,0:0:0:0:
320,192,42538,1,0,0:0:0:0:
64,192,42584,1,0,0:0:0:0:
192,192,42631,1,0,0:0:0:0:
320,192,42677,1,0,0:0:0:0:
448,192,42724,1,0,0:0:0:0:
64,192,42724,1,0,0:0:0:0:
192,192,42770,1,0,0:0:0:0:
320,192,42817,1,0,0:0:0:0:
64,192,42864,1,0,0:0:0:0:
192,192,42910,1,0,0:0:0:0:
320,192,42910,1,0,0:0:0:0:
448,192,42956,1,0,0:0:0:0:
320,192,43003,1,0,0:0:0:0:
64,192,43003,1,0,0:0:0:0:
448,192,43049,1,0,0:0:0:0:
192,192,43096,1,0,0:0:0:0:
64,192,43143,1,0,0:0:0:0:
320,192,43189,1,0,0:0:0:0:
64,192,43236,1,0,0:0:0:0:
448,192,43282,1,0,0:0:0:0:
320,192,43282,1,0,0:0:0:0:
192,192,43328,1,0,0:0:0:0:
448,192,43375,1,0,0:0:0:0:
64,192,43421,1,0,0:0:0:0:
192,192,43468,1,0,0:0:0:0:
320,192,43515,1,0,0:0:0:0:
448,192,43561,1,0,0:0:0:0:
64,192,43561,1,0,0:0:0:0:
192,192,43608,1,0,0:0:0:0:
320,192,43654,1,0,0:0:0:0:
192,192,43700,1,0,0:0:0:0:
448,192,43747,1,0,0:0:0:0:
64,192,43793,1,0,0:0:0:0:
320,192,43840,1,0,0:0:0:0:
192,192,43840,1,0,0:0:0:0:
448,192,43887,1,0,0:0:0:0:
64,192,43933,1,0,0:0:0:0:
448,192,43980,1,0,0:0:0:0:
320,192,44003,1,0,0:0:0:0:
192,192,44026,1,0,0:0:0:0:
64,192,44049,1,0,0:0:0:0:
448,192,44049,1,0,0:0:0:0:
320,192,44072,1,0,0:0:0:0:
192,192,44096,1,0,0:0:0:0:
64,192,44119,1,0,0:0:0:0:
448,192,44119,1,0,0:0:0:0:
320,192,44166,1,0,0:0:0:0:
192,192,44212,1,0,0:0:0:0:
448,192,44259,1,0,0:0:0:0:
64,192,44305,1,0,0:0:0:0:
320,192,44352,1,0,0:0:0:0:
192,192,44398,1,0,0:0:0:0:
64,192,44398,1,0,0:0:0:0:
320,192,44444,1,0,0:0:0:0:
448,192,44492,1,0,0:0:0:0:
192,192,44538,1,0,0:0:0:0:
320,192,44584,1,0,0:0:0:0:
64,192,44584,1,0,0:0:0:0:
448,192,44631,1,0,0:0:0:0:
192,192,44677,1,0,0:0:0:0:
64,192,44677,1,0,0:0:0:0:
320,192,44724,1,0,0:0:0:0:
64,192,44770,1,0,0:0:0:0:
448,192,44817,1,0,0:0:0:0:
320,192,44864,1,0,0:0:0:0:
192,192,44910,1,0,0:0:0:0:
64,192,44956,1,0,0:0:0:0:
448,192,44956,1,0,0:0:0:0:
192,192,45003,1,0,0:0:0:0:
320,192,45049,1,0,0:0:0:0:
64,192,45096,1,0,0:0:0:0:
448,192,45143,1,0,0:0:0:0:
192,192,45189,1,0,0:0:0:0:
320,192,45236,1,0,0:0:0:0:
448,192,45236,1,0,0:0:0:0:
64,192,45282,1,0,0:0:0:0:
192,192,45328,1,0,0:0:0:0:
320,192,45375,1,0,0:0:0:0:
192,192,45421,1,0,0:0:0:0:
448,192,45468,1,0,0:0:0:0:
64,192,45515,1,0,0:0:0:0:
320,192,45515,1,0,0:0:0:0:
192,192,45561,1,0,0:0:0:0:
64,192,45608,1,0,0:0:0:0:
320,192,45608,1,0,0:0:0:0:
448,192,45654,1,0,0:0:0:0:
64,192,45700,1,0,0:0:0:0:
192,192,45700,1,0,0:0:0:0:
320,192,45747,1,0,0:0:0:0:
64,192,45793,1,0,0:0:0:0:
448,192,45793,1,0,0:0:0:0:
320,192,45840,1,0,0:0:0:0:
192,192,45887,1,0,0:0:0:0:
64,192,45933,1,0,0:0:0:0:
320,192,45980,1,0,0:0:0:0:
448,192,46026,1,0,0:0:0:0:
192,192,46072,1,0,0:0:0:0:
64,192,46072,1,0,0:0:0:0:
320,192,46119,1,0,0:0:0:0:
64,192,46166,1,0,0:0:0:0:
192,192,46212,1,0,0:0:0:0:
320,192,46259,1,0,0:0:0:0:
448,192,46305,1,0,0:0:0:0:
192,192,46352,1,0,0:0:0:0:
64,192,46352,1,0,0:0:0:0:
320,192,46398,1,0,0:0:0:0:
448,192,46444,1,0,0:0:0:0:
192,192,46492,1,0,0:0:0:0:
320,192,46538,1,0,0:0:0:0:
192,192,46584,1,0,0:0:0:0:
64,192,46631,1,0,0:0:0:0:
448,192,46631,1,0,0:0:0:0:
320,192,46677,1,0,0:0:0:0:
448,192,46724,1,0,0:0:0:0:
64,192,46770,1,0,0:0:0:0:
192,192,46817,1,0,0:0:0:0:
320,192,46864,1,0,0:0:0:0:
448,192,46910,1,0,0:0:0:0:
64,192,46910,1,0,0:0:0:0:
192,192,46910,1,0,0:0:0:0:
320,192,46956,1,0,0:0:0:0:
64,192,47003,1,0,0:0:0:0:
192,192,47049,1,0,0:0:0:0:
320,192,47096,1,0,0:0:0:0:
448,192,47096,1,0,0:0:0:0:
192,192,47143,1,0,0:0:0:0:
64,192,47189,1,0,0:0:0:0:
320,192,47189,1,0,0:0:0:0:
448,192,47189,1,0,0:0:0:0:
192,192,47236,1,0,0:0:0:0:
448,192,47282,1,0,0:0:0:0:
64,192,47328,1,0,0:0:0:0:
320,192,47375,1,0,0:0:0:0:
192,192,47375,1,0,0:0:0:0:
448,192,47421,1,0,0:0:0:0:
320,192,47468,1,0,0:0:0:0:
192,192,47468,1,0,0:0:0:0:
64,192,47468,1,0,0:0:0:0:
448,192,47515,1,0,0:0:0:0:
320,192,47561,1,0,0:0:0:0:
64,192,47561,1,0,0:0:0:0:
192,192,47608,1,0,0:0:0:0:
64,192,47654,1,0,0:0:0:0:
448,192,47654,1,0,0:0:0:0:
320,192,47700,1,0,0:0:0:0:
192,192,47747,1,0,0:0:0:0:
64,192,47747,1,0,0:0:0:0:
448,192,47747,1,0,0:0:0:0:
320,192,47793,1,0,0:0:0:0:
192,192,47840,1,0,0:0:0:0:
64,192,47887,1,0,0:0:0:0:
320,192,47933,1,0,0:0:0:0:
448,192,47933,1,0,0:0:0:0:
192,192,47980,1,0,0:0:0:0:
64,192,48026,1,0,0:0:0:0:
320,192,48026,1,0,0:0:0:0:
448,192,48026,1,0,0:0:0:0:
192,192,48061,1,0,0:0:0:0:
448,192,48096,1,0,0:0:0:0:
64,192,48131,1,0,0:0:0:0:
320,192,48166,1,0,0:0:0:0:
192,192,48166,1,0,0:0:0:0:
448,192,48212,1,0,0:0:0:0:
64,192,48259,1,0,0:0:0:0:
192,192,48305,1,0,0:0:0:0:
320,192,48305,1,0,0:0:0:0:
448,192,48305,1,0,0:0:0:0:
64,192,48340,1,0,0:0:0:0:
320,192,48375,1,0,0:0:0:0:
192,192,48410,1,0,0:0:0:0:
448,192,48444,1,0,0:0:0:0:
64,192,48444,1,0,0:0:0:0:
320,192,48492,1,0,0:0:0:0:
192,192,48538,1,0,0:0:0:0:
64,192,48584,1,0,0:0:0:0:
320,192,48584,1,0,0:0:0:0:
448,192,48584,1,0,0:0:0:0:
192,192,48619,1,0,0:0:0:0:
448,192,48654,1,0,0:0:0:0:
320,192,48689,1,0,0:0:0:0:
192,192,48724,1,0,0:0:0:0:
64,192,48724,1,0,0:0:0:0:
448,192,48770,1,0,0:0:0:0:
64,192,48817,1,0,0:0:0:0:
192,192,48864,1,0,0:0:0:0:
320,192,48864,1,0,0:0:0:0:
448,192,48864,1,0,0:0:0:0:
64,192,48898,1,0,0:0:0:0:
320,192,48933,1,0,0:0:0:0:
192,192,48968,1,0,0:0:0:0:
64,192,49003,1,0,0:0:0:0:
448,192,49003,1,0,0:0:0:0:
320,192,49049,1,0,0:0:0:0:
192,192,49096,1,0,0:0:0:0:
320,192,49143,1,0,0:0:0:0:
64,192,49143,1,0,0:0:0:0:
448,192,49143,128,0,51375:0:0:0:0:
448,192,51654,1,0,0:0:0:0:
320,192,51840,1,0,0:0:0:0:
64,192,51933,1,0,0:0:0:0:
192,192,52119,1,0,0:0:0:0:
448,192,52212,1,0,0:0:0:0:
320,192,52398,1,0,0:0:0:0:
64,192,52492,1,0,0:0:0:0:
192,192,52677,1,0,0:0:0:0:
448,192,52770,1,0,0:0:0:0:
320,192,52956,1,0,0:0:0:0:
64,192,53049,1,0,0:0:0:0:
192,192,53236,1,0,0:0:0:0:
448,192,53328,1,0,0:0:0:0:
320,192,53515,1,0,0:0:0:0:
64,192,53608,1,0,0:0:0:0:
192,192,53793,1,0,0:0:0:0:
448,192,53887,1,0,0:0:0:0:
320,192,54072,1,0,0:0:0:0:
64,192,54166,1,0,0:0:0:0:
192,192,54352,1,0,0:0:0:0:
448,192,54444,1,0,0:0:0:0:
320,192,54631,1,0,0:0:0:0:
64,192,54724,1,0,0:0:0:0:
192,192,54910,1,0,0:0:0:0:
448,192,55003,1,0,0:0:0:0:
320,192,55189,1,0,0:0:0:0:
64,192,55282,1,0,0:0:0:0:
192,192,55468,1,0,0:0:0:0:
448,192,55561,1,0,0:0:0:0:
64,192,55840,1,0,0:0:0:0:
192,192,55887,1,0,0:0:0:0:
320,192,55933,1,0,0:0:0:0:
448,192,55980,1,0,0:0:0:0:
320,192,56026,1,0,0:0:0:0:
192,192,56072,1,0,0:0:0:0:
64,192,56119,1,0,0:0:0:0:
448,192,56119,1,0,0:0:0:0:
192,192,56166,1,0,0:0:0:0:
320,192,56212,1,0,0:0:0:0:
448,192,56259,1,0,0:0:0:0:
320,192,56305,1,0,0:0:0:0:
192,192,56352,1,0,0:0:0:0:
64,192,56398,1,0,0:0:0:0:
192,192,56444,1,0,0:0:0:0:
320,192,56492,1,0,0:0:0:0:
448,192,56538,1,0,0:0:0:0:
320,192,56584,1,0,0:0:0:0:
192,192,56631,1,0,0:0:0:0:
64,192,56677,1,0,0:0:0:0:
448,192,56677,1,0,0:0:0:0:
192,192,56724,1,0,0:0:0:0:
320,192,56770,1,0,0:0:0:0:
448,192,56817,1,0,0:0:0:0:
320,192,56864,1,0,0:0:0:0:
192,192,56910,1,0,0:0:0:0:
64,192,56956,1,0,0:0:0:0:
192,192,57003,1,0,0:0:0:0:
320,192,57049,1,0,0:0:0:0:
448,192,57096,1,0,0:0:0:0:
320,192,57143,1,0,0:0:0:0:
192,192,57189,1,0,0:0:0:0:
64,192,57236,1,0,0:0:0:0:
448,192,57236,1,0,0:0:0:0:
192,192,57282,1,0,0:0:0:0:
320,192,57328,1,0,0:0:0:0:
448,192,57375,1,0,0:0:0:0:
320,192,57421,1,0,0:0:0:0:
192,192,57468,1,0,0:0:0:0:
64,192,57515,1,0,0:0:0:0:
192,192,57561,1,0,0:0:0:0:
320,192,57608,1,0,0:0:0:0:
448,192,57654,1,0,0:0:0:0:
320,192,57700,1,0,0:0:0:0:
192,192,57747,1,0,0:0:0:0:
64,192,57793,1,0,0:0:0:0:
448,192,57793,1,0,0:0:0:0:
192,192,57840,1,0,0:0:0:0:
320,192,57887,1,0,0:0:0:0:
448,192,57933,1,0,0:0:0:0:
320,192,57980,1,0,0:0:0:0:
192,192,58026,1,0,0:0:0:0:
64,192,58072,1,0,0:0:0:0:
320,192,58119,1,0,0:0:0:0:
192,192,58166,1,0,0:0:0:0:
448,192,58212,1,0,0:0:0:0:
192,192,58259,1,0,0:0:0:0:
320,192,58305,1,0,0:0:0:0:
64,192,58352,1,0,0:0:0:0:
448,192,58352,1,0,0:0:0:0:
320,192,58398,1,0,0:0:0:0:
192,192,58444,1,0,0:0:0:0:
448,192,58492,1,0,0:0:0:0:
192,192,58538,1,0,0:0:0:0:
320,192,58584,1,0,0:0:0:0:
64,192,58631,1,0,0:0:0:0:
320,192,58677,1,0,0:0:0:0:
192,192,58724,1,0,0:0:0:0:
448,192,58770,1,0,0:0:0:0:
192,192,58817,1,0,0:0:0:0:
320,192,58864,1,0,0:0:0:0:
64,192,58910,1,0,0:0:0:0:
448,192,58910,1,0,0:0:0:0:
320,192,58956,1,0,0:0:0:0:
192,192,59003,1,0,0:0:0:0:
448,192,59049,1,0,0:0:0:0:
192,192,59096,1,0,0:0:0:0:
320,192,59143,1,0,0:0:0:0:
64,192,59189,1,0,0:0:0:0:
192,192,59236,1,0,0:0:0:0:
320,192,59282,1,0,0:0:0:0:
64,192,59328,1,0,0:0:0:0:
320,192,59375,1,0,0:0:0:0:
192,192,59421,1,0,0:0:0:0:
64,192,59468,1,0,0:0:0:0:
448,192,59468,1,0,0:0:0:0:
192,192,59515,1,0,0:0:0:0:
320,192,59561,1,0,0:0:0:0:
64,192,59608,1,0,0:0:0:0:
320,192,59654,1,0,0:0:0:0:
192,192,59700,1,0,0:0:0:0:
448,192,59747,1,0,0:0:0:0:
192,192,59793,1,0,0:0:0:0:
320,192,59840,1,0,0:0:0:0:
64,192,59887,1,0,0:0:0:0:
320,192,59933,1,0,0:0:0:0:
192,192,59980,1,0,0:0:0:0:
64,192,60026,1,0,0:0:0:0:
448,192,60026,1,0,0:0:0:0:
192,192,60072,1,0,0:0:0:0:
320,192,60119,1,0,0:0:0:0:
448,192,60166,1,0,0:0:0:0:
64,192,60212,1,0,0:0:0:0:
192,192,60259,1,0,0:0:0:0:
448,192,60305,1,0,0:0:0:0:
320,192,60305,1,0,0:0:0:0:
64,192,60352,1,0,0:0:0:0:
192,192,60398,1,0,0:0:0:0:
64,192,60444,1,0,0:0:0:0:
448,192,60492,1,0,0:0:0:0:
320,192,60538,1,0,0:0:0:0:
192,192,60584,1,0,0:0:0:0:
64,192,60584,1,0,0:0:0:0:
320,192,60631,1,0,0:0:0:0:
448,192,60677,1,0,0:0:0:0:
192,192,60724,1,0,0:0:0:0:
320,192,60770,1,0,0:0:0:0:
64,192,60817,1,0,0:0:0:0:
192,192,60864,1,0,0:0:0:0:
448,192,60864,1,0,0:0:0:0:
320,192,60910,1,0,0:0:0:0:
192,192,60956,1,0,0:0:0:0:
64,192,61003,1,0,0:0:0:0:
320,192,61049,1,0,0:0:0:0:
448,192,61049,1,0,0:0:0:0:
192,192,61096,1,0,0:0:0:0:
64,192,61143,1,0,0:0:0:0:
448,192,61143,1,0,0:0:0:0:
192,192,61189,1,0,0:0:0:0:
320,192,61236,1,0,0:0:0:0:
64,192,61282,1,0,0:0:0:0:
448,192,61328,1,0,0:0:0:0:
192,192,61375,1,0,0:0:0:0:
448,192,61421,1,0,0:0:0:0:
320,192,61421,1,0,0:0:0:0:
64,192,61468,1,0,0:0:0:0:
192,192,61515,1,0,0:0:0:0:
320,192,61561,1,0,0:0:0:0:
448,192,61608,1,0,0:0:0:0:
64,192,61654,1,0,0:0:0:0:
320,192,61700,1,0,0:0:0:0:
448,192,61700,1,0,0:0:0:0:
192,192,61747,1,0,0:0:0:0:
64,192,61793,1,0,0:0:0:0:
448,192,61840,1,0,0:0:0:0:
320,192,61887,1,0,0:0:0:0:
448,192,61933,1,0,0:0:0:0:
192,192,61980,1,0,0:0:0:0:
64,192,61980,1,0,0:0:0:0:
320,192,62026,1,0,0:0:0:0:
448,192,62072,1,0,0:0:0:0:
192,192,62119,1,0,0:0:0:0:
64,192,62166,1,0,0:0:0:0:
448,192,62166,1,0,0:0:0:0:
320,192,62212,1,0,0:0:0:0:
192,192,62259,1,0,0:0:0:0:
64,192,62259,1,0,0:0:0:0:
448,192,62305,1,0,0:0:0:0:
64,192,62352,1,0,0:0:0:0:
192,192,62398,1,0,0:0:0:0:
320,192,62444,1,0,0:0:0:0:
448,192,62444,1,0,0:0:0:0:
192,192,62492,1,0,0:0:0:0:
64,192,62538,1,0,0:0:0:0:
320,192,62538,1,0,0:0:0:0:
448,192,62584,1,0,0:0:0:0:
192,192,62631,1,0,0:0:0:0:
320,192,62677,1,0,0:0:0:0:
64,192,62724,1,0,0:0:0:0:
320,192,62770,1,0,0:0:0:0:
192,192,62817,1,0,0:0:0:0:
448,192,62817,1,0,0:0:0:0:
64,192,62864,1,0,0:0:0:0:
320,192,62910,1,0,0:0:0:0:
192,192,62956,1,0,0:0:0:0:
448,192,63003,1,0,0:0:0:0:
320,192,63049,1,0,0:0:0:0:
192,192,63096,1,0,0:0:0:0:
64,192,63096,1,0,0:0:0:0:
320,192,63143,1,0,0:0:0:0:
448,192,63189,1,0,0:0:0:0:
64,192,63236,1,0,0:0:0:0:
192,192,63282,1,0,0:0:0:0:
320,192,63282,1,0,0:0:0:0:
64,192,63328,1,0,0:0:0:0:
448,192,63375,1,0,0:0:0:0:
192,192,63375,1,0,0:0:0:0:
320,192,63421,1,0,0:0:0:0:
64,192,63468,1,0,0:0:0:0:
448,192,63515,1,0,0:0:0:0:
192,192,63561,1,0,0:0:0:0:
320,192,63608,1,0,0:0:0:0:
192,192,63654,1,0,0:0:0:0:
64,192,63654,1,0,0:0:0:0:
320,192,63700,1,0,0:0:0:0:
448,192,63747,1,0,0:0:0:0:
192,192,63793,1,0,0:0:0:0:
320,192,63840,1,0,0:0:0:0:
64,192,63887,1,0,0:0:0:0:
192,192,63933,1,0,0:0:0:0:
448,192,63933,1,0,0:0:0:0:
320,192,63980,1,0,0:0:0:0:
192,192,64026,1,0,0:0:0:0:
64,192,64072,1,0,0:0:0:0:
448,192,64119,1,0,0:0:0:0:
320,192,64166,1,0,0:0:0:0:
192,192,64212,1,0,0:0:0:0:
64,192,64212,1,0,0:0:0:0:
448,192,64259,1,0,0:0:0:0:
192,192,64305,1,0,0:0:0:0:
320,192,64352,1,0,0:0:0:0:
64,192,64398,1,0,0:0:0:0:
448,192,64398,1,0,0:0:0:0:
192,192,64444,1,0,0:0:0:0:
320,192,64492,1,0,0:0:0:0:
448,192,64492,1,0,0:0:0:0:
64,192,64538,1,0,0:0:0:0:
192,192,64584,1,0,0:0:0:0:
320,192,64631,1,0,0:0:0:0:
64,192,64677,1,0,0:0:0:0:
448,192,64677,1,0,0:0:0:0:
192,192,64724,1,0,0:0:0:0:
64,192,64770,1,0,0:0:0:0:
448,192,64770,1,0,0:0:0:0:
320,192,64817,1,0,0:0:0:0:
192,192,64864,1,0,0:0:0:0:
64,192,64910,1,0,0:0:0:0:
448,192,64956,1,0,0:0:0:0:
192,192,65003,1,0,0:0:0:0:
320,192,65049,1,0,0:0:0:0:
448,192,65049,1,0,0:0:0:0:
64,192,65096,1,0,0:0:0:0:
192,192,65143,1,0,0:0:0:0:
320,192,65189,1,0,0:0:0:0:
448,192,65236,1,0,0:0:0:0:
192,192,65282,1,0,0:0:0:0:
64,192,65328,1,0,0:0:0:0:
448,192,65328,1,0,0:0:0:0:
192,192,65375,1,0,0:0:0:0:
320,192,65421,1,0,0:0:0:0:
448,192,65468,1,0,0:0:0:0:
192,192,65515,1,0,0:0:0:0:
64,192,65515,1,0,0:0:0:0:
448,192,65561,1,0,0:0:0:0:
320,192,65608,1,0,0:0:0:0:
64,192,65608,1,0,0:0:0:0:
192,192,65654,1,0,0:0:0:0:
448,192,65700,1,0,0:0:0:0:
320,192,65747,1,0,0:0:0:0:
64,192,65793,1,0,0:0:0:0:
192,192,65840,1,0,0:0:0:0:
320,192,65887,1,0,0:0:0:0:
448,192,65887,1,0,0:0:0:0:
64,192,65933,1,0,0:0:0:0:
192,192,65980,1,0,0:0:0:0:
320,192,66026,1,0,0:0:0:0:
448,192,66072,1,0,0:0:0:0:
192,192,66119,1,0,0:0:0:0:
64,192,66166,1,0,0:0:0:0:
320,192,66166,1,0,0:0:0:0:
192,192,66212,1,0,0:0:0:0:
448,192,66259,1,0,0:0:0:0:
320,192,66305,1,0,0:0:0:0:
64,192,66352,1,0,0:0:0:0:
192,192,66398,1,0,0:0:0:0:
320,192,66444,1,0,0:0:0:0:
448,192,66444,1,0,0:0:0:0:
64,192,66492,1,0,0:0:0:0:
192,192,66538,1,0,0:0:0:0:
448,192,66584,1,0,0:0:0:0:
64,192,66631,1,0,0:0:0:0:
320,192,66631,1,0,0:0:0:0:
192,192,66677,1,0,0:0:0:0:
64,192,66724,1,0,0:0:0:0:
448,192,66724,1,0,0:0:0:0:
320,192,66770,1,0,0:0:0:0:
192,192,66817,1,0,0:0:0:0:
320,192,66864,1,0,0:0:0:0:
64,192,66910,1,0,0:0:0:0:
448,192,66910,1,0,0:0:0:0:
192,192,66956,1,0,0:0:0:0:
320,192,67003,1,0,0:0:0:0:
448,192,67003,1,0,0:0:0:0:
192,192,67049,1,0,0:0:0:0:
64,192,67096,1,0,0:0:0:0:
320,192,67143,1,0,0:0:0:0:
192,192,67189,1,0,0:0:0:0:
448,192,67236,1,0,0:0:0:0:
192,192,67282,1,0,0:0:0:0:
64,192,67282,1,0,0:0:0:0:
320,192,67328,1,0,0:0:0:0:
448,192,67375,1,0,0:0:0:0:
64,192,67421,1,0,0:0:0:0:
320,192,67468,1,0,0:0:0:0:
64,192,67515,1,0,0:0:0:0:
192,192,67561,1,0,0:0:0:0:
448,192,67561,1,0,0:0:0:0:
320,192,67608,1,0,0:0:0:0:
448,192,67654,1,0,0:0:0:0:
64,192,67700,1,0,0:0:0:0:
320,192,67747,1,0,0:0:0:0:
192,192,67747,1,0,0:0:0:0:
64,192,67793,1,0,0:0:0:0:
320,192,67840,1,0,0:0:0:0:
448,192,67840,1,0,0:0:0:0:
192,192,67887,1,0,0:0:0:0:
64,192,67933,1,0,0:0:0:0:
320,192,67980,1,0,0:0:0:0:
192,192,68026,1,0,0:0:0:0:
448,192,68072,1,0,0:0:0:0:
64,192,68119,1,0,0:0:0:0:
192,192,68119,1,0,0:0:0:0:
320,192,68166,1,0,0:0:0:0:
448,192,68212,1,0,0:0:0:0:
64,192,68259,1,0,0:0:0:0:
320,192,68305,1,0,0:0:0:0:
192,192,68352,1,0,0:0:0:0:
320,192,68398,1,0,0:0:0:0:
448,192,68398,1,0,0:0:0:0:
64,192,68444,1,0,0:0:0:0:
192,192,68492,1,0,0:0:0:0:
320,192,68538,1,0,0:0:0:0:
448,192,68584,1,0,0:0:0:0:
64,192,68631,1,0,0:0:0:0:
192,192,68677,1,0,0:0:0:0:
448,192,68677,1,0,0:0:0:0:
320,192,68724,1,0,0:0:0:0:
64,192,68770,1,0,0:0:0:0:
448,192,68817,1,0,0:0:0:0:
192,192,68864,1,0,0:0:0:0:
64,192,68864,1,0,0:0:0:0:
320,192,68910,1,0,0:0:0:0:
448,192,68956,1,0,0:0:0:0:
64,192,68956,1,0,0:0:0:0:
192,192,69003,1,0,0:0:0:0:
320,192,69049,1,0,0:0:0:0:
448,192,69096,1,0,0:0:0:0:
64,192,69143,1,0,0:0:0:0:
320,192,69189,1,0,0:0:0:0:
192,192,69236,1,0,0:0:0:0:
64,192,69236,1,0,0:0:0:0:
448,192,69236,1,0,0:0:0:0:
320,192,69282,1,0,0:0:0:0:
448,192,69328,1,0,0:0:0:0:
64,192,69328,1,0,0:0:0:0:
192,192,69375,1,0,0:0:0:0:
320,192,69421,1,0,0:0:0:0:
64,192,69421,1,0,0:0:0:0:
448,192,69468,1,0,0:0:0:0:
64,192,69515,1,0,0:0:0:0:
192,192,69515,1,0,0:0:0:0:
320,192,69561,1,0,0:0:0:0:
448,192,69608,1,0,0:0:0:0:
192,192,69608,1,0,0:0:0:0:
64,192,69654,1,0,0:0:0:0:
320,192,69700,1,0,0:0:0:0:
448,192,69700,1,0,0:0:0:0:
192,192,69747,1,0,0:0:0:0:
64,192,69793,1,0,0:0:0:0:
320,192,69793,1,0,0:0:0:0:
448,192,69840,1,0,0:0:0:0:
64,192,69887,1,0,0:0:0:0:
192,192,69887,1,0,0:0:0:0:
320,192,69933,1,0,0:0:0:0:
448,192,69980,1,0,0:0:0:0:
64,192,69980,1,0,0:0:0:0:
320,192,70026,1,0,0:0:0:0:
64,192,70072,1,0,0:0:0:0:
192,192,70072,1,0,0:0:0:0:
320,192,70119,1,0,0:0:0:0:
448,192,70166,1,0,0:0:0:0:
192,192,70166,1,0,0:0:0:0:
64,192,70212,1,0,0:0:0:0:
320,192,70259,1,0,0:0:0:0:
448,192,70259,1,0,0:0:0:0:
192,192,70305,1,0,0:0:0:0:
64,192,70352,1,0,0:0:0:0:
448,192,70352,1,0,0:0:0:0:
320,192,70398,1,0,0:0:0:0:
192,192,70444,1,0,0:0:0:0:
448,192,70444,1,0,0:0:0:0:
64,192,70492,1,0,0:0:0:0:
192,192,70538,1,0,0:0:0:0:
320,192,70538,1,0,0:0:0:0:
448,192,70584,1,0,0:0:0:0:
64,192,70631,1,0,0:0:0:0:
192,192,70631,1,0,0:0:0:0:
320,192,70677,1,0,0:0:0:0:
448,192,70724,1,0,0:0:0:0:
64,192,70724,1,0,0:0:0:0:
192,192,70770,1,0,0:0:0:0:
320,192,70817,1,0,0:0:0:0:
448,192,70817,1,0,0:0:0:0:
192,192,70864,1,0,0:0:0:0:
64,192,70910,1,0,0:0:0:0:
448,192,70910,1,0,0:0:0:0:
320,192,70956,1,0,0:0:0:0:
192,192,71003,1,0,0:0:0:0:
64,192,71003,1,0,0:0:0:0:
320,192,71049,1,0,0:0:0:0:
448,192,71096,1,0,0:0:0:0:
64,192,71096,1,0,0:0:0:0:
320,192,71143,1,0,0:0:0:0:
192,192,71189,1,0,0:0:0:0:
64,192,71189,1,0,0:0:0:0:
448,192,71236,1,0,0:0:0:0:
320,192,71282,1,0,0:0:0:0:
192,192,71282,1,0,0:0:0:0:
64,192,71328,1,0,0:0:0:0:
320,192,71375,1,0,0:0:0:0:
448,192,71375,1,0,0:0:0:0:
192,192,71421,1,0,0:0:0:0:
64,192,71468,1,0,0:0:0:0:
320,192,71468,1,0,0:0:0:0:
448,192,71468,1,0,0:0:0:0:
192,192,71515,1,0,0:0:0:0:
64,192,71561,1,0,0:0:0:0:
448,192,71561,1,0,0:0:0:0:
320,192,71608,1,0,0:0:0:0:
192,192,71654,1,0,0:0:0:0:
448,192,71654,1,0,0:0:0:0:
64,192,71700,1,0,0:0:0:0:
320,192,71747,1,0,0:0:0:0:
448,192,71747,1,0,0:0:0:0:
64,192,71793,1,0,0:0:0:0:
192,192,71840,1,0,0:0:0:0:
320,192,71840,1,0,0:0:0:0:
448,192,71887,1,0,0:0:0:0:
192,192,71933,1,0,0:0:0:0:
64,192,71933,1,0,0:0:0:0:
448,192,71980,1,0,0:0:0:0:
64,192,72026,1,0,0:0:0:0:
320,192,72026,1,0,0:0:0:0:
192,192,72072,1,0,0:0:0:0:
64,192,72119,1,0,0:0:0:0:
448,192,72119,1,0,0:0:0:0:
320,192,72166,1,0,0:0:0:0:
448,192,72212,1,0,0:0:0:0:
192,192,72212,1,0,0:0:0:0:
64,192,72259,1,0,0:0:0:0:
448,192,72305,1,0,0:0:0:0:
320,192,72305,1,0,0:0:0:0:
64,192,72352,1,0,0:0:0:0:
448,192,72398,1,0,0:0:0:0:
192,192,72398,1,0,0:0:0:0:
320,192,72444,1,0,0:0:0:0:
448,192,72492,1,0,0:0:0:0:
64,192,72492,1,0,0:0:0:0:
192,192,72538,1,0,0:0:0:0:
64,192,72584,1,0,0:0:0:0:
448,192,72584,1,0,0:0:0:0:
320,192,72631,1,0,0:0:0:0:
192,192,72677,1,0,0:0:0:0:
64,192,72677,1,0,0:0:0:0:
448,192,72724,1,0,0:0:0:0:
320,192,72770,1,0,0:0:0:0:
192,192,72770,1,0,0:0:0:0:
64,192,72817,1,0,0:0:0:0:
320,192,72864,1,0,0:0:0:0:
448,192,72864,1,0,0:0:0:0:
64,192,72910,1,0,0:0:0:0:
192,192,72956,1,0,0:0:0:0:
448,192,72956,1,0,0:0:0:0:
320,192,73003,1,0,0:0:0:0:
64,192,73049,1,0,0:0:0:0:
448,192,73049,1,0,0:0:0:0:
192,192,73096,1,0,0:0:0:0:
320,192,73143,1,0,0:0:0:0:
64,192,73143,1,0,0:0:0:0:
448,192,73189,1,0,0:0:0:0:
192,192,73236,1,0,0:0:0:0:
64,192,73236,1,0,0:0:0:0:
320,192,73282,1,0,0:0:0:0:
448,192,73328,1,0,0:0:0:0:
64,192,73328,1,0,0:0:0:0:
320,192,73375,1,0,0:0:0:0:
192,192,73421,1,0,0:0:0:0:
64,192,73421,1,0,0:0:0:0:
448,192,73468,1,0,0:0:0:0:
320,192,73515,1,0,0:0:0:0:
192,192,73515,1,0,0:0:0:0:
64,192,73561,1,0,0:0:0:0:
448,192,73608,1,0,0:0:0:0:
320,192,73608,1,0,0:0:0:0:
192,192,73654,1,0,0:0:0:0:
64,192,73700,1,0,0:0:0:0:
448,192,73700,1,0,0:0:0:0:
320,192,73700,1,0,0:0:0:0:
64,192,73793,1,0,0:0:0:0:
192,192,73793,1,0,0:0:0:0:
448,192,73793,1,0,0:0:0:0:
320,192,73887,1,0,0:0:0:0:
192,192,73887,1,0,0:0:0:0:
64,192,73887,1,0,0:0:0:0:
448,192,73980,1,0,0:0:0:0:
320,192,73980,1,0,0:0:0:0:
192,192,73980,1,0,0:0:0:0:
64,192,74072,1,0,0:0:0:0:
192,192,74072,1,0,0:0:0:0:
448,192,74072,1,0,0:0:0:0:
320,192,74166,1,0,0:0:0:0:
448,192,74166,1,0,0:0:0:0:
64,192,74166,1,0,0:0:0:0:
192,192,74259,1,0,0:0:0:0:
64,192,74259,1,0,0:0:0:0:
320,192,74259,1,0,0:0:0:0:
448,192,74352,1,0,0:0:0:0:
320,192,74352,1,0,0:0:0:0:
192,192,74352,1,0,0:0:0:0:
64,192,74444,1,0,0:0:0:0:
192,192,74444,1,0,0:0:0:0:
448,192,74444,1,0,0:0:0:0:
320,192,74538,1,0,0:0:0:0:
448,192,74538,1,0,0:0:0:0:
64,192,74538,1,0,0:0:0:0:
192,192,74631,1,0,0:0:0:0:
320,192,74631,1,0,0:0:0:0:
448,192,74631,1,0,0:0:0:0:
192,192,74724,1,0,0:0:0:0:
64,192,74724,1,0,0:0:0:0:
448,192,74724,1,0,0:0:0:0:
192,192,74817,1,0,0:0:0:0:
64,192,74817,1,0,0:0:0:0:
320,192,74864,1,0,0:0:0:0:
448,192,74864,1,0,0:0:0:0:
192,192,74910,1,0,0:0:0:0:
64,192,74910,1,0,0:0:0:0:
320,192,74956,1,0,0:0:0:0:
448,192,74956,1,0,0:0:0:0:
192,192,75003,1,0,0:0:0:0:
64,192,75003,1,0,0:0:0:0:
320,192,75049,1,0,0:0:0:0:
448,192,75049,1,0,0:0:0:0:
64,192,75096,1,0,0:0:0:0:
192,192,75096,1,0,0:0:0:0:
320,192,75143,1,0,0:0:0:0:
448,192,75143,1,0,0:0:0:0:
192,192,75189,1,0,0:0:0:0:
64,192,75189,1,0,0:0:0:0:
320,192,75236,1,0,0:0:0:0:
448,192,75236,1,0,0:0:0:0:
64,192,75282,1,0,0:0:0:0:
192,192,75282,1,0,0:0:0:0:
448,192,75328,1,0,0:0:0:0:
320,192,75328,1,0,0:0:0:0:
192,192,75375,1,0,0:0:0:0:
64,192,75375,1,0,0:0:0:0:
448,192,75421,1,0,0:0:0:0:
320,192,75421,1,0,0:0:0:0:
64,192,75468,1,0,0:0:0:0:
192,192,75468,1,0,0:0:0:0:
448,192,75515,1,0,0:0:0:0:
320,192,75515,1,0,0:0:0:0:
192,192,75561,1,0,0:0:0:0:
64,192,75561,1,0,0:0:0:0:
320,192,75608,1,0,0:0:0:0:
448,192,75608,1,0,0:0:0:0:
64,192,75654,1,0,0:0:0:0:
192,192,75654,1,0,0:0:0:0:
320,192,75700,1,0,0:0:0:0:
448,192,75700,1,0,0:0:0:0:
192,192,75747,1,0,0:0:0:0:
64,192,75747,1,0,0:0:0:0:
320,192,75793,1,0,0:0:0:0:
448,192,75793,1,0,0:0:0:0:
64,192,75840,1,0,0:0:0:0:
192,192,75840,1,0,0:0:0:0:
448,192,75887,1,0,0:0:0:0:
320,192,75887,1,0,0:0:0:0:
64,192,75933,1,0,0:0:0:0:
192,192,75933,1,0,0:0:0:0:
320,192,75968,1,0,0:0:0:0:
448,192,76003,1,0,0:0:0:0:
192,192,76038,1,0,0:0:0:0:
64,192,76072,1,0,0:0:0:0:
320,192,76108,1,0,0:0:0:0:
192,192,76143,1,0,0:0:0:0:
448,192,76177,1,0,0:0:0:0:
320,192,76212,1,0,0:0:0:0:
64,192,76212,1,0,0:0:0:0:
192,192,76247,1,0,0:0:0:0:
448,192,76282,1,0,0:0:0:0:
320,192,76317,1,0,0:0:0:0:
64,192,76352,1,0,0:0:0:0:
448,192,76387,1,0,0:0:0:0:
192,192,76421,1,0,0:0:0:0:
320,192,76456,1,0,0:0:0:0:
64,192,76492,1,0,0:0:0:0:
448,192,76492,1,0,0:0:0:0:
192,192,76526,1,0,0:0:0:0:
320,192,76561,1,0,0:0:0:0:
64,192,76596,1,0,0:0:0:0:
192,192,76631,1,0,0:0:0:0:
448,192,76631,1,0,0:0:0:0:
320,192,76666,1,0,0:0:0:0:
64,192,76700,1,0,0:0:0:0:
192,192,76736,1,0,0:0:0:0:
64,192,76770,1,0,0:0:0:0:
448,192,76770,1,0,0:0:0:0:
320,192,76805,1,0,0:0:0:0:
192,192,76840,1,0,0:0:0:0:
448,192,76875,1,0,0:0:0:0:
64,192,76910,1,0,0:0:0:0:
320,192,76910,1,0,0:0:0:0:
192,192,76944,1,0,0:0:0:0:
448,192,76980,1,0,0:0:0:0:
320,192,77015,1,0,0:0:0:0:
192,192,77049,1,0,0:0:0:0:
64,192,77049,1,0,0:0:0:0:
448,192,77049,1,0,0:0:0:0:
320,192,77096,1,0,0:0:0:0:
192,192,77143,1,0,0:0:0:0:
64,192,77143,1,0,0:0:0:0:
448,192,77189,1,0,0:0:0:0:
320,192,77236,1,0,0:0:0:0:
64,192,77236,1,0,0:0:0:0:
192,192,77282,1,0,0:0:0:0:
64,192,77328,1,0,0:0:0:0:
320,192,77328,1,0,0:0:0:0:
448,192,77328,1,0,0:0:0:0:
192,192,77375,1,0,0:0:0:0:
320,192,77421,1,0,0:0:0:0:
448,192,77421,1,0,0:0:0:0:
64,192,77468,1,0,0:0:0:0:
192,192,77515,1,0,0:0:0:0:
320,192,77515,1,0,0:0:0:0:
448,192,77561,1,0,0:0:0:0:
192,192,77608,1,0,0:0:0:0:
64,192,77608,1,0,0:0:0:0:
320,192,77608,1,0,0:0:0:0:
448,192,77654,1,0,0:0:0:0:
192,192,77700,1,0,0:0:0:0:
64,192,77700,1,0,0:0:0:0:
320,192,77747,1,0,0:0:0:0:
448,192,77793,1,0,0:0:0:0:
64,192,77793,1,0,0:0:0:0:
320,192,77840,1,0,0:0:0:0:
192,192,77887,1,0,0:0:0:0:
64,192,77887,1,0,0:0:0:0:
320,192,77933,1,0,0:0:0:0:
448,192,77980,1,0,0:0:0:0:
64,192,77980,1,0,0:0:0:0:
192,192,78026,1,0,0:0:0:0:
448,192,78072,1,0,0:0:0:0:
320,192,78072,1,0,0:0:0:0:
192,192,78119,1,0,0:0:0:0:
64,192,78166,1,0,0:0:0:0:
448,192,78166,1,0,0:0:0:0:
320,192,78166,1,0,0:0:0:0:
192,192,78212,1,0,0:0:0:0:
448,192,78259,1,0,0:0:0:0:
320,192,78305,1,0,0:0:0:0:
192,192,78352,1,0,0:0:0:0:
64,192,78398,1,0,0:0:0:0:
320,192,78444,1,0,0:0:0:0:
448,192,78444,1,0,0:0:0:0:
192,192,78492,1,0,0:0:0:0:
64,192,78538,1,0,0:0:0:0:
192,192,78584,1,0,0:0:0:0:
320,192,78631,1,0,0:0:0:0:
448,192,78677,1,0,0:0:0:0:
192,192,78724,1,0,0:0:0:0:
64,192,78724,1,0,0:0:0:0:
320,192,78770,1,0,0:0:0:0:
448,192,78817,1,0,0:0:0:0:
320,192,78864,1,0,0:0:0:0:
192,192,78910,1,0,0:0:0:0:
64,192,78956,1,0,0:0:0:0:
320,192,79003,1,0,0:0:0:0:
448,192,79003,1,0,0:0:0:0:
64,192,79049,1,0,0:0:0:0:
192,192,79096,1,0,0:0:0:0:
320,192,79143,1,0,0:0:0:0:
448,192,79189,1,0,0:0:0:0:
320,192,79236,1,0,0:0:0:0:
192,192,79282,1,0,0:0:0:0:
64,192,79282,1,0,0:0:0:0:
448,192,79328,1,0,0:0:0:0:
320,192,79375,1,0,0:0:0:0:
192,192,79421,1,0,0:0:0:0:
64,192,79468,1,0,0:0:0:0:
192,192,79515,1,0,0:0:0:0:
320,192,79561,1,0,0:0:0:0:
448,192,79561,1,0,0:0:0:0:
64,192,79608,1,0,0:0:0:0:
192,192,79654,1,0,0:0:0:0:
320,192,79700,1,0,0:0:0:0:
448,192,79747,1,0,0:0:0:0:
320,192,79793,1,0,0:0:0:0:
192,192,79840,1,0,0:0:0:0:
64,192,79840,1,0,0:0:0:0:
448,192,79887,1,0,0:0:0:0:
320,192,79933,1,0,0:0:0:0:
192,192,79980,1,0,0:0:0:0:
64,192,80026,1,0,0:0:0:0:
192,192,80072,1,0,0:0:0:0:
320,192,80119,1,0,0:0:0:0:
448,192,80119,1,0,0:0:0:0:
64,192,80166,1,0,0:0:0:0:
192,192,80212,1,0,0:0:0:0:
320,192,80259,1,0,0:0:0:0:
448,192,80305,1,0,0:0:0:0:
64,192,80305,1,0,0:0:0:0:
320,192,80352,1,0,0:0:0:0:
192,192,80398,1,0,0:0:0:0:
64,192,80398,1,0,0:0:0:0:
448,192,80444,1,0,0:0:0:0:
192,192,80492,1,0,0:0:0:0:
320,192,80538,1,0,0:0:0:0:
64,192,80584,1,0,0:0:0:0:
320,192,80631,1,0,0:0:0:0:
192,192,80677,1,0,0:0:0:0:
64,192,80677,1,0,0:0:0:0:
448,192,80724,1,0,0:0:0:0:
192,192,80770,1,0,0:0:0:0:
320,192,80817,1,0,0:0:0:0:
64,192,80864,1,0,0:0:0:0:
320,192,80910,1,0,0:0:0:0:
192,192,80956,1,0,0:0:0:0:
448,192,80956,1,0,0:0:0:0:
64,192,81003,1,0,0:0:0:0:
320,192,81049,1,0,0:0:0:0:
64,192,81096,1,0,0:0:0:0:
448,192,81143,1,0,0:0:0:0:
192,192,81189,1,0,0:0:0:0:
448,192,81236,1,0,0:0:0:0:
320,192,81236,1,0,0:0:0:0:
64,192,81282,1,0,0:0:0:0:
320,192,81328,1,0,0:0:0:0:
192,192,81375,1,0,0:0:0:0:
448,192,81421,1,0,0:0:0:0:
192,192,81468,1,0,0:0:0:0:
64,192,81515,1,0,0:0:0:0:
320,192,81515,1,0,0:0:0:0:
448,192,81561,1,0,0:0:0:0:
320,192,81608,1,0,0:0:0:0:
192,192,81654,1,0,0:0:0:0:
64,192,81700,1,0,0:0:0:0:
192,192,81747,1,0,0:0:0:0:
320,192,81793,1,0,0:0:0:0:
448,192,81793,1,0,0:0:0:0:
64,192,81840,1,0,0:0:0:0:
192,192,81887,1,0,0:0:0:0:
320,192,81933,1,0,0:0:0:0:
448,192,81956,1,0,0:0:0:0:
192,192,81980,1,0,0:0:0:0:
64,192,82003,1,0,0:0:0:0:
320,192,82003,1,0,0:0:0:0:
448,192,82026,1,0,0:0:0:0:
192,192,82049,1,0,0:0:0:0:
64,192,82072,1,0,0:0:0:0:
320,192,82072,1,0,0:0:0:0:
448,192,82119,1,0,0:0:0:0:
192,192,82166,1,0,0:0:0:0:
64,192,82212,1,0,0:0:0:0:
320,192,82259,1,0,0:0:0:0:
192,192,82305,1,0,0:0:0:0:
448,192,82352,1,0,0:0:0:0:
64,192,82352,1,0,0:0:0:0:
192,192,82398,1,0,0:0:0:0:
320,192,82444,1,0,0:0:0:0:
448,192,82492,1,0,0:0:0:0:
192,192,82538,1,0,0:0:0:0:
64,192,82538,1,0,0:0:0:0:
320,192,82584,1,0,0:0:0:0:
448,192,82631,1,0,0:0:0:0:
64,192,82631,1,0,0:0:0:0:
192,192,82677,1,0,0:0:0:0:
448,192,82724,1,0,0:0:0:0:
64,192,82770,1,0,0:0:0:0:
320,192,82817,1,0,0:0:0:0:
64,192,82864,1,0,0:0:0:0:
320,192,82910,1,0,0:0:0:0:
448,192,82910,1,0,0:0:0:0:
192,192,82956,1,0,0:0:0:0:
320,192,83003,1,0,0:0:0:0:
64,192,83049,1,0,0:0:0:0:
448,192,83096,1,0,0:0:0:0:
64,192,83143,1,0,0:0:0:0:
192,192,83189,1,0,0:0:0:0:
448,192,83189,1,0,0:0:0:0:
64,192,83236,1,0,0:0:0:0:
320,192,83282,1,0,0:0:0:0:
192,192,83328,1,0,0:0:0:0:
448,192,83375,1,0,0:0:0:0:
64,192,83421,1,0,0:0:0:0:
320,192,83468,1,0,0:0:0:0:
192,192,83468,1,0,0:0:0:0:
64,192,83515,1,0,0:0:0:0:
448,192,83561,1,0,0:0:0:0:
320,192,83561,1,0,0:0:0:0:
192,192,83608,1,0,0:0:0:0:
320,192,83654,1,0,0:0:0:0:
64,192,83654,1,0,0:0:0:0:
192,192,83700,1,0,0:0:0:0:
64,192,83747,1,0,0:0:0:0:
448,192,83747,1,0,0:0:0:0:
320,192,83793,1,0,0:0:0:0:
192,192,83840,1,0,0:0:0:0:
64,192,83887,1,0,0:0:0:0:
448,192,83933,1,0,0:0:0:0:
64,192,83980,1,0,0:0:0:0:
320,192,84026,1,0,0:0:0:0:
448,192,84026,1,0,0:0:0:0:
192,192,84072,1,0,0:0:0:0:
64,192,84119,1,0,0:0:0:0:
320,192,84166,1,0,0:0:0:0:
192,192,84212,1,0,0:0:0:0:
64,192,84259,1,0,0:0:0:0:
320,192,84305,1,0,0:0:0:0:
448,192,84305,1,0,0:0:0:0:
192,192,84352,1,0,0:0:0:0:
448,192,84398,1,0,0:0:0:0:
64,192,84444,1,0,0:0:0:0:
320,192,84492,1,0,0:0:0:0:
64,192,84538,1,0,0:0:0:0:
192,192,84584,1,0,0:0:0:0:
448,192,84584,1,0,0:0:0:0:
320,192,84631,1,0,0:0:0:0:
192,192,84677,1,0,0:0:0:0:
64,192,84724,1,0,0:0:0:0:
320,192,84770,1,0,0:0:0:0:
448,192,84770,1,0,0:0:0:0:
192,192,84817,1,0,0:0:0:0:
64,192,84864,1,0,0:0:0:0:
320,192,84864,1,0,0:0:0:0:
448,192,84864,1,0,0:0:0:0:
192,192,84910,1,0,0:0:0:0:
448,192,84956,1,0,0:0:0:0:
64,192,85003,1,0,0:0:0:0:
320,192,85049,1,0,0:0:0:0:
192,192,85049,1,0,0:0:0:0:
448,192,85096,1,0,0:0:0:0:
320,192,85143,1,0,0:0:0:0:
192,192,85143,1,0,0:0:0:0:
64,192,85143,1,0,0:0:0:0:
448,192,85189,1,0,0:0:0:0:
64,192,85236,1,0,0:0:0:0:
320,192,85282,1,0,0:0:0:0:
192,192,85328,1,0,0:0:0:0:
64,192,85328,1,0,0:0:0:0:
320,192,85375,1,0,0:0:0:0:
448,192,85421,1,0,0:0:0:0:
64,192,85421,1,0,0:0:0:0:
192,192,85468,1,0,0:0:0:0:
320,192,85468,1,0,0:0:0:0:
64,192,85515,1,0,0:0:0:0:
448,192,85515,1,0,0:0:0:0:
192,192,85561,1,0,0:0:0:0:
320,192,85608,1,0,0:0:0:0:
448,192,85608,1,0,0:0:0:0:
192,192,85654,1,0,0:0:0:0:
320,192,85700,1,0,0:0:0:0:
64,192,85700,1,0,0:0:0:0:
448,192,85700,1,0,0:0:0:0:
192,192,85747,1,0,0:0:0:0:
320,192,85793,1,0,0:0:0:0:
64,192,85840,1,0,0:0:0:0:
448,192,85887,1,0,0:0:0:0:
192,192,85887,1,0,0:0:0:0:
320,192,85933,1,0,0:0:0:0:
192,192,85980,1,0,0:0:0:0:
64,192,85980,1,0,0:0:0:0:
448,192,85980,1,0,0:0:0:0:
320,192,86026,1,0,0:0:0:0:
64,192,86072,1,0,0:0:0:0:
192,192,86119,1,0,0:0:0:0:
448,192,86166,1,0,0:0:0:0:
192,192,86212,1,0,0:0:0:0:
64,192,86259,1,0,0:0:0:0:
320,192,86259,1,0,0:0:0:0:
448,192,86259,1,0,0:0:0:0:
192,192,86305,1,0,0:0:0:0:
320,192,86352,1,0,0:0:0:0:
64,192,86398,1,0,0:0:0:0:
448,192,86444,1,0,0:0:0:0:
320,192,86444,1,0,0:0:0:0:
192,192,86492,1,0,0:0:0:0:
64,192,86538,1,0,0:0:0:0:
320,192,86538,1,0,0:0:0:0:
448,192,86538,1,0,0:0:0:0:
192,192,86584,1,0,0:0:0:0:
64,192,86631,1,0,0:0:0:0:
448,192,86677,1,0,0:0:0:0:
320,192,86724,1,0,0:0:0:0:
64,192,86724,1,0,0:0:0:0:
192,192,86770,1,0,0:0:0:0:
64,192,86817,1,0,0:0:0:0:
320,192,86817,1,0,0:0:0:0:
448,192,86817,1,0,0:0:0:0:
192,192,86864,1,0,0:0:0:0:
448,192,86910,1,0,0:0:0:0:
320,192,86910,1,0,0:0:0:0:
64,192,86956,1,0,0:0:0:0:
192,192,87003,1,0,0:0:0:0:
448,192,87003,1,0,0:0:0:0:
320,192,87049,1,0,0:0:0:0:
64,192,87096,1,0,0:0:0:0:
448,192,87096,1,0,0:0:0:0:
192,192,87096,1,0,0:0:0:0:
320,192,87143,1,0,0:0:0:0:
192,192,87189,1,0,0:0:0:0:
64,192,87189,1,0,0:0:0:0:
320,192,87236,1,0,0:0:0:0:
448,192,87282,1,0,0:0:0:0:
64,192,87282,1,0,0:0:0:0:
192,192,87328,1,0,0:0:0:0:
320,192,87375,1,0,0:0:0:0:
448,192,87375,1,0,0:0:0:0:
64,192,87421,1,0,0:0:0:0:
192,192,87468,1,0,0:0:0:0:
448,192,87468,1,0,0:0:0:0:
320,192,87515,1,0,0:0:0:0:
192,192,87561,1,0,0:0:0:0:
448,192,87561,1,0,0:0:0:0:
64,192,87608,1,0,0:0:0:0:
448,192,87654,1,0,0:0:0:0:
320,192,87654,1,0,0:0:0:0:
192,192,87700,1,0,0:0:0:0:
64,192,87747,1,0,0:0:0:0:
320,192,87747,1,0,0:0:0:0:
448,192,87793,1,0,0:0:0:0:
192,192,87840,1,0,0:0:0:0:
64,192,87840,1,0,0:0:0:0:
320,192,87887,1,0,0:0:0:0:
448,192,87933,1,0,0:0:0:0:
64,192,87933,1,0,0:0:0:0:
320,192,87980,1,0,0:0:0:0:
192,192,88026,1,0,0:0:0:0:
64,192,88026,1,0,0:0:0:0:
448,192,88072,1,0,0:0:0:0:
320,192,88119,1,0,0:0:0:0:
64,192,88119,1,0,0:0:0:0:
192,192,88166,1,0,0:0:0:0:
320,192,88212,1,0,0:0:0:0:
448,192,88212,1,0,0:0:0:0:
64,192,88259,1,0,0:0:0:0:
192,192,88305,1,0,0:0:0:0:
448,192,88305,1,0,0:0:0:0:
320,192,88352,1,0,0:0:0:0:
192,192,88398,1,0,0:0:0:0:
64,192,88398,1,0,0:0:0:0:
320,192,88444,1,0,0:0:0:0:
448,192,88492,1,0,0:0:0:0:
64,192,88492,1,0,0:0:0:0:
192,192,88538,1,0,0:0:0:0:
64,192,88584,1,0,0:0:0:0:
320,192,88584,1,0,0:0:0:0:
448,192,88631,1,0,0:0:0:0:
192,192,88677,1,0,0:0:0:0:
64,192,88677,1,0,0:0:0:0:
320,192,88724,1,0,0:0:0:0:
448,192,88770,1,0,0:0:0:0:
192,192,88770,1,0,0:0:0:0:
64,192,88817,1,0,0:0:0:0:
320,192,88864,1,0,0:0:0:0:
448,192,88864,1,0,0:0:0:0:
192,192,88910,1,0,0:0:0:0:
64,192,88956,1,0,0:0:0:0:
448,192,88956,1,0,0:0:0:0:
192,192,89003,1,0,0:0:0:0:
320,192,89049,1,0,0:0:0:0:
448,192,89049,1,0,0:0:0:0:
192,192,89096,1,0,0:0:0:0:
64,192,89143,1,0,0:0:0:0:
320,192,89143,1,0,0:0:0:0:
448,192,89189,1,0,0:0:0:0:
192,192,89236,1,0,0:0:0:0:
64,192,89236,1,0,0:0:0:0:
448,192,89282,1,0,0:0:0:0:
320,192,89328,1,0,0:0:0:0:
64,192,89328,1,0,0:0:0:0:
448,192,89375,1,0,0:0:0:0:
192,192,89421,1,0,0:0:0:0:
64,192,89421,1,0,0:0:0:0:
320,192,89468,1,0,0:0:0:0:
448,192,89515,1,0,0:0:0:0:
64,192,89515,1,0,0:0:0:0:
192,192,89561,1,0,0:0:0:0:
320,192,89608,1,0,0:0:0:0:
448,192,89608,1,0,0:0:0:0:
64,192,89654,1,0,0:0:0:0:
192,192,89700,1,0,0:0:0:0:
448,192,89700,1,0,0:0:0:0:
320,192,89747,1,0,0:0:0:0:
192,192,89793,1,0,0:0:0:0:
64,192,89793,1,0,0:0:0:0:
448,192,89840,1,0,0:0:0:0:
320,192,89887,1,0,0:0:0:0:
64,192,89887,1,0,0:0:0:0:
192,192,89933,1,0,0:0:0:0:
64,192,89980,1,0,0:0:0:0:
448,192,89980,1,0,0:0:0:0:
320,192,90026,1,0,0:0:0:0:
192,192,90072,1,0,0:0:0:0:
448,192,90072,1,0,0:0:0:0:
64,192,90119,1,0,0:0:0:0:
320,192,90166,1,0,0:0:0:0:
448,192,90166,1,0,0:0:0:0:
64,192,90212,1,0,0:0:0:0:
192,192,90259,1,0,0:0:0:0:
448,192,90259,1,0,0:0:0:0:
320,192,90305,1,0,0:0:0:0:
192,192,90352,1,0,0:0:0:0:
64,192,90352,1,0,0:0:0:0:
320,192,90398,1,0,0:0:0:0:
448,192,90444,1,0,0:0:0:0:
64,192,90444,1,0,0:0:0:0:
192,192,90492,1,0,0:0:0:0:
320,192,90538,1,0,0:0:0:0:
448,192,90538,1,0,0:0:0:0:
64,192,90584,1,0,0:0:0:0:
192,192,90631,1,0,0:0:0:0:
320,192,90631,1,0,0:0:0:0:
448,192,90677,1,0,0:0:0:0:
192,192,90724,1,0,0:0:0:0:
64,192,90724,1,0,0:0:0:0:
320,192,90770,1,0,0:0:0:0:
448,192,90817,1,0,0:0:0:0:
64,192,90817,1,0,0:0:0:0:
320,192,90864,1,0,0:0:0:0:
192,192,90887,1,0,0:0:0:0:
64,192,90910,1,0,0:0:0:0:
448,192,90910,1,0,0:0:0:0:
320,192,90933,1,0,0:0:0:0:
192,192,90956,1,0,0:0:0:0:
64,192,90980,1,0,0:0:0:0:
448,192,90980,1,0,0:0:0:0:
320,192,91003,1,0,0:0:0:0:
192,192,91049,1,0,0:0:0:0:
64,192,91096,1,0,0:0:0:0:
448,192,91096,1,0,0:0:0:0:
320,192,91143,1,0,0:0:0:0:
192,192,91189,1,0,0:0:0:0:
64,192,91189,1,0,0:0:0:0:
320,192,91236,1,0,0:0:0:0:
448,192,91282,1,0,0:0:0:0:
64,192,91282,1,0,0:0:0:0:
320,192,91328,1,0,0:0:0:0:
64,192,91375,1,0,0:0:0:0:
192,192,91375,1,0,0:0:0:0:
448,192,91421,1,0,0:0:0:0:
320,192,91468,1,0,0:0:0:0:
192,192,91468,1,0,0:0:0:0:
64,192,91515,1,0,0:0:0:0:
320,192,91561,1,0,0:0:0:0:
448,192,91561,1,0,0:0:0:0:
192,192,91608,1,0,0:0:0:0:
64,192,91654,1,0,0:0:0:0:
448,192,91654,1,0,0:0:0:0:
192,192,91700,1,0,0:0:0:0:
320,192,91747,1,0,0:0:0:0:
448,192,91747,1,0,0:0:0:0:
64,192,91793,1,0,0:0:0:0:
192,192,91840,1,0,0:0:0:0:
448,192,91840,1,0,0:0:0:0:
320,192,91887,1,0,0:0:0:0:
192,192,91933,1,0,0:0:0:0:
64,192,91933,1,0,0:0:0:0:
448,192,91980,1,0,0:0:0:0:
320,192,92026,1,0,0:0:0:0:
64,192,92026,1,0,0:0:0:0:
448,192,92072,1,0,0:0:0:0:
192,192,92119,1,0,0:0:0:0:
64,192,92119,1,0,0:0:0:0:
320,192,92166,1,0,0:0:0:0:
448,192,92212,1,0,0:0:0:0:
64,192,92212,1,0,0:0:0:0:
192,192,92259,1,0,0:0:0:0:
320,192,92305,1,0,0:0:0:0:
448,192,92305,1,0,0:0:0:0:
192,192,92352,1,0,0:0:0:0:
64,192,92398,1,0,0:0:0:0:
448,192,92398,1,0,0:0:0:0:
192,192,92444,1,0,0:0:0:0:
320,192,92492,1,0,0:0:0:0:
448,192,92492,1,0,0:0:0:0:
64,192,92538,1,0,0:0:0:0:
192,192,92584,1,0,0:0:0:0:
320,192,92584,1,0,0:0:0:0:
448,192,92631,1,0,0:0:0:0:
64,192,92677,1,0,0:0:0:0:
192,192,92677,1,0,0:0:0:0:
320,192,92724,1,0,0:0:0:0:
64,192,92770,1,0,0:0:0:0:
448,192,92770,1,0,0:0:0:0:
320,192,92817,1,0,0:0:0:0:
192,192,92864,1,0,0:0:0:0:
64,192,92864,1,0,0:0:0:0:
320,192,92910,1,0,0:0:0:0:
192,192,92956,1,0,0:0:0:0:
448,192,92956,1,0,0:0:0:0:
64,192,93003,1,0,0:0:0:0:
448,192,93049,1,0,0:0:0:0:
320,192,93049,1,0,0:0:0:0:
192,192,93096,1,0,0:0:0:0:
320,192,93143,1,0,0:0:0:0:
448,192,93143,1,0,0:0:0:0:
64,192,93189,1,0,0:0:0:0:
192,192,93236,1,0,0:0:0:0:
448,192,93236,1,0,0:0:0:0:
320,192,93282,1,0,0:0:0:0:
192,192,93328,1,0,0:0:0:0:
64,192,93328,1,0,0:0:0:0:
320,192,93375,1,0,0:0:0:0:
448,192,93421,1,0,0:0:0:0:
64,192,93421,1,0,0:0:0:0:
192,192,93468,1,0,0:0:0:0:
320,192,93515,1,0,0:0:0:0:
448,192,93515,1,0,0:0:0:0:
64,192,93561,1,0,0:0:0:0:
192,192,93608,1,0,0:0:0:0:
320,192,93608,1,0,0:0:0:0:
448,192,93654,1,0,0:0:0:0:
192,192,93700,1,0,0:0:0:0:
64,192,93700,1,0,0:0:0:0:
320,192,93747,1,0,0:0:0:0:
448,192,93793,1,0,0:0:0:0:
192,192,93793,1,0,0:0:0:0:
64,192,93793,1,0,0:0:0:0:
320,192,93840,1,0,0:0:0:0:
64,192,93887,1,0,0:0:0:0:
448,192,93887,1,0,0:0:0:0:
192,192,93933,1,0,0:0:0:0:
320,192,93980,1,0,0:0:0:0:
448,192,93980,1,0,0:0:0:0:
64,192,93980,1,0,0:0:0:0:
192,192,94026,1,0,0:0:0:0:
64,192,94072,1,0,0:0:0:0:
320,192,94072,1,0,0:0:0:0:
448,192,94072,1,0,0:0:0:0:
192,192,94119,1,0,0:0:0:0:
320,192,94166,1,0,0:0:0:0:
448,192,94166,1,0,0:0:0:0:
64,192,94212,1,0,0:0:0:0:
192,192,94259,1,0,0:0:0:0:
448,192,94259,1,0,0:0:0:0:
320,192,94259,1,0,0:0:0:0:
64,192,94305,1,0,0:0:0:0:
448,192,94352,1,0,0:0:0:0:
320,192,94352,1,0,0:0:0:0:
64,192,94398,1,0,0:0:0:0:
192,192,94398,1,0,0:0:0:0:
448,192,94444,1,0,0:0:0:0:
320,192,94444,1,0,0:0:0:0:
192,192,94492,1,0,0:0:0:0:
64,192,94538,1,0,0:0:0:0:
448,192,94538,1,0,0:0:0:0:
320,192,94538,1,0,0:0:0:0:
192,192,94584,1,0,0:0:0:0:
64,192,94631,1,0,0:0:0:0:
448,192,94631,1,0,0:0:0:0:
320,192,94631,1,0,0:0:0:0:
192,192,94677,1,0,0:0:0:0:
448,192,94724,1,0,0:0:0:0:
64,192,94724,1,0,0:0:0:0:
320,192,94770,1,0,0:0:0:0:
192,192,94817,1,0,0:0:0:0:
448,192,94817,1,0,0:0:0:0:
64,192,94864,1,0,0:0:0:0:
320,192,94910,1,0,0:0:0:0:
448,192,94910,1,0,0:0:0:0:
192,192,94910,1,0,0:0:0:0:
64,192,94956,1,0,0:0:0:0:
320,192,95003,1,0,0:0:0:0:
448,192,95003,1,0,0:0:0:0:
192,192,95049,1,0,0:0:0:0:
64,192,95096,1,0,0:0:0:0:
448,192,95096,1,0,0:0:0:0:
320,192,95143,1,0,0:0:0:0:
192,192,95189,1,0,0:0:0:0:
64,192,95189,1,0,0:0:0:0:
448,192,95189,1,0,0:0:0:0:
320,192,95236,1,0,0:0:0:0:
64,192,95282,1,0,0:0:0:0:
192,192,95282,1,0,0:0:0:0:
448,192,95328,1,0,0:0:0:0:
320,192,95375,1,0,0:0:0:0:
64,192,95375,1,0,0:0:0:0:
192,192,95421,1,0,0:0:0:0:
320,192,95468,1,0,0:0:0:0:
448,192,95468,1,0,0:0:0:0:
64,192,95468,1,0,0:0:0:0:
192,192,95515,1,0,0:0:0:0:
320,192,95561,1,0,0:0:0:0:
448,192,95561,1,0,0:0:0:0:
64,192,95608,1,0,0:0:0:0:
192,192,95654,1,0,0:0:0:0:
448,192,95654,1,0,0:0:0:0:
320,192,95700,1,0,0:0:0:0:
192,192,95747,1,0,0:0:0:0:
64,192,95747,1,0,0:0:0:0:
448,192,95747,1,0,0:0:0:0:
320,192,95793,1,0,0:0:0:0:
64,192,95840,1,0,0:0:0:0:
448,192,95840,1,0,0:0:0:0:
192,192,95887,1,0,0:0:0:0:
320,192,95933,1,0,0:0:0:0:
64,192,95933,1,0,0:0:0:0:
448,192,95980,1,0,0:0:0:0:
320,192,96026,1,0,0:0:0:0:
192,192,96026,1,0,0:0:0:0:
64,192,96026,1,0,0:0:0:0:
448,192,96072,1,0,0:0:0:0:
192,192,96119,1,0,0:0:0:0:
64,192,96119,1,0,0:0:0:0:
320,192,96166,1,0,0:0:0:0:
64,192,96212,1,0,0:0:0:0:
448,192,96212,1,0,0:0:0:0:
192,192,96259,1,0,0:0:0:0:
320,192,96305,1,0,0:0:0:0:
448,192,96305,1,0,0:0:0:0:
64,192,96352,1,0,0:0:0:0:
192,192,96398,1,0,0:0:0:0:
448,192,96398,1,0,0:0:0:0:
320,192,96444,1,0,0:0:0:0:
192,192,96492,1,0,0:0:0:0:
64,192,96492,1,0,0:0:0:0:
320,192,96538,1,0,0:0:0:0:
448,192,96584,1,0,0:0:0:0:
64,192,96584,1,0,0:0:0:0:
192,192,96631,1,0,0:0:0:0:
320,192,96677,1,0,0:0:0:0:
64,192,96677,1,0,0:0:0:0:
448,192,96724,1,0,0:0:0:0:
192,192,96770,1,0,0:0:0:0:
320,192,96770,1,0,0:0:0:0:
64,192,96817,1,0,0:0:0:0:
192,192,96864,1,0,0:0:0:0:
448,192,96864,1,0,0:0:0:0:
320,192,96910,1,0,0:0:0:0:
64,192,96956,1,0,0:0:0:0:
448,192,96956,1,0,0:0:0:0:
192,192,97003,1,0,0:0:0:0:
320,192,97049,1,0,0:0:0:0:
448,192,97049,1,0,0:0:0:0:
192,192,97096,1,0,0:0:0:0:
64,192,97143,1,0,0:0:0:0:
448,192,97143,1,0,0:0:0:0:
320,192,97189,1,0,0:0:0:0:
192,192,97236,1,0,0:0:0:0:
64,192,97236,1,0,0:0:0:0:
320,192,97282,1,0,0:0:0:0:
448,192,97328,1,0,0:0:0:0:
64,192,97328,1,0,0:0:0:0:
320,192,97375,1,0,0:0:0:0:
192,192,97421,1,0,0:0:0:0:
64,192,97421,1,0,0:0:0:0:
448,192,97468,1,0,0:0:0:0:
320,192,97515,1,0,0:0:0:0:
64,192,97515,1,0,0:0:0:0:
192,192,97561,1,0,0:0:0:0:
320,192,97608,1,0,0:0:0:0:
448,192,97608,1,0,0:0:0:0:
192,192,97654,1,0,0:0:0:0:
64,192,97700,1,0,0:0:0:0:
448,192,97700,1,0,0:0:0:0:
192,192,97747,1,0,0:0:0:0:
320,192,97793,1,0,0:0:0:0:
448,192,97793,1,0,0:0:0:0:
64,192,97840,1,0,0:0:0:0:
192,192,97887,1,0,0:0:0:0:
320,192,97887,1,0,0:0:0:0:
448,192,97933,1,0,0:0:0:0:
192,192,97980,1,0,0:0:0:0:
64,192,97980,1,0,0:0:0:0:
320,192,98026,1,0,0:0:0:0:
448,192,98072,1,0,0:0:0:0:
64,192,98072,1,0,0:0:0:0:
320,192,98119,1,0,0:0:0:0:
192,192,98166,1,0,0:0:0:0:
448,192,98166,1,0,0:0:0:0:
64,192,98212,1,0,0:0:0:0:
320,192,98259,1,0,0:0:0:0:
192,192,98259,1,0,0:0:0:0:
448,192,98305,1,0,0:0:0:0:
64,192,98352,1,0,0:0:0:0:
320,192,98352,1,0,0:0:0:0:
192,192,98398,1,0,0:0:0:0:
64,192,98444,1,0,0:0:0:0:
448,192,98444,1,0,0:0:0:0:
192,192,98492,1,0,0:0:0:0:
320,192,98538,1,0,0:0:0:0:
448,192,98538,1,0,0:0:0:0:
64,192,98584,1,0,0:0:0:0:
192,192,98631,1,0,0:0:0:0:
448,192,98631,1,0,0:0:0:0:
320,192,98677,1,0,0:0:0:0:
192,192,98724,1,0,0:0:0:0:
64,192,98724,1,0,0:0:0:0:
448,192,98770,1,0,0:0:0:0:
320,192,98817,1,0,0:0:0:0:
64,192,98817,1,0,0:0:0:0:
192,192,98864,1,0,0:0:0:0:
448,192,98910,1,0,0:0:0:0:
64,192,98910,1,0,0:0:0:0:
320,192,98956,1,0,0:0:0:0:
192,192,99003,1,0,0:0:0:0:
64,192,99003,1,0,0:0:0:0:
448,192,99049,1,0,0:0:0:0:
320,192,99096,1,0,0:0:0:0:
192,192,99096,1,0,0:0:0:0:
64,192,99143,1,0,0:0:0:0:
448,192,99189,1,0,0:0:0:0:
320,192,99189,1,0,0:0:0:0:
64,192,99236,1,0,0:0:0:0:
192,192,99282,1,0,0:0:0:0:
448,192,99282,1,0,0:0:0:0:
320,192,99328,1,0,0:0:0:0:
64,192,99375,1,0,0:0:0:0:
448,192,99375,1,0,0:0:0:0:
192,192,99421,1,0,0:0:0:0:
320,192,99468,1,0,0:0:0:0:
448,192,99468,1,0,0:0:0:0:
192,192,99515,1,0,0:0:0:0:
64,192,99561,1,0,0:0:0:0:
448,192,99561,1,0,0:0:0:0:
320,192,99608,1,0,0:0:0:0:
192,192,99654,1,0,0:0:0:0:
64,192,99654,1,0,0:0:0:0:
448,192,99700,1,0,0:0:0:0:
320,192,99747,1,0,0:0:0:0:
64,192,99747,1,0,0:0:0:0:
192,192,99793,1,0,0:0:0:0:
448,192,99817,1,0,0:0:0:0:
320,192,99840,1,0,0:0:0:0:
192,192,99864,1,0,0:0:0:0:
64,192,99864,1,0,0:0:0:0:
448,192,99887,1,0,0:0:0:0:
320,192,99910,1,0,0:0:0:0:
192,192,99933,1,0,0:0:0:0:
64,192,99933,1,0,0:0:0:0:
448,192,99980,1,0,0:0:0:0:
192,192,100026,1,0,0:0:0:0:
64,192,100026,1,0,0:0:0:0:
320,192,100072,1,0,0:0:0:0:
448,192,100119,1,0,0:0:0:0:
64,192,100119,1,0,0:0:0:0:
192,192,100166,1,0,0:0:0:0:
320,192,100212,1,0,0:0:0:0:
448,192,100212,1,0,0:0:0:0:
64,192,100259,1,0,0:0:0:0:
320,192,100305,1,0,0:0:0:0:
448,192,100305,1,0,0:0:0:0:
192,192,100352,1,0,0:0:0:0:
64,192,100398,1,0,0:0:0:0:
448,192,100398,1,0,0:0:0:0:
320,192,100444,1,0,0:0:0:0:
192,192,100492,1,0,0:0:0:0:
64,192,100492,1,0,0:0:0:0:
448,192,100492,1,0,0:0:0:0:
320,192,100538,1,0,0:0:0:0:
192,192,100584,1,0,0:0:0:0:
64,192,100584,1,0,0:0:0:0:
448,192,100631,1,0,0:0:0:0:
320,192,100677,1,0,0:0:0:0:
64,192,100677,1,0,0:0:0:0:
192,192,100724,1,0,0:0:0:0:
64,192,100770,1,0,0:0:0:0:
320,192,100770,1,0,0:0:0:0:
448,192,100817,1,0,0:0:0:0:
64,192,100864,1,0,0:0:0:0:
192,192,100864,1,0,0:0:0:0:
320,192,100910,1,0,0:0:0:0:
448,192,100956,1,0,0:0:0:0:
64,192,100956,1,0,0:0:0:0:
192,192,101003,1,0,0:0:0:0:
320,192,101049,1,0,0:0:0:0:
448,192,101049,1,0,0:0:0:0:
192,192,101096,1,0,0:0:0:0:
64,192,101143,1,0,0:0:0:0:
448,192,101143,1,0,0:0:0:0:
320,192,101189,1,0,0:0:0:0:
192,192,101236,1,0,0:0:0:0:
448,192,101236,1,0,0:0:0:0:
64,192,101282,1,0,0:0:0:0:
320,192,101328,1,0,0:0:0:0:
192,192,101328,1,0,0:0:0:0:
448,192,101375,1,0,0:0:0:0:
320,192,101421,1,0,0:0:0:0:
64,192,101421,1,0,0:0:0:0:
192,192,101468,1,0,0:0:0:0:
448,192,101515,1,0,0:0:0:0:
64,192,101515,1,0,0:0:0:0:
320,192,101561,1,0,0:0:0:0:
192,192,101608,1,0,0:0:0:0:
448,192,101608,1,0,0:0:0:0:
64,192,101654,1,0,0:0:0:0:
320,192,101700,1,0,0:0:0:0:
448,192,101700,1,0,0:0:0:0:
192,192,101747,1,0,0:0:0:0:
64,192,101793,1,0,0:0:0:0:
448,192,101793,1,0,0:0:0:0:
320,192,101840,1,0,0:0:0:0:
192,192,101887,1,0,0:0:0:0:
64,192,101887,1,0,0:0:0:0:
320,192,101933,1,0,0:0:0:0:
448,192,101980,1,0,0:0:0:0:
64,192,101980,1,0,0:0:0:0:
320,192,102026,1,0,0:0:0:0:
192,192,102072,1,0,0:0:0:0:
64,192,102072,1,0,0:0:0:0:
448,192,102119,1,0,0:0:0:0:
320,192,102166,1,0,0:0:0:0:
64,192,102166,1,0,0:0:0:0:
192,192,102212,1,0,0:0:0:0:
320,192,102259,1,0,0:0:0:0:
448,192,102259,1,0,0:0:0:0:
192,192,102305,1,0,0:0:0:0:
64,192,102352,1,0,0:0:0:0:
448,192,102352,1,0,0:0:0:0:
192,192,102398,1,0,0:0:0:0:
320,192,102444,1,0,0:0:0:0:
448,192,102444,1,0,0:0:0:0:
64,192,102492,1,0,0:0:0:0:
192,192,102538,1,0,0:0:0:0:
448,192,102538,1,0,0:0:0:0:
320,192,102584,1,0,0:0:0:0:
192,192,102631,1,0,0:0:0:0:
64,192,102631,1,0,0:0:0:0:
448,192,102677,1,0,0:0:0:0:
320,192,102724,1,0,0:0:0:0:
64,192,102724,1,0,0:0:0:0:
192,192,102770,1,0,0:0:0:0:
64,192,102817,1,0,0:0:0:0:
448,192,102817,1,0,0:0:0:0:
320,192,102864,1,0,0:0:0:0:
192,192,102910,1,0,0:0:0:0:
64,192,102910,1,0,0:0:0:0:
320,192,102956,1,0,0:0:0:0:
448,192,103003,1,0,0:0:0:0:
192,192,103003,1,0,0:0:0:0:
64,192,103049,1,0,0:0:0:0:
320,192,103096,1,0,0:0:0:0:
448,192,103096,1,0,0:0:0:0:
192,192,103143,1,0,0:0:0:0:
64,192,103189,1,0,0:0:0:0:
448,192,103189,1,0,0:0:0:0:
192,192,103236,1,0,0:0:0:0:
320,192,103282,1,0,0:0:0:0:
448,192,103282,1,0,0:0:0:0:
64,192,103328,1,0,0:0:0:0:
192,192,103375,1,0,0:0:0:0:
320,192,103375,1,0,0:0:0:0:
448,192,103421,1,0,0:0:0:0:
192,192,103468,1,0,0:0:0:0:
64,192,103468,1,0,0:0:0:0:
448,192,103515,1,0,0:0:0:0:
320,192,103561,1,0,0:0:0:0:
64,192,103561,1,0,0:0:0:0:
192,192,103608,1,0,0:0:0:0:
320,192,103654,1,0,0:0:0:0:
448,192,103654,1,0,0:0:0:0:
64,192,103700,1,0,0:0:0:0:
192,192,103747,1,0,0:0:0:0:
448,192,103747,1,0,0:0:0:0:
320,192,103793,1,0,0:0:0:0:
192,192,103840,1,0,0:0:0:0:
64,192,103840,1,0,0:0:0:0:
320,192,103887,1,0,0:0:0:0:
448,192,103933,1,0,0:0:0:0:
64,192,103933,1,0,0:0:0:0:
192,192,103980,1,0,0:0:0:0:
320,192,104026,1,0,0:0:0:0:
448,192,104026,1,0,0:0:0:0:
64,192,104072,1,0,0:0:0:0:
192,192,104119,1,0,0:0:0:0:
448,192,104119,1,0,0:0:0:0:
320,192,104166,1,0,0:0:0:0:
192,192,104212,1,0,0:0:0:0:
64,192,104212,1,0,0:0:0:0:
448,192,104259,1,0,0:0:0:0:
320,192,104305,1,0,0:0:0:0:
64,192,104305,1,0,0:0:0:0:
192,192,104352,1,0,0:0:0:0:
448,192,104398,1,0,0:0:0:0:
64,192,104398,1,0,0:0:0:0:
320,192,104444,1,0,0:0:0:0:
192,192,104492,1,0,0:0:0:0:
448,192,104492,1,0,0:0:0:0:
64,192,104538,1,0,0:0:0:0:
192,192,104584,1,0,0:0:0:0:
320,192,104584,1,0,0:0:0:0:
448,192,104631,1,0,0:0:0:0:
320,192,104677,1,0,0:0:0:0:
64,192,104677,1,0,0:0:0:0:
192,192,104724,1,0,0:0:0:0:
320,192,104770,1,0,0:0:0:0:
448,192,104770,1,0,0:0:0:0:
192,192,104817,1,0,0:0:0:0:
64,192,104864,1,0,0:0:0:0:
448,192,104864,1,0,0:0:0:0:
320,192,104910,1,0,0:0:0:0:
192,192,104956,1,0,0:0:0:0:
64,192,104956,1,0,0:0:0:0:
448,192,104956,1,0,0:0:0:0:
320,192,105003,1,0,0:0:0:0:
64,192,105049,1,0,0:0:0:0:
192,192,105049,1,0,0:0:0:0:
448,192,105096,1,0,0:0:0:0:
320,192,105143,1,0,0:0:0:0:
64,192,105143,1,0,0:0:0:0:
192,192,105189,1,0,0:0:0:0:
320,192,105236,1,0,0:0:0:0:
448,192,105236,1,0,0:0:0:0:
192,192,105282,1,0,0:0:0:0:
64,192,105328,1,0,0:0:0:0:
448,192,105328,1,0,0:0:0:0:
320,192,105375,1,0,0:0:0:0:
448,192,105421,1,0,0:0:0:0:
192,192,105421,1,0,0:0:0:0:
64,192,105468,1,0,0:0:0:0:
320,192,105515,1,0,0:0:0:0:
448,192,105515,1,0,0:0:0:0:
192,192,105561,1,0,0:0:0:0:
64,192,105608,1,0,0:0:0:0:
320,192,105608,1,0,0:0:0:0:
192,192,105654,1,0,0:0:0:0:
448,192,105700,1,0,0:0:0:0:
320,192,105700,1,0,0:0:0:0:
64,192,105747,1,0,0:0:0:0:
448,192,105793,1,0,0:0:0:0:
192,192,105793,1,0,0:0:0:0:
320,192,105840,1,0,0:0:0:0:
192,192,105887,1,0,0:0:0:0:
64,192,105887,1,0,0:0:0:0:
320,192,105933,1,0,0:0:0:0:
448,192,105980,1,0,0:0:0:0:
64,192,105980,1,0,0:0:0:0:
320,192,106026,1,0,0:0:0:0:
192,192,106072,1,0,0:0:0:0:
64,192,106072,1,0,0:0:0:0:
448,192,106119,1,0,0:0:0:0:
320,192,106166,1,0,0:0:0:0:
192,192,106166,1,0,0:0:0:0:
64,192,106212,1,0,0:0:0:0:
320,192,106259,1,0,0:0:0:0:
448,192,106259,1,0,0:0:0:0:
192,192,106305,1,0,0:0:0:0:
64,192,106352,1,0,0:0:0:0:
320,192,106352,1,0,0:0:0:0:
448,192,106398,1,0,0:0:0:0:
192,192,106444,1,0,0:0:0:0:
64,192,106444,1,0,0:0:0:0:
448,192,106492,1,0,0:0:0:0:
320,192,106538,1,0,0:0:0:0:
64,192,106538,1,0,0:0:0:0:
192,192,106584,1,0,0:0:0:0:
320,192,106631,1,0,0:0:0:0:
448,192,106631,1,0,0:0:0:0:
64,192,106677,1,0,0:0:0:0:
192,192,106724,1,0,0:0:0:0:
448,192,106724,1,0,0:0:0:0:
320,192,106770,1,0,0:0:0:0:
192,192,106817,1,0,0:0:0:0:
64,192,106817,1,0,0:0:0:0:
448,192,106864,1,0,0:0:0:0:
64,192,106910,1,0,0:0:0:0:
192,192,106910,1,0,0:0:0:0:
320,192,106956,1,0,0:0:0:0:
448,192,107003,1,0,0:0:0:0:
64,192,107003,1,0,0:0:0:0:
192,192,107049,1,0,0:0:0:0:
320,192,107096,1,0,0:0:0:0:
448,192,107096,1,0,0:0:0:0:
64,192,107143,1,0,0:0:0:0:
192,192,107189,1,0,0:0:0:0:
320,192,107189,1,0,0:0:0:0:
448,192,107189,1,0,0:0:0:0:
64,192,107236,1,0,0:0:0:0:
320,192,107282,1,0,0:0:0:0:
448,192,107282,1,0,0:0:0:0:
192,192,107328,1,0,0:0:0:0:
64,192,107375,1,0,0:0:0:0:
448,192,107375,1,0,0:0:0:0:
320,192,107421,1,0,0:0:0:0:
192,192,107468,1,0,0:0:0:0:
64,192,107468,1,0,0:0:0:0:
448,192,107515,1,0,0:0:0:0:
320,192,107561,1,0,0:0:0:0:
64,192,107561,1,0,0:0:0:0:
192,192,107608,1,0,0:0:0:0:
320,192,107654,1,0,0:0:0:0:
448,192,107654,1,0,0:0:0:0:
64,192,107700,1,0,0:0:0:0:
192,192,107747,1,0,0:0:0:0:
448,192,107747,1,0,0:0:0:0:
320,192,107793,1,0,0:0:0:0:
64,192,107840,1,0,0:0:0:0:
448,192,107840,1,0,0:0:0:0:
192,192,107887,1,0,0:0:0:0:
320,192,107933,1,0,0:0:0:0:
64,192,107933,1,0,0:0:0:0:
448,192,107980,1,0,0:0:0:0:
192,192,108026,1,0,0:0:0:0:
64,192,108026,1,0,0:0:0:0:
320,192,108072,1,0,0:0:0:0:
448,192,108119,1,0,0:0:0:0:
64,192,108119,1,0,0:0:0:0:
192,192,108166,1,0,0:0:0:0:
320,192,108212,1,0,0:0:0:0:
448,192,108212,1,0,0:0:0:0:
64,192,108259,1,0,0:0:0:0:
320,192,108305,1,0,0:0:0:0:
448,192,108305,1,0,0:0:0:0:
192,192,108352,1,0,0:0:0:0:
64,192,108398,1,0,0:0:0:0:
448,192,108398,1,0,0:0:0:0:
192,192,108444,1,0,0:0:0:0:
320,192,108492,1,0,0:0:0:0:
448,192,108492,1,0,0:0:0:0:
192,192,108538,1,0,0:0:0:0:
64,192,108584,1,0,0:0:0:0:
448,192,108584,1,0,0:0:0:0:
320,192,108631,1,0,0:0:0:0:
192,192,108677,1,0,0:0:0:0:
64,192,108677,1,0,0:0:0:0:
320,192,108724,1,0,0:0:0:0:
448,192,108770,1,0,0:0:0:0:
64,192,108770,1,0,0:0:0:0:
320,192,108817,1,0,0:0:0:0:
192,192,108864,1,0,0:0:0:0:
64,192,108864,1,0,0:0:0:0:
448,192,108910,1,0,0:0:0:0:
320,192,108956,1,0,0:0:0:0:
64,192,108956,1,0,0:0:0:0:
192,192,109003,1,0,0:0:0:0:
320,192,109049,1,0,0:0:0:0:
448,192,109049,1,0,0:0:0:0:
64,192,109096,1,0,0:0:0:0:
192,192,109143,1,0,0:0:0:0:
448,192,109143,1,0,0:0:0:0:
320,192,109189,1,0,0:0:0:0:
192,192,109236,1,0,0:0:0:0:
64,192,109236,1,0,0:0:0:0:
448,192,109282,1,0,0:0:0:0:
320,192,109328,1,0,0:0:0:0:
64,192,109328,1,0,0:0:0:0:
192,192,109375,1,0,0:0:0:0:
320,192,109421,1,0,0:0:0:0:
448,192,109421,1,0,0:0:0:0:
64,192,109421,1,0,0:0:0:0:
192,192,109468,1,0,0:0:0:0:
320,192,109515,1,0,0:0:0:0:
448,192,109515,1,0,0:0:0:0:
64,192,109561,1,0,0:0:0:0:
192,192,109608,1,0,0:0:0:0:
448,192,109608,1,0,0:0:0:0:
320,192,109654,1,0,0:0:0:0:
192,192,109700,1,0,0:0:0:0:
64,192,109700,1,0,0:0:0:0:
448,192,109700,1,0,0:0:0:0:
320,192,109747,1,0,0:0:0:0:
64,192,109793,1,0,0:0:0:0:
448,192,109793,1,0,0:0:0:0:
192,192,109840,1,0,0:0:0:0:
320,192,109887,1,0,0:0:0:0:
448,192,109887,1,0,0:0:0:0:
192,192,109933,1,0,0:0:0:0:
64,192,109980,1,0,0:0:0:0:
320,192,109980,1,0,0:0:0:0:
448,192,109980,1,0,0:0:0:0:
192,192,110026,1,0,0:0:0:0:
64,192,110072,1,0,0:0:0:0:
320,192,110072,1,0,0:0:0:0:
448,192,110119,1,0,0:0:0:0:
320,192,110166,1,0,0:0:0:0:
192,192,110166,1,0,0:0:0:0:
64,192,110212,1,0,0:0:0:0:
192,192,110259,1,0,0:0:0:0:
320,192,110259,1,0,0:0:0:0:
448,192,110259,1,0,0:0:0:0:
64,192,110305,1,0,0:0:0:0:
320,192,110352,1,0,0:0:0:0:
448,192,110352,1,0,0:0:0:0:
192,192,110398,1,0,0:0:0:0:
64,192,110444,1,0,0:0:0:0:
448,192,110444,1,0,0:0:0:0:
320,192,110492,1,0,0:0:0:0:
192,192,110538,1,0,0:0:0:0:
64,192,110538,1,0,0:0:0:0:
320,192,110584,1,0,0:0:0:0:
448,192,110584,1,0,0:0:0:0:
192,192,110631,1,0,0:0:0:0:
64,192,110631,1,0,0:0:0:0:
320,192,110677,1,0,0:0:0:0:
448,192,110677,1,0,0:0:0:0:
192,192,110724,1,0,0:0:0:0:
64,192,110724,1,0,0:0:0:0:
320,192,110770,1,0,0:0:0:0:
448,192,110770,1,0,0:0:0:0:
192,192,110817,1,0,0:0:0:0:
64,192,110817,1,0,0:0:0:0:
448,192,110864,1,0,0:0:0:0:
320,192,110864,1,0,0:0:0:0:
64,192,110910,1,0,0:0:0:0:
192,192,110910,1,0,0:0:0:0:
320,192,110956,1,0,0:0:0:0:
448,192,110956,1,0,0:0:0:0:
64,192,111003,1,0,0:0:0:0:
192,192,111003,1,0,0:0:0:0:
320,192,111049,1,0,0:0:0:0:
448,192,111049,1,0,0:0:0:0:
192,192,111096,1,0,0:0:0:0:
64,192,111096,1,0,0:0:0:0:
320,192,111143,1,0,0:0:0:0:
448,192,111143,1,0,0:0:0:0:
192,192,111189,1,0,0:0:0:0:
64,192,111189,1,0,0:0:0:0:
320,192,111236,1,0,0:0:0:0:
448,192,111236,1,0,0:0:0:0:
64,192,111282,1,0,0:0:0:0:
192,192,111282,1,0,0:0:0:0:
320,192,111328,1,0,0:0:0:0:
448,192,111328,1,0,0:0:0:0:
192,192,111375,1,0,0:0:0:0:
64,192,111375,1,0,0:0:0:0:
320,192,111421,1,0,0:0:0:0:
448,192,111421,1,0,0:0:0:0:
64,192,111468,1,0,0:0:0:0:
192,192,111468,1,0,0:0:0:0:
448,192,111515,1,0,0:0:0:0:
320,192,111515,1,0,0:0:0:0:
64,192,111561,1,0,0:0:0:0:
192,192,111561,1,0,0:0:0:0:
320,192,111608,1,0,0:0:0:0:
448,192,111608,1,0,0:0:0:0:
64,192,111654,1,0,0:0:0:0:
192,192,111654,1,0,0:0:0:0:
320,192,111689,1,0,0:0:0:0:
448,192,111724,1,0,0:0:0:0:
64,192,111759,1,0,0:0:0:0:
192,192,111793,1,0,0:0:0:0:
448,192,111828,1,0,0:0:0:0:
64,192,111864,1,0,0:0:0:0:
320,192,111898,1,0,0:0:0:0:
448,192,111933,1,0,0:0:0:0:
192,192,111933,1,0,0:0:0:0:
64,192,111968,1,0,0:0:0:0:
320,192,112003,1,0,0:0:0:0:
192,192,112038,1,0,0:0:0:0:
448,192,112072,1,0,0:0:0:0:
320,192,112108,1,0,0:0:0:0:
192,192,112143,1,0,0:0:0:0:
64,192,112177,1,0,0:0:0:0:
320,192,112212,1,0,0:0:0:0:
448,192,112212,1,0,0:0:0:0:
192,192,112247,1,0,0:0:0:0:
64,192,112282,1,0,0:0:0:0:
320,192,112317,1,0,0:0:0:0:
192,192,112352,1,0,0:0:0:0:
448,192,112352,1,0,0:0:0:0:
320,192,112387,1,0,0:0:0:0:
64,192,112421,1,0,0:0:0:0:
192,192,112456,1,0,0:0:0:0:
320,192,112492,1,0,0:0:0:0:
448,192,112492,1,0,0:0:0:0:
192,192,112526,1,0,0:0:0:0:
64,192,112561,1,0,0:0:0:0:
448,192,112596,1,0,0:0:0:0:
320,192,112631,1,0,0:0:0:0:
192,192,112631,1,0,0:0:0:0:
64,192,112666,1,0,0:0:0:0:
448,192,112700,1,0,0:0:0:0:
320,192,112736,1,0,0:0:0:0:
64,192,112770,1,0,0:0:0:0:
192,192,112770,1,0,0:0:0:0:
448,192,112770,1,0,0:0:0:0:
320,192,112864,1,0,0:0:0:0:
64,192,112864,1,0,0:0:0:0:
448,192,112956,1,0,0:0:0:0:
192,192,112956,1,0,0:0:0:0:
64,192,113049,1,0,0:0:0:0:
192,192,113049,1,0,0:0:0:0:
320,192,113049,1,0,0:0:0:0:
448,192,113049,1,0,0:0:0:0:
320,192,113143,1,0,0:0:0:0:
192,192,113143,1,0,0:0:0:0:
64,192,113236,1,0,0:0:0:0:
448,192,113236,1,0,0:0:0:0:
64,192,113328,1,0,0:0:0:0:
192,192,113328,1,0,0:0:0:0:
320,192,113328,1,0,0:0:0:0:
448,192,113328,1,0,0:0:0:0:
192,192,113421,1,0,0:0:0:0:
64,192,113421,1,0,0:0:0:0:
320,192,113515,1,0,0:0:0:0:
448,192,113515,1,0,0:0:0:0:
64,192,113608,1,0,0:0:0:0:
192,192,113608,1,0,0:0:0:0:
320,192,113608,1,0,0:0:0:0:
448,192,113608,1,0,0:0:0:0:
320,192,113700,1,0,0:0:0:0:
64,192,113700,1,0,0:0:0:0:
192,192,113793,1,0,0:0:0:0:
448,192,113793,1,0,0:0:0:0:
