osu file format v14

[General]
AudioFilename: S10.mp3
AudioLeadIn: 0
PreviewTime: 28688
Countdown: 0
SampleSet: None
StackLeniency: 0.7
Mode: 3
LetterboxInBreaks: 0
SpecialStyle: 0
WidescreenStoryboard: 1

[Editor]
DistanceSpacing: 1
BeatDivisor: 6
GridSize: 16
TimelineZoom: 1

[Metadata]
Title:Dan ~ REFORM ~ StaminaMap Pack
TitleUnicode:Dan ~ REFORM ~ StaminaMap Pack
Artist:Various Artists
ArtistUnicode:Various Artists
Creator:DDMythical
Version:Chandelier ~ 10th ~ (Marathon)
Source:_underjoy // Yolomania Vol. 4
Tags:
BeatmapID:1318745
BeatmapSetID:611978

[Difficulty]
HPDrainRate:8.5
CircleSize:4
OverallDifficulty:8.5
ApproachRate:5
SliderMultiplier:1.4
SliderTickRate:1

[Events]
//Background and Video events
0,0,"Stamina-10.png",0,0
//Break Periods
//Storyboard Layer 0 (Background)
//Storyboard Layer 1 (Fail)
//Storyboard Layer 2 (Pass)
//Storyboard Layer 3 (Foreground)
//Storyboard Sound Samples

[TimingPoints]
1102,265.252,4,1,0,15,1,0


[HitObjects]
64,192,1102,5,0,0:0:0:0:
192,192,1102,1,0,0:0:0:0:
448,192,1102,1,0,0:0:0:0:
320,192,1234,1,0,0:0:0:0:
64,192,1367,1,0,0:0:0:0:
192,192,1367,1,0,0:0:0:0:
64,192,1500,1,0,0:0:0:0:
192,192,1500,1,0,0:0:0:0:
448,192,1566,1,0,0:0:0:0:
64,192,1632,1,0,0:0:0:0:
192,192,1632,1,0,0:0:0:0:
320,192,1632,1,0,0:0:0:0:
448,192,1765,1,0,0:0:0:0:
192,192,1898,1,0,0:0:0:0:
320,192,2030,1,0,0:0:0:0:
192,192,2163,1,0,0:0:0:0:
448,192,2163,1,0,0:0:0:0:
64,192,2295,1,0,0:0:0:0:
320,192,2428,1,0,0:0:0:0:
192,192,2561,1,0,0:0:0:0:
64,192,2693,1,0,0:0:0:0:
320,192,2693,1,0,0:0:0:0:
192,192,2959,1,0,0:0:0:0:
448,192,2959,1,0,0:0:0:0:
64,192,3224,1,0,0:0:0:0:
320,192,3224,1,0,0:0:0:0:
448,192,3224,1,0,0:0:0:0:
192,192,3356,1,0,0:0:0:0:
320,192,3489,1,0,0:0:0:0:
448,192,3489,1,0,0:0:0:0:
64,192,3622,1,0,0:0:0:0:
192,192,3754,1,0,0:0:0:0:
320,192,3754,1,0,0:0:0:0:
448,192,3754,1,0,0:0:0:0:
448,192,3887,1,0,0:0:0:0:
64,192,4020,1,0,0:0:0:0:
320,192,4020,1,0,0:0:0:0:
192,192,4152,1,0,0:0:0:0:
64,192,4285,1,0,0:0:0:0:
192,192,4285,1,0,0:0:0:0:
448,192,4285,1,0,0:0:0:0:
320,192,4417,1,0,0:0:0:0:
64,192,4550,1,0,0:0:0:0:
448,192,4550,1,0,0:0:0:0:
64,192,4683,1,0,0:0:0:0:
192,192,4815,1,0,0:0:0:0:
320,192,4815,1,0,0:0:0:0:
448,192,4815,1,0,0:0:0:0:
64,192,4948,1,0,0:0:0:0:
192,192,5014,1,0,0:0:0:0:
64,192,5081,1,0,0:0:0:0:
448,192,5081,1,0,0:0:0:0:
192,192,5213,1,0,0:0:0:0:
320,192,5213,1,0,0:0:0:0:
192,192,5346,1,0,0:0:0:0:
320,192,5346,1,0,0:0:0:0:
448,192,5346,1,0,0:0:0:0:
64,192,5478,1,0,0:0:0:0:
192,192,5611,1,0,0:0:0:0:
320,192,5611,1,0,0:0:0:0:
448,192,5611,1,0,0:0:0:0:
64,192,5744,1,0,0:0:0:0:
320,192,5744,1,0,0:0:0:0:
64,192,5876,1,0,0:0:0:0:
192,192,5876,1,0,0:0:0:0:
448,192,5876,1,0,0:0:0:0:
320,192,6009,1,0,0:0:0:0:
192,192,6142,1,0,0:0:0:0:
448,192,6142,1,0,0:0:0:0:
64,192,6274,1,0,0:0:0:0:
448,192,6274,1,0,0:0:0:0:
64,192,6407,1,0,0:0:0:0:
192,192,6407,1,0,0:0:0:0:
320,192,6407,1,0,0:0:0:0:
64,192,6539,1,0,0:0:0:0:
192,192,6539,1,0,0:0:0:0:
320,192,6539,1,0,0:0:0:0:
192,192,6672,1,0,0:0:0:0:
448,192,6672,1,0,0:0:0:0:
64,192,6805,1,0,0:0:0:0:
64,192,6937,1,0,0:0:0:0:
320,192,6937,1,0,0:0:0:0:
448,192,6937,1,0,0:0:0:0:
192,192,7070,1,0,0:0:0:0:
448,192,7070,1,0,0:0:0:0:
64,192,7203,1,0,0:0:0:0:
192,192,7203,1,0,0:0:0:0:
320,192,7203,1,0,0:0:0:0:
320,192,7335,1,0,0:0:0:0:
448,192,7335,1,0,0:0:0:0:
64,192,7402,1,0,0:0:0:0:
192,192,7402,1,0,0:0:0:0:
320,192,7468,1,0,0:0:0:0:
448,192,7468,1,0,0:0:0:0:
64,192,7600,1,0,0:0:0:0:
448,192,7733,1,0,0:0:0:0:
320,192,7799,1,0,0:0:0:0:
64,192,7866,1,0,0:0:0:0:
448,192,7866,1,0,0:0:0:0:
192,192,7998,1,0,0:0:0:0:
64,192,8131,1,0,0:0:0:0:
320,192,8131,1,0,0:0:0:0:
192,192,8197,1,0,0:0:0:0:
448,192,8197,1,0,0:0:0:0:
64,192,8264,1,0,0:0:0:0:
320,192,8264,1,0,0:0:0:0:
192,192,8396,1,0,0:0:0:0:
64,192,8529,1,0,0:0:0:0:
320,192,8529,1,0,0:0:0:0:
448,192,8529,1,0,0:0:0:0:
192,192,8661,1,0,0:0:0:0:
320,192,8794,1,0,0:0:0:0:
448,192,8794,1,0,0:0:0:0:
320,192,8927,1,0,0:0:0:0:
448,192,8927,1,0,0:0:0:0:
64,192,9059,1,0,0:0:0:0:
192,192,9059,1,0,0:0:0:0:
448,192,9059,1,0,0:0:0:0:
64,192,9192,1,0,0:0:0:0:
320,192,9192,1,0,0:0:0:0:
192,192,9325,1,0,0:0:0:0:
448,192,9325,1,0,0:0:0:0:
64,192,9457,1,0,0:0:0:0:
192,192,9524,1,0,0:0:0:0:
64,192,9590,1,0,0:0:0:0:
320,192,9590,1,0,0:0:0:0:
448,192,9590,1,0,0:0:0:0:
192,192,9855,1,0,0:0:0:0:
64,192,10120,1,0,0:0:0:0:
448,192,10120,1,0,0:0:0:0:
320,192,10386,1,0,0:0:0:0:
448,192,10518,1,0,0:0:0:0:
320,192,10585,1,0,0:0:0:0:
64,192,10651,1,0,0:0:0:0:
448,192,10651,1,0,0:0:0:0:
192,192,10916,1,0,0:0:0:0:
64,192,11181,1,0,0:0:0:0:
448,192,11181,1,0,0:0:0:0:
192,192,11248,1,0,0:0:0:0:
320,192,11248,1,0,0:0:0:0:
64,192,11314,1,0,0:0:0:0:
448,192,11314,1,0,0:0:0:0:
192,192,11447,1,0,0:0:0:0:
320,192,11447,1,0,0:0:0:0:
64,192,11579,1,0,0:0:0:0:
320,192,11579,1,0,0:0:0:0:
64,192,11712,1,0,0:0:0:0:
192,192,11712,1,0,0:0:0:0:
448,192,11712,1,0,0:0:0:0:
320,192,11845,1,0,0:0:0:0:
64,192,11977,1,0,0:0:0:0:
448,192,11977,1,0,0:0:0:0:
192,192,12110,1,0,0:0:0:0:
64,192,12242,1,0,0:0:0:0:
192,192,12242,1,0,0:0:0:0:
320,192,12242,1,0,0:0:0:0:
448,192,12375,1,0,0:0:0:0:
64,192,12508,1,0,0:0:0:0:
192,192,12508,1,0,0:0:0:0:
320,192,12640,1,0,0:0:0:0:
64,192,12773,1,0,0:0:0:0:
192,192,12773,1,0,0:0:0:0:
448,192,12773,1,0,0:0:0:0:
448,192,12906,1,0,0:0:0:0:
64,192,13038,1,0,0:0:0:0:
192,192,13038,1,0,0:0:0:0:
320,192,13171,1,0,0:0:0:0:
192,192,13303,1,0,0:0:0:0:
320,192,13303,1,0,0:0:0:0:
448,192,13303,1,0,0:0:0:0:
64,192,13436,1,0,0:0:0:0:
192,192,13502,1,0,0:0:0:0:
64,192,13569,1,0,0:0:0:0:
448,192,13569,1,0,0:0:0:0:
320,192,13701,1,0,0:0:0:0:
64,192,13834,1,0,0:0:0:0:
192,192,13834,1,0,0:0:0:0:
448,192,13834,1,0,0:0:0:0:
64,192,13967,1,0,0:0:0:0:
192,192,14099,1,0,0:0:0:0:
320,192,14099,1,0,0:0:0:0:
448,192,14099,1,0,0:0:0:0:
64,192,14232,1,0,0:0:0:0:
320,192,14232,1,0,0:0:0:0:
64,192,14364,1,0,0:0:0:0:
192,192,14364,1,0,0:0:0:0:
448,192,14364,1,0,0:0:0:0:
320,192,14497,1,0,0:0:0:0:
192,192,14630,1,0,0:0:0:0:
320,192,14630,1,0,0:0:0:0:
192,192,14762,1,0,0:0:0:0:
320,192,14762,1,0,0:0:0:0:
64,192,14895,1,0,0:0:0:0:
192,192,14895,1,0,0:0:0:0:
448,192,14895,1,0,0:0:0:0:
64,192,15028,1,0,0:0:0:0:
192,192,15028,1,0,0:0:0:0:
448,192,15028,1,0,0:0:0:0:
64,192,15160,1,0,0:0:0:0:
448,192,15160,1,0,0:0:0:0:
320,192,15293,1,0,0:0:0:0:
64,192,15425,1,0,0:0:0:0:
320,192,15425,1,0,0:0:0:0:
448,192,15425,1,0,0:0:0:0:
192,192,15558,1,0,0:0:0:0:
64,192,15691,1,0,0:0:0:0:
192,192,15691,1,0,0:0:0:0:
448,192,15691,1,0,0:0:0:0:
320,192,15823,1,0,0:0:0:0:
448,192,15823,1,0,0:0:0:0:
64,192,15890,1,0,0:0:0:0:
192,192,15890,1,0,0:0:0:0:
320,192,15956,1,0,0:0:0:0:
448,192,15956,1,0,0:0:0:0:
192,192,16089,1,0,0:0:0:0:
320,192,16221,1,0,0:0:0:0:
192,192,16287,1,0,0:0:0:0:
64,192,16354,1,0,0:0:0:0:
448,192,16354,1,0,0:0:0:0:
192,192,16486,1,0,0:0:0:0:
64,192,16619,1,0,0:0:0:0:
448,192,16619,1,0,0:0:0:0:
192,192,16685,1,0,0:0:0:0:
320,192,16685,1,0,0:0:0:0:
64,192,16752,1,0,0:0:0:0:
448,192,16752,1,0,0:0:0:0:
192,192,16884,1,0,0:0:0:0:
320,192,16884,1,0,0:0:0:0:
64,192,17017,1,0,0:0:0:0:
192,192,17017,1,0,0:0:0:0:
320,192,17017,1,0,0:0:0:0:
448,192,17150,1,0,0:0:0:0:
320,192,17216,1,0,0:0:0:0:
64,192,17282,1,0,0:0:0:0:
192,192,17282,1,0,0:0:0:0:
448,192,17282,1,0,0:0:0:0:
192,192,17415,1,0,0:0:0:0:
320,192,17415,1,0,0:0:0:0:
64,192,17547,1,0,0:0:0:0:
192,192,17547,1,0,0:0:0:0:
448,192,17547,1,0,0:0:0:0:
64,192,17680,1,0,0:0:0:0:
320,192,17680,1,0,0:0:0:0:
192,192,17813,1,0,0:0:0:0:
448,192,17813,1,0,0:0:0:0:
64,192,17945,1,0,0:0:0:0:
192,192,18012,1,0,0:0:0:0:
64,192,18078,1,0,0:0:0:0:
320,192,18078,1,0,0:0:0:0:
448,192,18078,1,0,0:0:0:0:
320,192,18343,1,0,0:0:0:0:
448,192,18476,1,0,0:0:0:0:
320,192,18542,1,0,0:0:0:0:
64,192,18608,1,0,0:0:0:0:
448,192,18608,1,0,0:0:0:0:
192,192,18874,1,0,0:0:0:0:
448,192,18874,1,0,0:0:0:0:
64,192,19006,1,0,0:0:0:0:
192,192,19073,1,0,0:0:0:0:
64,192,19139,1,0,0:0:0:0:
320,192,19139,1,0,0:0:0:0:
448,192,19139,1,0,0:0:0:0:
64,192,19404,1,0,0:0:0:0:
192,192,19404,1,0,0:0:0:0:
448,192,19404,1,0,0:0:0:0:
64,192,19537,1,0,0:0:0:0:
192,192,19537,1,0,0:0:0:0:
448,192,19537,1,0,0:0:0:0:
192,192,19669,1,0,0:0:0:0:
320,192,19669,1,0,0:0:0:0:
64,192,19736,1,0,0:0:0:0:
448,192,19736,1,0,0:0:0:0:
192,192,19802,1,0,0:0:0:0:
320,192,19802,1,0,0:0:0:0:
64,192,19935,1,0,0:0:0:0:
320,192,19935,1,0,0:0:0:0:
192,192,20067,1,0,0:0:0:0:
448,192,20067,1,0,0:0:0:0:
64,192,20200,1,0,0:0:0:0:
320,192,20200,1,0,0:0:0:0:
448,192,20200,1,0,0:0:0:0:
192,192,20465,1,0,0:0:0:0:
192,192,20598,1,0,0:0:0:0:
320,192,20730,1,0,0:0:0:0:
448,192,20730,1,0,0:0:0:0:
64,192,20996,1,0,0:0:0:0:
192,192,21261,1,0,0:0:0:0:
192,192,21394,1,0,0:0:0:0:
320,192,21526,1,0,0:0:0:0:
448,192,21526,1,0,0:0:0:0:
320,192,21791,1,0,0:0:0:0:
448,192,21791,1,0,0:0:0:0:
64,192,22322,1,0,0:0:0:0:
192,192,22587,1,0,0:0:0:0:
192,192,22720,1,0,0:0:0:0:
320,192,22852,1,0,0:0:0:0:
448,192,22852,1,0,0:0:0:0:
64,192,23118,1,0,0:0:0:0:
192,192,23383,1,0,0:0:0:0:
192,192,23516,1,0,0:0:0:0:
320,192,23648,1,0,0:0:0:0:
448,192,23648,1,0,0:0:0:0:
320,192,23913,1,0,0:0:0:0:
448,192,23913,1,0,0:0:0:0:
64,192,24444,1,0,0:0:0:0:
192,192,24709,1,0,0:0:0:0:
192,192,24842,1,0,0:0:0:0:
320,192,24974,1,0,0:0:0:0:
448,192,24974,1,0,0:0:0:0:
64,192,25240,1,0,0:0:0:0:
192,192,25505,1,0,0:0:0:0:
192,192,25638,1,0,0:0:0:0:
320,192,25770,1,0,0:0:0:0:
448,192,25770,1,0,0:0:0:0:
320,192,26036,1,0,0:0:0:0:
448,192,26036,1,0,0:0:0:0:
64,192,26566,1,0,0:0:0:0:
192,192,26566,1,0,0:0:0:0:
448,192,26566,1,0,0:0:0:0:
64,192,27097,1,0,0:0:0:0:
320,192,27097,1,0,0:0:0:0:
448,192,27097,1,0,0:0:0:0:
64,192,27627,1,0,0:0:0:0:
192,192,27627,1,0,0:0:0:0:
448,192,27627,1,0,0:0:0:0:
320,192,27892,1,0,0:0:0:0:
448,192,27892,1,0,0:0:0:0:
320,192,28025,1,0,0:0:0:0:
448,192,28025,1,0,0:0:0:0:
64,192,28158,1,0,0:0:0:0:
192,192,28158,1,0,0:0:0:0:
448,192,28158,1,0,0:0:0:0:
192,192,28423,1,0,0:0:0:0:
320,192,28423,1,0,0:0:0:0:
192,192,28688,1,0,0:0:0:0:
448,192,28688,1,0,0:0:0:0:
320,192,28754,1,0,0:0:0:0:
64,192,28821,1,0,0:0:0:0:
448,192,28821,1,0,0:0:0:0:
192,192,28887,1,0,0:0:0:0:
64,192,28953,1,0,0:0:0:0:
320,192,28953,1,0,0:0:0:0:
448,192,29020,1,0,0:0:0:0:
64,192,29086,1,0,0:0:0:0:
192,192,29086,1,0,0:0:0:0:
320,192,29152,1,0,0:0:0:0:
448,192,29152,1,0,0:0:0:0:
64,192,29219,1,0,0:0:0:0:
192,192,29219,1,0,0:0:0:0:
320,192,29285,1,0,0:0:0:0:
192,192,29351,1,0,0:0:0:0:
448,192,29351,1,0,0:0:0:0:
64,192,29417,1,0,0:0:0:0:
320,192,29484,1,0,0:0:0:0:
448,192,29484,1,0,0:0:0:0:
192,192,29550,1,0,0:0:0:0:
64,192,29616,1,0,0:0:0:0:
320,192,29616,1,0,0:0:0:0:
448,192,29683,1,0,0:0:0:0:
64,192,29749,1,0,0:0:0:0:
192,192,29782,1,0,0:0:0:0:
320,192,29815,1,0,0:0:0:0:
448,192,29848,1,0,0:0:0:0:
64,192,29882,1,0,0:0:0:0:
320,192,29948,1,0,0:0:0:0:
64,192,30014,1,0,0:0:0:0:
192,192,30014,1,0,0:0:0:0:
320,192,30081,1,0,0:0:0:0:
448,192,30081,1,0,0:0:0:0:
64,192,30147,1,0,0:0:0:0:
192,192,30147,1,0,0:0:0:0:
320,192,30213,1,0,0:0:0:0:
448,192,30213,1,0,0:0:0:0:
64,192,30280,1,0,0:0:0:0:
192,192,30280,1,0,0:0:0:0:
448,192,30346,1,0,0:0:0:0:
192,192,30412,1,0,0:0:0:0:
320,192,30412,1,0,0:0:0:0:
64,192,30478,1,0,0:0:0:0:
320,192,30545,1,0,0:0:0:0:
448,192,30545,1,0,0:0:0:0:
64,192,30611,1,0,0:0:0:0:
192,192,30677,1,0,0:0:0:0:
320,192,30677,1,0,0:0:0:0:
448,192,30744,1,0,0:0:0:0:
64,192,30810,1,0,0:0:0:0:
192,192,30810,1,0,0:0:0:0:
448,192,30876,1,0,0:0:0:0:
64,192,30943,1,0,0:0:0:0:
320,192,30943,1,0,0:0:0:0:
192,192,31009,1,0,0:0:0:0:
448,192,31009,1,0,0:0:0:0:
64,192,31075,1,0,0:0:0:0:
320,192,31075,1,0,0:0:0:0:
192,192,31142,1,0,0:0:0:0:
320,192,31208,1,0,0:0:0:0:
448,192,31274,1,0,0:0:0:0:
192,192,31341,1,0,0:0:0:0:
320,192,31341,1,0,0:0:0:0:
64,192,31407,1,0,0:0:0:0:
320,192,31473,1,0,0:0:0:0:
448,192,31473,1,0,0:0:0:0:
64,192,31539,1,0,0:0:0:0:
192,192,31539,1,0,0:0:0:0:
320,192,31606,1,0,0:0:0:0:
448,192,31606,1,0,0:0:0:0:
192,192,31672,1,0,0:0:0:0:
320,192,31738,1,0,0:0:0:0:
64,192,31805,1,0,0:0:0:0:
448,192,31871,1,0,0:0:0:0:
320,192,31904,1,0,0:0:0:0:
192,192,31937,1,0,0:0:0:0:
64,192,31971,1,0,0:0:0:0:
320,192,32004,1,0,0:0:0:0:
448,192,32004,1,0,0:0:0:0:
64,192,32070,1,0,0:0:0:0:
192,192,32070,1,0,0:0:0:0:
320,192,32136,1,0,0:0:0:0:
448,192,32136,1,0,0:0:0:0:
192,192,32203,1,0,0:0:0:0:
64,192,32269,1,0,0:0:0:0:
320,192,32269,1,0,0:0:0:0:
448,192,32335,1,0,0:0:0:0:
64,192,32402,1,0,0:0:0:0:
192,192,32402,1,0,0:0:0:0:
448,192,32468,1,0,0:0:0:0:
192,192,32534,1,0,0:0:0:0:
320,192,32534,1,0,0:0:0:0:
64,192,32600,1,0,0:0:0:0:
320,192,32667,1,0,0:0:0:0:
448,192,32667,1,0,0:0:0:0:
192,192,32733,1,0,0:0:0:0:
64,192,32799,1,0,0:0:0:0:
448,192,32799,1,0,0:0:0:0:
320,192,32866,1,0,0:0:0:0:
64,192,32932,1,0,0:0:0:0:
192,192,32932,1,0,0:0:0:0:
320,192,32998,1,0,0:0:0:0:
448,192,32998,1,0,0:0:0:0:
64,192,33065,1,0,0:0:0:0:
192,192,33065,1,0,0:0:0:0:
320,192,33131,1,0,0:0:0:0:
448,192,33131,1,0,0:0:0:0:
64,192,33197,1,0,0:0:0:0:
192,192,33197,1,0,0:0:0:0:
320,192,33264,1,0,0:0:0:0:
64,192,33330,1,0,0:0:0:0:
448,192,33330,1,0,0:0:0:0:
192,192,33396,1,0,0:0:0:0:
64,192,33463,1,0,0:0:0:0:
320,192,33463,1,0,0:0:0:0:
448,192,33529,1,0,0:0:0:0:
192,192,33595,1,0,0:0:0:0:
320,192,33595,1,0,0:0:0:0:
64,192,33661,1,0,0:0:0:0:
192,192,33728,1,0,0:0:0:0:
448,192,33728,1,0,0:0:0:0:
320,192,33794,1,0,0:0:0:0:
64,192,33860,1,0,0:0:0:0:
192,192,33860,1,0,0:0:0:0:
320,192,33927,1,0,0:0:0:0:
448,192,33927,1,0,0:0:0:0:
64,192,33993,1,0,0:0:0:0:
192,192,34026,1,0,0:0:0:0:
320,192,34059,1,0,0:0:0:0:
448,192,34093,1,0,0:0:0:0:
64,192,34126,1,0,0:0:0:0:
320,192,34192,1,0,0:0:0:0:
64,192,34258,1,0,0:0:0:0:
192,192,34258,1,0,0:0:0:0:
448,192,34325,1,0,0:0:0:0:
192,192,34391,1,0,0:0:0:0:
320,192,34457,1,0,0:0:0:0:
64,192,34524,1,0,0:0:0:0:
448,192,34524,1,0,0:0:0:0:
192,192,34590,1,0,0:0:0:0:
64,192,34656,1,0,0:0:0:0:
448,192,34656,1,0,0:0:0:0:
320,192,34723,1,0,0:0:0:0:
64,192,34789,1,0,0:0:0:0:
192,192,34789,1,0,0:0:0:0:
448,192,34855,1,0,0:0:0:0:
192,192,34921,1,0,0:0:0:0:
320,192,34988,1,0,0:0:0:0:
64,192,35054,1,0,0:0:0:0:
192,192,35054,1,0,0:0:0:0:
320,192,35120,1,0,0:0:0:0:
448,192,35120,1,0,0:0:0:0:
64,192,35187,1,0,0:0:0:0:
192,192,35187,1,0,0:0:0:0:
320,192,35253,1,0,0:0:0:0:
448,192,35253,1,0,0:0:0:0:
64,192,35319,1,0,0:0:0:0:
192,192,35319,1,0,0:0:0:0:
448,192,35386,1,0,0:0:0:0:
64,192,35452,1,0,0:0:0:0:
320,192,35452,1,0,0:0:0:0:
192,192,35518,1,0,0:0:0:0:
64,192,35585,1,0,0:0:0:0:
448,192,35585,1,0,0:0:0:0:
192,192,35651,1,0,0:0:0:0:
320,192,35651,1,0,0:0:0:0:
64,192,35717,1,0,0:0:0:0:
448,192,35717,1,0,0:0:0:0:
192,192,35784,1,0,0:0:0:0:
320,192,35784,1,0,0:0:0:0:
64,192,35850,1,0,0:0:0:0:
448,192,35850,1,0,0:0:0:0:
320,192,35916,1,0,0:0:0:0:
64,192,35982,1,0,0:0:0:0:
192,192,35982,1,0,0:0:0:0:
320,192,36049,1,0,0:0:0:0:
448,192,36049,1,0,0:0:0:0:
64,192,36115,1,0,0:0:0:0:
192,192,36159,1,0,0:0:0:0:
320,192,36203,1,0,0:0:0:0:
448,192,36248,1,0,0:0:0:0:
64,192,36292,1,0,0:0:0:0:
192,192,36336,1,0,0:0:0:0:
448,192,36380,1,0,0:0:0:0:
320,192,36425,1,0,0:0:0:0:
64,192,36469,1,0,0:0:0:0:
192,192,36513,1,0,0:0:0:0:
448,192,36557,1,0,0:0:0:0:
320,192,36601,1,0,0:0:0:0:
64,192,36646,1,0,0:0:0:0:
192,192,36646,1,0,0:0:0:0:
448,192,36690,1,0,0:0:0:0:
320,192,36734,1,0,0:0:0:0:
64,192,36778,1,0,0:0:0:0:
192,192,36778,1,0,0:0:0:0:
448,192,36822,1,0,0:0:0:0:
320,192,36867,1,0,0:0:0:0:
64,192,36911,1,0,0:0:0:0:
192,192,36911,1,0,0:0:0:0:
448,192,36955,1,0,0:0:0:0:
320,192,36999,1,0,0:0:0:0:
64,192,37043,1,0,0:0:0:0:
192,192,37043,1,0,0:0:0:0:
448,192,37088,1,0,0:0:0:0:
320,192,37132,1,0,0:0:0:0:
64,192,37176,1,0,0:0:0:0:
192,192,37176,1,0,0:0:0:0:
320,192,37242,1,0,0:0:0:0:
64,192,37309,1,0,0:0:0:0:
448,192,37309,1,0,0:0:0:0:
192,192,37375,1,0,0:0:0:0:
64,192,37441,1,0,0:0:0:0:
320,192,37441,1,0,0:0:0:0:
448,192,37508,1,0,0:0:0:0:
64,192,37574,1,0,0:0:0:0:
192,192,37574,1,0,0:0:0:0:
320,192,37640,1,0,0:0:0:0:
448,192,37640,1,0,0:0:0:0:
64,192,37707,1,0,0:0:0:0:
192,192,37707,1,0,0:0:0:0:
448,192,37773,1,0,0:0:0:0:
64,192,37839,1,0,0:0:0:0:
320,192,37839,1,0,0:0:0:0:
192,192,37906,1,0,0:0:0:0:
320,192,37972,1,0,0:0:0:0:
448,192,37972,1,0,0:0:0:0:
192,192,38038,1,0,0:0:0:0:
64,192,38104,1,0,0:0:0:0:
448,192,38104,1,0,0:0:0:0:
320,192,38171,1,0,0:0:0:0:
64,192,38237,1,0,0:0:0:0:
192,192,38270,1,0,0:0:0:0:
320,192,38303,1,0,0:0:0:0:
448,192,38337,1,0,0:0:0:0:
64,192,38370,1,0,0:0:0:0:
320,192,38436,1,0,0:0:0:0:
64,192,38502,1,0,0:0:0:0:
192,192,38502,1,0,0:0:0:0:
320,192,38569,1,0,0:0:0:0:
448,192,38569,1,0,0:0:0:0:
64,192,38635,1,0,0:0:0:0:
192,192,38635,1,0,0:0:0:0:
320,192,38701,1,0,0:0:0:0:
448,192,38701,1,0,0:0:0:0:
64,192,38768,1,0,0:0:0:0:
192,192,38768,1,0,0:0:0:0:
448,192,38834,1,0,0:0:0:0:
192,192,38900,1,0,0:0:0:0:
320,192,38900,1,0,0:0:0:0:
64,192,38967,1,0,0:0:0:0:
192,192,39033,1,0,0:0:0:0:
448,192,39033,1,0,0:0:0:0:
320,192,39099,1,0,0:0:0:0:
64,192,39165,1,0,0:0:0:0:
192,192,39165,1,0,0:0:0:0:
448,192,39232,1,0,0:0:0:0:
64,192,39298,1,0,0:0:0:0:
320,192,39298,1,0,0:0:0:0:
192,192,39364,1,0,0:0:0:0:
320,192,39431,1,0,0:0:0:0:
448,192,39431,1,0,0:0:0:0:
64,192,39497,1,0,0:0:0:0:
192,192,39497,1,0,0:0:0:0:
320,192,39563,1,0,0:0:0:0:
448,192,39563,1,0,0:0:0:0:
192,192,39630,1,0,0:0:0:0:
64,192,39696,1,0,0:0:0:0:
448,192,39762,1,0,0:0:0:0:
192,192,39829,1,0,0:0:0:0:
320,192,39829,1,0,0:0:0:0:
64,192,39895,1,0,0:0:0:0:
192,192,39961,1,0,0:0:0:0:
448,192,39961,1,0,0:0:0:0:
64,192,40028,1,0,0:0:0:0:
320,192,40028,1,0,0:0:0:0:
192,192,40094,1,0,0:0:0:0:
448,192,40094,1,0,0:0:0:0:
320,192,40160,1,0,0:0:0:0:
64,192,40226,1,0,0:0:0:0:
192,192,40293,1,0,0:0:0:0:
448,192,40359,1,0,0:0:0:0:
320,192,40392,1,0,0:0:0:0:
192,192,40425,1,0,0:0:0:0:
64,192,40459,1,0,0:0:0:0:
320,192,40492,1,0,0:0:0:0:
448,192,40492,1,0,0:0:0:0:
64,192,40558,1,0,0:0:0:0:
192,192,40558,1,0,0:0:0:0:
320,192,40624,1,0,0:0:0:0:
448,192,40624,1,0,0:0:0:0:
192,192,40691,1,0,0:0:0:0:
64,192,40757,1,0,0:0:0:0:
448,192,40757,1,0,0:0:0:0:
320,192,40823,1,0,0:0:0:0:
64,192,40890,1,0,0:0:0:0:
192,192,40890,1,0,0:0:0:0:
448,192,40956,1,0,0:0:0:0:
192,192,41022,1,0,0:0:0:0:
320,192,41022,1,0,0:0:0:0:
448,192,41089,1,0,0:0:0:0:
64,192,41155,1,0,0:0:0:0:
320,192,41155,1,0,0:0:0:0:
192,192,41221,1,0,0:0:0:0:
64,192,41287,1,0,0:0:0:0:
448,192,41287,1,0,0:0:0:0:
320,192,41354,1,0,0:0:0:0:
64,192,41420,1,0,0:0:0:0:
192,192,41420,1,0,0:0:0:0:
320,192,41486,1,0,0:0:0:0:
448,192,41486,1,0,0:0:0:0:
64,192,41553,1,0,0:0:0:0:
192,192,41553,1,0,0:0:0:0:
320,192,41619,1,0,0:0:0:0:
448,192,41619,1,0,0:0:0:0:
64,192,41685,1,0,0:0:0:0:
192,192,41685,1,0,0:0:0:0:
448,192,41752,1,0,0:0:0:0:
192,192,41818,1,0,0:0:0:0:
320,192,41818,1,0,0:0:0:0:
64,192,41884,1,0,0:0:0:0:
192,192,41951,1,0,0:0:0:0:
448,192,41951,1,0,0:0:0:0:
320,192,42017,1,0,0:0:0:0:
64,192,42083,1,0,0:0:0:0:
448,192,42083,1,0,0:0:0:0:
192,192,42150,1,0,0:0:0:0:
320,192,42216,1,0,0:0:0:0:
448,192,42216,1,0,0:0:0:0:
64,192,42282,1,0,0:0:0:0:
320,192,42348,1,0,0:0:0:0:
448,192,42348,1,0,0:0:0:0:
64,192,42415,1,0,0:0:0:0:
192,192,42415,1,0,0:0:0:0:
448,192,42481,1,0,0:0:0:0:
320,192,42514,1,0,0:0:0:0:
192,192,42547,1,0,0:0:0:0:
64,192,42581,1,0,0:0:0:0:
448,192,42614,1,0,0:0:0:0:
192,192,42680,1,0,0:0:0:0:
64,192,42746,1,0,0:0:0:0:
448,192,42746,1,0,0:0:0:0:
320,192,42813,1,0,0:0:0:0:
64,192,42879,1,0,0:0:0:0:
192,192,42945,1,0,0:0:0:0:
320,192,43012,1,0,0:0:0:0:
448,192,43012,1,0,0:0:0:0:
192,192,43078,1,0,0:0:0:0:
64,192,43144,1,0,0:0:0:0:
320,192,43144,1,0,0:0:0:0:
192,192,43211,1,0,0:0:0:0:
320,192,43277,1,0,0:0:0:0:
448,192,43277,1,0,0:0:0:0:
64,192,43343,1,0,0:0:0:0:
192,192,43410,1,0,0:0:0:0:
320,192,43476,1,0,0:0:0:0:
192,192,43542,1,0,0:0:0:0:
448,192,43542,1,0,0:0:0:0:
64,192,43608,1,0,0:0:0:0:
320,192,43608,1,0,0:0:0:0:
192,192,43675,1,0,0:0:0:0:
448,192,43675,1,0,0:0:0:0:
64,192,43741,1,0,0:0:0:0:
320,192,43741,1,0,0:0:0:0:
192,192,43807,1,0,0:0:0:0:
448,192,43807,1,0,0:0:0:0:
64,192,43874,1,0,0:0:0:0:
320,192,43940,1,0,0:0:0:0:
448,192,43940,1,0,0:0:0:0:
192,192,44006,1,0,0:0:0:0:
448,192,44073,1,0,0:0:0:0:
320,192,44117,1,0,0:0:0:0:
64,192,44161,1,0,0:0:0:0:
192,192,44205,1,0,0:0:0:0:
448,192,44249,1,0,0:0:0:0:
320,192,44294,1,0,0:0:0:0:
64,192,44338,1,0,0:0:0:0:
192,192,44338,1,0,0:0:0:0:
448,192,44382,1,0,0:0:0:0:
320,192,44426,1,0,0:0:0:0:
64,192,44471,1,0,0:0:0:0:
192,192,44471,1,0,0:0:0:0:
448,192,44515,1,0,0:0:0:0:
320,192,44559,1,0,0:0:0:0:
64,192,44603,1,0,0:0:0:0:
192,192,44603,1,0,0:0:0:0:
448,192,44647,1,0,0:0:0:0:
320,192,44692,1,0,0:0:0:0:
64,192,44736,1,0,0:0:0:0:
192,192,44780,1,0,0:0:0:0:
320,192,44824,1,0,0:0:0:0:
448,192,44868,1,0,0:0:0:0:
192,192,44913,1,0,0:0:0:0:
320,192,44957,1,0,0:0:0:0:
448,192,45001,1,0,0:0:0:0:
64,192,45045,1,0,0:0:0:0:
192,192,45089,1,0,0:0:0:0:
320,192,45134,1,0,0:0:0:0:
448,192,45134,1,0,0:0:0:0:
64,192,45178,1,0,0:0:0:0:
192,192,45222,1,0,0:0:0:0:
320,192,45266,1,0,0:0:0:0:
448,192,45266,1,0,0:0:0:0:
64,192,45310,1,0,0:0:0:0:
192,192,45355,1,0,0:0:0:0:
320,192,45399,1,0,0:0:0:0:
448,192,45399,1,0,0:0:0:0:
64,192,45443,1,0,0:0:0:0:
192,192,45487,1,0,0:0:0:0:
320,192,45532,1,0,0:0:0:0:
448,192,45532,1,0,0:0:0:0:
64,192,45576,1,0,0:0:0:0:
192,192,45620,1,0,0:0:0:0:
320,192,45664,1,0,0:0:0:0:
448,192,45664,1,0,0:0:0:0:
64,192,45730,1,0,0:0:0:0:
192,192,45797,1,0,0:0:0:0:
320,192,45797,1,0,0:0:0:0:
448,192,45863,1,0,0:0:0:0:
64,192,45929,1,0,0:0:0:0:
320,192,45929,1,0,0:0:0:0:
192,192,45996,1,0,0:0:0:0:
320,192,46062,1,0,0:0:0:0:
448,192,46062,1,0,0:0:0:0:
64,192,46128,1,0,0:0:0:0:
192,192,46128,1,0,0:0:0:0:
320,192,46195,1,0,0:0:0:0:
448,192,46195,1,0,0:0:0:0:
64,192,46261,1,0,0:0:0:0:
192,192,46327,1,0,0:0:0:0:
448,192,46327,1,0,0:0:0:0:
320,192,46394,1,0,0:0:0:0:
64,192,46460,1,0,0:0:0:0:
448,192,46460,1,0,0:0:0:0:
192,192,46526,1,0,0:0:0:0:
320,192,46593,1,0,0:0:0:0:
448,192,46593,1,0,0:0:0:0:
64,192,46659,1,0,0:0:0:0:
448,192,46725,1,0,0:0:0:0:
320,192,46758,1,0,0:0:0:0:
192,192,46791,1,0,0:0:0:0:
64,192,46825,1,0,0:0:0:0:
448,192,46858,1,0,0:0:0:0:
192,192,46924,1,0,0:0:0:0:
64,192,46990,1,0,0:0:0:0:
448,192,46990,1,0,0:0:0:0:
192,192,47057,1,0,0:0:0:0:
320,192,47057,1,0,0:0:0:0:
64,192,47123,1,0,0:0:0:0:
448,192,47123,1,0,0:0:0:0:
192,192,47189,1,0,0:0:0:0:
320,192,47189,1,0,0:0:0:0:
64,192,47256,1,0,0:0:0:0:
448,192,47256,1,0,0:0:0:0:
320,192,47322,1,0,0:0:0:0:
64,192,47388,1,0,0:0:0:0:
192,192,47388,1,0,0:0:0:0:
448,192,47455,1,0,0:0:0:0:
64,192,47521,1,0,0:0:0:0:
320,192,47521,1,0,0:0:0:0:
192,192,47587,1,0,0:0:0:0:
320,192,47654,1,0,0:0:0:0:
448,192,47654,1,0,0:0:0:0:
192,192,47720,1,0,0:0:0:0:
64,192,47786,1,0,0:0:0:0:
448,192,47786,1,0,0:0:0:0:
320,192,47852,1,0,0:0:0:0:
64,192,47919,1,0,0:0:0:0:
192,192,47919,1,0,0:0:0:0:
320,192,47985,1,0,0:0:0:0:
448,192,47985,1,0,0:0:0:0:
64,192,48051,1,0,0:0:0:0:
192,192,48051,1,0,0:0:0:0:
448,192,48118,1,0,0:0:0:0:
320,192,48184,1,0,0:0:0:0:
192,192,48250,1,0,0:0:0:0:
64,192,48317,1,0,0:0:0:0:
448,192,48317,1,0,0:0:0:0:
320,192,48383,1,0,0:0:0:0:
192,192,48449,1,0,0:0:0:0:
448,192,48449,1,0,0:0:0:0:
64,192,48516,1,0,0:0:0:0:
320,192,48516,1,0,0:0:0:0:
192,192,48582,1,0,0:0:0:0:
448,192,48582,1,0,0:0:0:0:
64,192,48648,1,0,0:0:0:0:
320,192,48715,1,0,0:0:0:0:
448,192,48781,1,0,0:0:0:0:
64,192,48847,1,0,0:0:0:0:
192,192,48880,1,0,0:0:0:0:
320,192,48913,1,0,0:0:0:0:
448,192,48947,1,0,0:0:0:0:
64,192,48980,1,0,0:0:0:0:
192,192,48980,1,0,0:0:0:0:
320,192,49046,1,0,0:0:0:0:
448,192,49046,1,0,0:0:0:0:
64,192,49112,1,0,0:0:0:0:
192,192,49112,1,0,0:0:0:0:
448,192,49179,1,0,0:0:0:0:
192,192,49245,1,0,0:0:0:0:
320,192,49245,1,0,0:0:0:0:
64,192,49311,1,0,0:0:0:0:
320,192,49378,1,0,0:0:0:0:
448,192,49378,1,0,0:0:0:0:
192,192,49444,1,0,0:0:0:0:
64,192,49510,1,0,0:0:0:0:
320,192,49510,1,0,0:0:0:0:
448,192,49577,1,0,0:0:0:0:
64,192,49643,1,0,0:0:0:0:
192,192,49643,1,0,0:0:0:0:
448,192,49709,1,0,0:0:0:0:
64,192,49776,1,0,0:0:0:0:
320,192,49776,1,0,0:0:0:0:
192,192,49842,1,0,0:0:0:0:
320,192,49908,1,0,0:0:0:0:
448,192,49908,1,0,0:0:0:0:
64,192,49974,1,0,0:0:0:0:
192,192,49974,1,0,0:0:0:0:
320,192,50041,1,0,0:0:0:0:
448,192,50041,1,0,0:0:0:0:
64,192,50107,1,0,0:0:0:0:
192,192,50107,1,0,0:0:0:0:
320,192,50173,1,0,0:0:0:0:
448,192,50173,1,0,0:0:0:0:
64,192,50240,1,0,0:0:0:0:
192,192,50306,1,0,0:0:0:0:
448,192,50306,1,0,0:0:0:0:
320,192,50372,1,0,0:0:0:0:
64,192,50439,1,0,0:0:0:0:
448,192,50439,1,0,0:0:0:0:
192,192,50505,1,0,0:0:0:0:
64,192,50571,1,0,0:0:0:0:
320,192,50571,1,0,0:0:0:0:
448,192,50638,1,0,0:0:0:0:
192,192,50704,1,0,0:0:0:0:
320,192,50704,1,0,0:0:0:0:
64,192,50770,1,0,0:0:0:0:
320,192,50837,1,0,0:0:0:0:
448,192,50837,1,0,0:0:0:0:
64,192,50903,1,0,0:0:0:0:
192,192,50903,1,0,0:0:0:0:
448,192,50969,1,0,0:0:0:0:
320,192,51002,1,0,0:0:0:0:
192,192,51036,1,0,0:0:0:0:
64,192,51069,1,0,0:0:0:0:
448,192,51102,1,0,0:0:0:0:
192,192,51168,1,0,0:0:0:0:
64,192,51234,1,0,0:0:0:0:
448,192,51234,1,0,0:0:0:0:
320,192,51301,1,0,0:0:0:0:
64,192,51367,1,0,0:0:0:0:
192,192,51433,1,0,0:0:0:0:
320,192,51500,1,0,0:0:0:0:
448,192,51500,1,0,0:0:0:0:
64,192,51566,1,0,0:0:0:0:
192,192,51632,1,0,0:0:0:0:
320,192,51632,1,0,0:0:0:0:
448,192,51699,1,0,0:0:0:0:
64,192,51765,1,0,0:0:0:0:
320,192,51765,1,0,0:0:0:0:
192,192,51831,1,0,0:0:0:0:
448,192,51898,1,0,0:0:0:0:
64,192,51964,1,0,0:0:0:0:
320,192,52030,1,0,0:0:0:0:
448,192,52030,1,0,0:0:0:0:
64,192,52097,1,0,0:0:0:0:
192,192,52097,1,0,0:0:0:0:
320,192,52163,1,0,0:0:0:0:
448,192,52163,1,0,0:0:0:0:
64,192,52229,1,0,0:0:0:0:
192,192,52229,1,0,0:0:0:0:
320,192,52295,1,0,0:0:0:0:
448,192,52295,1,0,0:0:0:0:
64,192,52362,1,0,0:0:0:0:
192,192,52428,1,0,0:0:0:0:
320,192,52428,1,0,0:0:0:0:
448,192,52494,1,0,0:0:0:0:
64,192,52561,1,0,0:0:0:0:
320,192,52561,1,0,0:0:0:0:
192,192,52627,1,0,0:0:0:0:
448,192,52627,1,0,0:0:0:0:
64,192,52693,1,0,0:0:0:0:
320,192,52693,1,0,0:0:0:0:
192,192,52760,1,0,0:0:0:0:
448,192,52760,1,0,0:0:0:0:
64,192,52826,1,0,0:0:0:0:
320,192,52826,1,0,0:0:0:0:
448,192,52892,1,0,0:0:0:0:
64,192,52959,1,0,0:0:0:0:
192,192,52959,1,0,0:0:0:0:
320,192,53025,1,0,0:0:0:0:
448,192,53025,1,0,0:0:0:0:
64,192,53091,1,0,0:0:0:0:
192,192,53135,1,0,0:0:0:0:
448,192,53180,1,0,0:0:0:0:
320,192,53224,1,0,0:0:0:0:
192,192,53268,1,0,0:0:0:0:
64,192,53312,1,0,0:0:0:0:
320,192,53356,1,0,0:0:0:0:
448,192,53401,1,0,0:0:0:0:
192,192,53445,1,0,0:0:0:0:
64,192,53489,1,0,0:0:0:0:
448,192,53533,1,0,0:0:0:0:
320,192,53578,1,0,0:0:0:0:
64,192,53622,1,0,0:0:0:0:
192,192,53622,1,0,0:0:0:0:
448,192,53666,1,0,0:0:0:0:
320,192,53710,1,0,0:0:0:0:
64,192,53754,1,0,0:0:0:0:
192,192,53754,1,0,0:0:0:0:
448,192,53799,1,0,0:0:0:0:
320,192,53843,1,0,0:0:0:0:
64,192,53887,1,0,0:0:0:0:
192,192,53887,1,0,0:0:0:0:
448,192,53931,1,0,0:0:0:0:
320,192,53975,1,0,0:0:0:0:
64,192,54020,1,0,0:0:0:0:
192,192,54020,1,0,0:0:0:0:
448,192,54064,1,0,0:0:0:0:
320,192,54108,1,0,0:0:0:0:
64,192,54152,1,0,0:0:0:0:
192,192,54152,1,0,0:0:0:0:
448,192,54219,1,0,0:0:0:0:
64,192,54285,1,0,0:0:0:0:
320,192,54285,1,0,0:0:0:0:
192,192,54351,1,0,0:0:0:0:
64,192,54417,1,0,0:0:0:0:
448,192,54417,1,0,0:0:0:0:
320,192,54484,1,0,0:0:0:0:
64,192,54550,1,0,0:0:0:0:
192,192,54550,1,0,0:0:0:0:
320,192,54616,1,0,0:0:0:0:
448,192,54616,1,0,0:0:0:0:
64,192,54683,1,0,0:0:0:0:
192,192,54683,1,0,0:0:0:0:
320,192,54749,1,0,0:0:0:0:
192,192,54815,1,0,0:0:0:0:
448,192,54815,1,0,0:0:0:0:
64,192,54882,1,0,0:0:0:0:
320,192,54948,1,0,0:0:0:0:
448,192,54948,1,0,0:0:0:0:
64,192,55014,1,0,0:0:0:0:
192,192,55081,1,0,0:0:0:0:
320,192,55081,1,0,0:0:0:0:
448,192,55147,1,0,0:0:0:0:
64,192,55213,1,0,0:0:0:0:
192,192,55246,1,0,0:0:0:0:
320,192,55280,1,0,0:0:0:0:
448,192,55313,1,0,0:0:0:0:
64,192,55346,1,0,0:0:0:0:
320,192,55412,1,0,0:0:0:0:
64,192,55478,1,0,0:0:0:0:
448,192,55478,1,0,0:0:0:0:
192,192,55545,1,0,0:0:0:0:
320,192,55545,1,0,0:0:0:0:
64,192,55611,1,0,0:0:0:0:
448,192,55611,1,0,0:0:0:0:
192,192,55677,1,0,0:0:0:0:
320,192,55677,1,0,0:0:0:0:
64,192,55744,1,0,0:0:0:0:
448,192,55744,1,0,0:0:0:0:
192,192,55810,1,0,0:0:0:0:
320,192,55876,1,0,0:0:0:0:
448,192,55876,1,0,0:0:0:0:
192,192,55943,1,0,0:0:0:0:
64,192,56009,1,0,0:0:0:0:
448,192,56009,1,0,0:0:0:0:
320,192,56075,1,0,0:0:0:0:
64,192,56142,1,0,0:0:0:0:
192,192,56142,1,0,0:0:0:0:
448,192,56208,1,0,0:0:0:0:
192,192,56274,1,0,0:0:0:0:
320,192,56274,1,0,0:0:0:0:
448,192,56341,1,0,0:0:0:0:
64,192,56407,1,0,0:0:0:0:
320,192,56407,1,0,0:0:0:0:
192,192,56473,1,0,0:0:0:0:
448,192,56473,1,0,0:0:0:0:
64,192,56539,1,0,0:0:0:0:
320,192,56539,1,0,0:0:0:0:
448,192,56606,1,0,0:0:0:0:
320,192,56672,1,0,0:0:0:0:
192,192,56738,1,0,0:0:0:0:
64,192,56805,1,0,0:0:0:0:
448,192,56805,1,0,0:0:0:0:
320,192,56871,1,0,0:0:0:0:
64,192,56937,1,0,0:0:0:0:
192,192,56937,1,0,0:0:0:0:
320,192,57004,1,0,0:0:0:0:
448,192,57004,1,0,0:0:0:0:
64,192,57070,1,0,0:0:0:0:
192,192,57070,1,0,0:0:0:0:
448,192,57136,1,0,0:0:0:0:
64,192,57203,1,0,0:0:0:0:
192,192,57269,1,0,0:0:0:0:
448,192,57335,1,0,0:0:0:0:
320,192,57368,1,0,0:0:0:0:
192,192,57402,1,0,0:0:0:0:
64,192,57435,1,0,0:0:0:0:
320,192,57468,1,0,0:0:0:0:
448,192,57468,1,0,0:0:0:0:
64,192,57534,1,0,0:0:0:0:
192,192,57534,1,0,0:0:0:0:
320,192,57600,1,0,0:0:0:0:
448,192,57600,1,0,0:0:0:0:
64,192,57667,1,0,0:0:0:0:
192,192,57733,1,0,0:0:0:0:
320,192,57733,1,0,0:0:0:0:
448,192,57799,1,0,0:0:0:0:
64,192,57866,1,0,0:0:0:0:
320,192,57866,1,0,0:0:0:0:
192,192,57932,1,0,0:0:0:0:
64,192,57998,1,0,0:0:0:0:
448,192,57998,1,0,0:0:0:0:
320,192,58065,1,0,0:0:0:0:
192,192,58131,1,0,0:0:0:0:
448,192,58131,1,0,0:0:0:0:
64,192,58197,1,0,0:0:0:0:
192,192,58264,1,0,0:0:0:0:
448,192,58264,1,0,0:0:0:0:
64,192,58330,1,0,0:0:0:0:
320,192,58396,1,0,0:0:0:0:
448,192,58396,1,0,0:0:0:0:
64,192,58463,1,0,0:0:0:0:
192,192,58463,1,0,0:0:0:0:
320,192,58529,1,0,0:0:0:0:
448,192,58529,1,0,0:0:0:0:
64,192,58595,1,0,0:0:0:0:
192,192,58595,1,0,0:0:0:0:
320,192,58661,1,0,0:0:0:0:
448,192,58661,1,0,0:0:0:0:
192,192,58728,1,0,0:0:0:0:
64,192,58794,1,0,0:0:0:0:
448,192,58794,1,0,0:0:0:0:
320,192,58860,1,0,0:0:0:0:
192,192,58927,1,0,0:0:0:0:
448,192,58927,1,0,0:0:0:0:
64,192,58993,1,0,0:0:0:0:
192,192,59059,1,0,0:0:0:0:
320,192,59059,1,0,0:0:0:0:
448,192,59126,1,0,0:0:0:0:
64,192,59192,1,0,0:0:0:0:
320,192,59192,1,0,0:0:0:0:
192,192,59258,1,0,0:0:0:0:
320,192,59325,1,0,0:0:0:0:
448,192,59325,1,0,0:0:0:0:
64,192,59391,1,0,0:0:0:0:
192,192,59391,1,0,0:0:0:0:
448,192,59457,1,0,0:0:0:0:
320,192,59490,1,0,0:0:0:0:
192,192,59524,1,0,0:0:0:0:
64,192,59557,1,0,0:0:0:0:
448,192,59590,1,0,0:0:0:0:
192,192,59656,1,0,0:0:0:0:
64,192,59723,1,0,0:0:0:0:
448,192,59723,1,0,0:0:0:0:
320,192,59789,1,0,0:0:0:0:
192,192,59855,1,0,0:0:0:0:
320,192,59921,1,0,0:0:0:0:
64,192,59988,1,0,0:0:0:0:
192,192,59988,1,0,0:0:0:0:
448,192,60054,1,0,0:0:0:0:
192,192,60120,1,0,0:0:0:0:
320,192,60120,1,0,0:0:0:0:
64,192,60187,1,0,0:0:0:0:
320,192,60253,1,0,0:0:0:0:
448,192,60253,1,0,0:0:0:0:
64,192,60319,1,0,0:0:0:0:
192,192,60386,1,0,0:0:0:0:
320,192,60452,1,0,0:0:0:0:
64,192,60518,1,0,0:0:0:0:
448,192,60518,1,0,0:0:0:0:
192,192,60585,1,0,0:0:0:0:
320,192,60585,1,0,0:0:0:0:
64,192,60651,1,0,0:0:0:0:
448,192,60651,1,0,0:0:0:0:
192,192,60717,1,0,0:0:0:0:
320,192,60717,1,0,0:0:0:0:
64,192,60784,1,0,0:0:0:0:
448,192,60784,1,0,0:0:0:0:
192,192,60850,1,0,0:0:0:0:
320,192,60916,1,0,0:0:0:0:
448,192,60916,1,0,0:0:0:0:
64,192,60982,1,0,0:0:0:0:
448,192,61049,1,0,0:0:0:0:
320,192,61093,1,0,0:0:0:0:
64,192,61137,1,0,0:0:0:0:
192,192,61181,1,0,0:0:0:0:
320,192,61226,1,0,0:0:0:0:
448,192,61270,1,0,0:0:0:0:
64,192,61314,1,0,0:0:0:0:
192,192,61314,1,0,0:0:0:0:
320,192,61358,1,0,0:0:0:0:
448,192,61402,1,0,0:0:0:0:
64,192,61447,1,0,0:0:0:0:
192,192,61447,1,0,0:0:0:0:
320,192,61491,1,0,0:0:0:0:
448,192,61535,1,0,0:0:0:0:
64,192,61579,1,0,0:0:0:0:
192,192,61579,1,0,0:0:0:0:
320,192,61623,1,0,0:0:0:0:
448,192,61668,1,0,0:0:0:0:
192,192,61712,1,0,0:0:0:0:
64,192,61756,1,0,0:0:0:0:
320,192,61800,1,0,0:0:0:0:
192,192,61845,1,0,0:0:0:0:
64,192,61889,1,0,0:0:0:0:
448,192,61933,1,0,0:0:0:0:
320,192,61977,1,0,0:0:0:0:
64,192,62021,1,0,0:0:0:0:
192,192,62066,1,0,0:0:0:0:
320,192,62110,1,0,0:0:0:0:
448,192,62110,1,0,0:0:0:0:
64,192,62154,1,0,0:0:0:0:
192,192,62198,1,0,0:0:0:0:
320,192,62242,1,0,0:0:0:0:
448,192,62242,1,0,0:0:0:0:
64,192,62287,1,0,0:0:0:0:
192,192,62331,1,0,0:0:0:0:
320,192,62375,1,0,0:0:0:0:
448,192,62375,1,0,0:0:0:0:
64,192,62419,1,0,0:0:0:0:
192,192,62463,1,0,0:0:0:0:
320,192,62508,1,0,0:0:0:0:
448,192,62508,1,0,0:0:0:0:
64,192,62552,1,0,0:0:0:0:
192,192,62596,1,0,0:0:0:0:
320,192,62640,1,0,0:0:0:0:
448,192,62640,1,0,0:0:0:0:
192,192,62906,1,0,0:0:0:0:
320,192,62906,1,0,0:0:0:0:
64,192,63171,1,0,0:0:0:0:
320,192,63171,1,0,0:0:0:0:
448,192,63171,1,0,0:0:0:0:
320,192,63303,1,0,0:0:0:0:
448,192,63303,1,0,0:0:0:0:
192,192,63436,1,0,0:0:0:0:
448,192,63436,1,0,0:0:0:0:
64,192,63701,1,0,0:0:0:0:
192,192,63701,1,0,0:0:0:0:
320,192,63701,1,0,0:0:0:0:
320,192,63967,1,0,0:0:0:0:
448,192,63967,1,0,0:0:0:0:
192,192,64099,1,0,0:0:0:0:
64,192,64232,1,0,0:0:0:0:
192,192,64232,1,0,0:0:0:0:
448,192,64232,1,0,0:0:0:0:
320,192,64364,1,0,0:0:0:0:
64,192,64497,1,0,0:0:0:0:
320,192,64497,1,0,0:0:0:0:
448,192,64497,1,0,0:0:0:0:
192,192,64630,1,0,0:0:0:0:
320,192,64630,1,0,0:0:0:0:
192,192,64762,1,0,0:0:0:0:
320,192,64762,1,0,0:0:0:0:
448,192,64762,1,0,0:0:0:0:
64,192,65028,1,0,0:0:0:0:
448,192,65028,1,0,0:0:0:0:
64,192,65293,1,0,0:0:0:0:
192,192,65293,1,0,0:0:0:0:
320,192,65293,1,0,0:0:0:0:
192,192,65425,1,0,0:0:0:0:
320,192,65425,1,0,0:0:0:0:
64,192,65558,1,0,0:0:0:0:
448,192,65558,1,0,0:0:0:0:
64,192,65823,1,0,0:0:0:0:
320,192,65823,1,0,0:0:0:0:
448,192,65823,1,0,0:0:0:0:
64,192,66089,1,0,0:0:0:0:
192,192,66089,1,0,0:0:0:0:
320,192,66221,1,0,0:0:0:0:
64,192,66354,1,0,0:0:0:0:
192,192,66354,1,0,0:0:0:0:
448,192,66354,1,0,0:0:0:0:
320,192,66486,1,0,0:0:0:0:
64,192,66619,1,0,0:0:0:0:
320,192,66619,1,0,0:0:0:0:
448,192,66619,1,0,0:0:0:0:
320,192,66752,1,0,0:0:0:0:
448,192,66752,1,0,0:0:0:0:
64,192,66884,1,0,0:0:0:0:
192,192,66884,1,0,0:0:0:0:
448,192,66884,1,0,0:0:0:0:
192,192,67150,1,0,0:0:0:0:
320,192,67150,1,0,0:0:0:0:
64,192,67415,1,0,0:0:0:0:
192,192,67415,1,0,0:0:0:0:
448,192,67415,1,0,0:0:0:0:
192,192,67547,1,0,0:0:0:0:
448,192,67547,1,0,0:0:0:0:
64,192,67680,1,0,0:0:0:0:
320,192,67680,1,0,0:0:0:0:
192,192,67945,1,0,0:0:0:0:
320,192,67945,1,0,0:0:0:0:
448,192,67945,1,0,0:0:0:0:
64,192,68211,1,0,0:0:0:0:
448,192,68211,1,0,0:0:0:0:
320,192,68343,1,0,0:0:0:0:
64,192,68476,1,0,0:0:0:0:
192,192,68476,1,0,0:0:0:0:
448,192,68476,1,0,0:0:0:0:
320,192,68608,1,0,0:0:0:0:
64,192,68741,1,0,0:0:0:0:
320,192,68741,1,0,0:0:0:0:
448,192,68741,1,0,0:0:0:0:
64,192,68874,1,0,0:0:0:0:
192,192,68874,1,0,0:0:0:0:
64,192,69006,1,0,0:0:0:0:
192,192,69006,1,0,0:0:0:0:
448,192,69006,1,0,0:0:0:0:
192,192,69272,1,0,0:0:0:0:
448,192,69272,1,0,0:0:0:0:
64,192,69537,1,0,0:0:0:0:
192,192,69537,1,0,0:0:0:0:
320,192,69537,1,0,0:0:0:0:
64,192,69669,1,0,0:0:0:0:
192,192,69669,1,0,0:0:0:0:
320,192,69802,1,0,0:0:0:0:
448,192,69802,1,0,0:0:0:0:
64,192,70067,1,0,0:0:0:0:
192,192,70067,1,0,0:0:0:0:
448,192,70067,1,0,0:0:0:0:
320,192,70333,1,0,0:0:0:0:
448,192,70333,1,0,0:0:0:0:
192,192,70465,1,0,0:0:0:0:
64,192,70598,1,0,0:0:0:0:
320,192,70598,1,0,0:0:0:0:
448,192,70598,1,0,0:0:0:0:
192,192,70730,1,0,0:0:0:0:
64,192,70863,1,0,0:0:0:0:
448,192,70863,1,0,0:0:0:0:
192,192,70996,1,0,0:0:0:0:
320,192,70996,1,0,0:0:0:0:
64,192,71128,1,0,0:0:0:0:
192,192,71128,1,0,0:0:0:0:
320,192,71128,1,0,0:0:0:0:
64,192,71394,1,0,0:0:0:0:
448,192,71394,1,0,0:0:0:0:
192,192,71659,1,0,0:0:0:0:
320,192,71659,1,0,0:0:0:0:
448,192,71659,1,0,0:0:0:0:
320,192,71791,1,0,0:0:0:0:
448,192,71791,1,0,0:0:0:0:
64,192,71924,1,0,0:0:0:0:
192,192,71924,1,0,0:0:0:0:
64,192,72189,1,0,0:0:0:0:
320,192,72189,1,0,0:0:0:0:
448,192,72189,1,0,0:0:0:0:
192,192,72455,1,0,0:0:0:0:
448,192,72455,1,0,0:0:0:0:
320,192,72587,1,0,0:0:0:0:
64,192,72720,1,0,0:0:0:0:
192,192,72720,1,0,0:0:0:0:
448,192,72720,1,0,0:0:0:0:
320,192,72852,1,0,0:0:0:0:
64,192,72985,1,0,0:0:0:0:
192,192,72985,1,0,0:0:0:0:
320,192,72985,1,0,0:0:0:0:
64,192,73118,1,0,0:0:0:0:
192,192,73118,1,0,0:0:0:0:
192,192,73250,1,0,0:0:0:0:
320,192,73250,1,0,0:0:0:0:
448,192,73250,1,0,0:0:0:0:
64,192,73516,1,0,0:0:0:0:
320,192,73516,1,0,0:0:0:0:
64,192,73781,1,0,0:0:0:0:
192,192,73781,1,0,0:0:0:0:
448,192,73781,1,0,0:0:0:0:
64,192,73913,1,0,0:0:0:0:
192,192,73913,1,0,0:0:0:0:
320,192,74046,1,0,0:0:0:0:
448,192,74046,1,0,0:0:0:0:
64,192,74311,1,0,0:0:0:0:
192,192,74311,1,0,0:0:0:0:
320,192,74311,1,0,0:0:0:0:
192,192,74577,1,0,0:0:0:0:
448,192,74577,1,0,0:0:0:0:
320,192,74709,1,0,0:0:0:0:
64,192,74842,1,0,0:0:0:0:
192,192,74842,1,0,0:0:0:0:
448,192,74842,1,0,0:0:0:0:
320,192,74974,1,0,0:0:0:0:
64,192,75107,1,0,0:0:0:0:
320,192,75107,1,0,0:0:0:0:
448,192,75107,1,0,0:0:0:0:
192,192,75240,1,0,0:0:0:0:
320,192,75240,1,0,0:0:0:0:
64,192,75372,1,0,0:0:0:0:
192,192,75372,1,0,0:0:0:0:
320,192,75372,1,0,0:0:0:0:
192,192,75638,1,0,0:0:0:0:
448,192,75638,1,0,0:0:0:0:
64,192,75903,1,0,0:0:0:0:
320,192,75903,1,0,0:0:0:0:
448,192,75903,1,0,0:0:0:0:
64,192,76036,1,0,0:0:0:0:
320,192,76036,1,0,0:0:0:0:
192,192,76168,1,0,0:0:0:0:
448,192,76168,1,0,0:0:0:0:
64,192,76433,1,0,0:0:0:0:
192,192,76433,1,0,0:0:0:0:
320,192,76433,1,0,0:0:0:0:
320,192,76699,1,0,0:0:0:0:
448,192,76699,1,0,0:0:0:0:
64,192,76831,1,0,0:0:0:0:
192,192,76964,1,0,0:0:0:0:
320,192,76964,1,0,0:0:0:0:
448,192,76964,1,0,0:0:0:0:
64,192,77097,1,0,0:0:0:0:
64,192,77229,1,0,0:0:0:0:
192,192,77229,1,0,0:0:0:0:
448,192,77229,1,0,0:0:0:0:
320,192,77362,1,0,0:0:0:0:
448,192,77362,1,0,0:0:0:0:
64,192,77494,1,0,0:0:0:0:
320,192,77494,1,0,0:0:0:0:
448,192,77494,1,0,0:0:0:0:
192,192,77760,1,0,0:0:0:0:
320,192,77760,1,0,0:0:0:0:
64,192,78025,1,0,0:0:0:0:
192,192,78025,1,0,0:0:0:0:
448,192,78025,1,0,0:0:0:0:
64,192,78158,1,0,0:0:0:0:
192,192,78158,1,0,0:0:0:0:
320,192,78290,1,0,0:0:0:0:
448,192,78290,1,0,0:0:0:0:
64,192,78555,1,0,0:0:0:0:
192,192,78555,1,0,0:0:0:0:
448,192,78555,1,0,0:0:0:0:
192,192,78821,1,0,0:0:0:0:
320,192,78821,1,0,0:0:0:0:
64,192,78953,1,0,0:0:0:0:
192,192,79086,1,0,0:0:0:0:
320,192,79086,1,0,0:0:0:0:
448,192,79086,1,0,0:0:0:0:
320,192,79219,1,0,0:0:0:0:
448,192,79219,1,0,0:0:0:0:
64,192,79351,1,0,0:0:0:0:
192,192,79351,1,0,0:0:0:0:
320,192,79351,1,0,0:0:0:0:
192,192,79484,1,0,0:0:0:0:
320,192,79484,1,0,0:0:0:0:
64,192,79616,1,0,0:0:0:0:
192,192,79616,1,0,0:0:0:0:
448,192,79616,1,0,0:0:0:0:
320,192,79749,1,0,0:0:0:0:
192,192,79882,1,0,0:0:0:0:
448,192,79882,1,0,0:0:0:0:
320,192,80014,1,0,0:0:0:0:
64,192,80147,1,0,0:0:0:0:
192,192,80147,1,0,0:0:0:0:
448,192,80147,1,0,0:0:0:0:
320,192,80280,1,0,0:0:0:0:
64,192,80412,1,0,0:0:0:0:
192,192,80412,1,0,0:0:0:0:
448,192,80545,1,0,0:0:0:0:
64,192,80677,1,0,0:0:0:0:
192,192,80677,1,0,0:0:0:0:
320,192,80677,1,0,0:0:0:0:
448,192,80810,1,0,0:0:0:0:
192,192,80943,1,0,0:0:0:0:
320,192,80943,1,0,0:0:0:0:
64,192,81075,1,0,0:0:0:0:
192,192,81208,1,0,0:0:0:0:
448,192,81208,1,0,0:0:0:0:
64,192,81341,1,0,0:0:0:0:
192,192,81407,1,0,0:0:0:0:
64,192,81473,1,0,0:0:0:0:
448,192,81473,1,0,0:0:0:0:
320,192,81606,1,0,0:0:0:0:
448,192,81606,1,0,0:0:0:0:
64,192,81738,1,0,0:0:0:0:
320,192,81738,1,0,0:0:0:0:
448,192,81738,1,0,0:0:0:0:
192,192,81871,1,0,0:0:0:0:
64,192,82004,1,0,0:0:0:0:
320,192,82004,1,0,0:0:0:0:
448,192,82004,1,0,0:0:0:0:
192,192,82136,1,0,0:0:0:0:
448,192,82136,1,0,0:0:0:0:
64,192,82269,1,0,0:0:0:0:
192,192,82269,1,0,0:0:0:0:
320,192,82269,1,0,0:0:0:0:
448,192,82402,1,0,0:0:0:0:
64,192,82534,1,0,0:0:0:0:
320,192,82534,1,0,0:0:0:0:
64,192,82667,1,0,0:0:0:0:
320,192,82667,1,0,0:0:0:0:
192,192,82799,1,0,0:0:0:0:
320,192,82799,1,0,0:0:0:0:
448,192,82799,1,0,0:0:0:0:
192,192,82932,1,0,0:0:0:0:
320,192,82932,1,0,0:0:0:0:
448,192,82932,1,0,0:0:0:0:
64,192,83065,1,0,0:0:0:0:
320,192,83065,1,0,0:0:0:0:
448,192,83197,1,0,0:0:0:0:
64,192,83330,1,0,0:0:0:0:
192,192,83330,1,0,0:0:0:0:
448,192,83330,1,0,0:0:0:0:
192,192,83463,1,0,0:0:0:0:
320,192,83463,1,0,0:0:0:0:
64,192,83595,1,0,0:0:0:0:
320,192,83595,1,0,0:0:0:0:
448,192,83595,1,0,0:0:0:0:
64,192,83728,1,0,0:0:0:0:
192,192,83728,1,0,0:0:0:0:
320,192,83794,1,0,0:0:0:0:
448,192,83794,1,0,0:0:0:0:
64,192,83860,1,0,0:0:0:0:
192,192,83860,1,0,0:0:0:0:
320,192,83993,1,0,0:0:0:0:
192,192,84126,1,0,0:0:0:0:
448,192,84126,1,0,0:0:0:0:
64,192,84192,1,0,0:0:0:0:
320,192,84192,1,0,0:0:0:0:
192,192,84258,1,0,0:0:0:0:
448,192,84258,1,0,0:0:0:0:
64,192,84391,1,0,0:0:0:0:
192,192,84524,1,0,0:0:0:0:
320,192,84524,1,0,0:0:0:0:
64,192,84590,1,0,0:0:0:0:
448,192,84590,1,0,0:0:0:0:
192,192,84656,1,0,0:0:0:0:
320,192,84656,1,0,0:0:0:0:
64,192,84789,1,0,0:0:0:0:
448,192,84789,1,0,0:0:0:0:
64,192,84921,1,0,0:0:0:0:
192,192,84921,1,0,0:0:0:0:
448,192,84921,1,0,0:0:0:0:
320,192,85054,1,0,0:0:0:0:
64,192,85187,1,0,0:0:0:0:
192,192,85187,1,0,0:0:0:0:
448,192,85187,1,0,0:0:0:0:
64,192,85319,1,0,0:0:0:0:
320,192,85319,1,0,0:0:0:0:
448,192,85319,1,0,0:0:0:0:
192,192,85452,1,0,0:0:0:0:
320,192,85452,1,0,0:0:0:0:
192,192,85585,1,0,0:0:0:0:
320,192,85585,1,0,0:0:0:0:
192,192,85717,1,0,0:0:0:0:
320,192,85717,1,0,0:0:0:0:
64,192,85850,1,0,0:0:0:0:
192,192,85916,1,0,0:0:0:0:
64,192,85982,1,0,0:0:0:0:
320,192,85982,1,0,0:0:0:0:
448,192,85982,1,0,0:0:0:0:
320,192,86248,1,0,0:0:0:0:
64,192,86513,1,0,0:0:0:0:
448,192,86513,1,0,0:0:0:0:
320,192,86778,1,0,0:0:0:0:
448,192,86911,1,0,0:0:0:0:
320,192,86977,1,0,0:0:0:0:
64,192,87043,1,0,0:0:0:0:
448,192,87043,1,0,0:0:0:0:
64,192,87309,1,0,0:0:0:0:
192,192,87309,1,0,0:0:0:0:
448,192,87309,1,0,0:0:0:0:
64,192,87441,1,0,0:0:0:0:
192,192,87441,1,0,0:0:0:0:
448,192,87441,1,0,0:0:0:0:
192,192,87574,1,0,0:0:0:0:
448,192,87574,1,0,0:0:0:0:
64,192,87640,1,0,0:0:0:0:
320,192,87640,1,0,0:0:0:0:
192,192,87707,1,0,0:0:0:0:
448,192,87707,1,0,0:0:0:0:
64,192,87839,1,0,0:0:0:0:
320,192,87839,1,0,0:0:0:0:
192,192,87972,1,0,0:0:0:0:
448,192,87972,1,0,0:0:0:0:
64,192,88104,1,0,0:0:0:0:
320,192,88104,1,0,0:0:0:0:
448,192,88104,1,0,0:0:0:0:
192,192,88370,1,0,0:0:0:0:
192,192,88502,1,0,0:0:0:0:
320,192,88635,1,0,0:0:0:0:
448,192,88635,1,0,0:0:0:0:
64,192,88900,1,0,0:0:0:0:
192,192,89165,1,0,0:0:0:0:
192,192,89298,1,0,0:0:0:0:
320,192,89431,1,0,0:0:0:0:
448,192,89431,1,0,0:0:0:0:
320,192,89696,1,0,0:0:0:0:
448,192,89696,1,0,0:0:0:0:
64,192,90226,1,0,0:0:0:0:
192,192,90492,1,0,0:0:0:0:
192,192,90624,1,0,0:0:0:0:
320,192,90757,1,0,0:0:0:0:
448,192,90757,1,0,0:0:0:0:
64,192,91022,1,0,0:0:0:0:
192,192,91287,1,0,0:0:0:0:
192,192,91420,1,0,0:0:0:0:
320,192,91553,1,0,0:0:0:0:
448,192,91553,1,0,0:0:0:0:
320,192,91818,1,0,0:0:0:0:
448,192,91818,1,0,0:0:0:0:
64,192,92349,1,0,0:0:0:0:
192,192,92614,1,0,0:0:0:0:
192,192,92746,1,0,0:0:0:0:
320,192,92879,1,0,0:0:0:0:
448,192,92879,1,0,0:0:0:0:
64,192,93144,1,0,0:0:0:0:
192,192,93410,1,0,0:0:0:0:
192,192,93542,1,0,0:0:0:0:
320,192,93675,1,0,0:0:0:0:
448,192,93675,1,0,0:0:0:0:
320,192,93940,1,0,0:0:0:0:
448,192,93940,1,0,0:0:0:0:
64,192,94471,1,0,0:0:0:0:
192,192,94471,1,0,0:0:0:0:
320,192,94471,1,0,0:0:0:0:
192,192,95001,1,0,0:0:0:0:
320,192,95001,1,0,0:0:0:0:
448,192,95001,1,0,0:0:0:0:
64,192,95532,1,0,0:0:0:0:
192,192,95532,1,0,0:0:0:0:
320,192,95532,1,0,0:0:0:0:
192,192,95797,1,0,0:0:0:0:
320,192,95797,1,0,0:0:0:0:
192,192,95929,1,0,0:0:0:0:
320,192,95929,1,0,0:0:0:0:
64,192,96062,1,0,0:0:0:0:
448,192,96062,1,0,0:0:0:0:
192,192,96327,1,0,0:0:0:0:
448,192,96327,1,0,0:0:0:0:
192,192,96593,1,0,0:0:0:0:
448,192,96593,1,0,0:0:0:0:
320,192,96659,1,0,0:0:0:0:
64,192,96725,1,0,0:0:0:0:
192,192,96725,1,0,0:0:0:0:
320,192,96791,1,0,0:0:0:0:
64,192,96858,1,0,0:0:0:0:
448,192,96858,1,0,0:0:0:0:
192,192,96924,1,0,0:0:0:0:
320,192,96990,1,0,0:0:0:0:
448,192,96990,1,0,0:0:0:0:
64,192,97057,1,0,0:0:0:0:
192,192,97057,1,0,0:0:0:0:
320,192,97123,1,0,0:0:0:0:
448,192,97123,1,0,0:0:0:0:
192,192,97189,1,0,0:0:0:0:
64,192,97256,1,0,0:0:0:0:
320,192,97256,1,0,0:0:0:0:
448,192,97322,1,0,0:0:0:0:
64,192,97388,1,0,0:0:0:0:
192,192,97388,1,0,0:0:0:0:
320,192,97455,1,0,0:0:0:0:
192,192,97521,1,0,0:0:0:0:
448,192,97521,1,0,0:0:0:0:
64,192,97587,1,0,0:0:0:0:
448,192,97654,1,0,0:0:0:0:
320,192,97687,1,0,0:0:0:0:
192,192,97720,1,0,0:0:0:0:
64,192,97753,1,0,0:0:0:0:
448,192,97786,1,0,0:0:0:0:
192,192,97852,1,0,0:0:0:0:
320,192,97919,1,0,0:0:0:0:
448,192,97919,1,0,0:0:0:0:
64,192,97985,1,0,0:0:0:0:
192,192,97985,1,0,0:0:0:0:
320,192,98051,1,0,0:0:0:0:
448,192,98051,1,0,0:0:0:0:
64,192,98118,1,0,0:0:0:0:
192,192,98118,1,0,0:0:0:0:
320,192,98184,1,0,0:0:0:0:
448,192,98184,1,0,0:0:0:0:
64,192,98250,1,0,0:0:0:0:
192,192,98317,1,0,0:0:0:0:
320,192,98317,1,0,0:0:0:0:
448,192,98383,1,0,0:0:0:0:
64,192,98449,1,0,0:0:0:0:
192,192,98449,1,0,0:0:0:0:
448,192,98516,1,0,0:0:0:0:
192,192,98582,1,0,0:0:0:0:
320,192,98582,1,0,0:0:0:0:
64,192,98648,1,0,0:0:0:0:
320,192,98715,1,0,0:0:0:0:
448,192,98715,1,0,0:0:0:0:
64,192,98781,1,0,0:0:0:0:
192,192,98847,1,0,0:0:0:0:
448,192,98847,1,0,0:0:0:0:
64,192,98913,1,0,0:0:0:0:
320,192,98913,1,0,0:0:0:0:
192,192,98980,1,0,0:0:0:0:
448,192,98980,1,0,0:0:0:0:
320,192,99046,1,0,0:0:0:0:
448,192,99112,1,0,0:0:0:0:
64,192,99179,1,0,0:0:0:0:
192,192,99245,1,0,0:0:0:0:
320,192,99245,1,0,0:0:0:0:
448,192,99311,1,0,0:0:0:0:
64,192,99378,1,0,0:0:0:0:
192,192,99378,1,0,0:0:0:0:
320,192,99444,1,0,0:0:0:0:
448,192,99444,1,0,0:0:0:0:
64,192,99510,1,0,0:0:0:0:
192,192,99510,1,0,0:0:0:0:
320,192,99577,1,0,0:0:0:0:
192,192,99643,1,0,0:0:0:0:
448,192,99709,1,0,0:0:0:0:
64,192,99776,1,0,0:0:0:0:
192,192,99809,1,0,0:0:0:0:
320,192,99842,1,0,0:0:0:0:
448,192,99875,1,0,0:0:0:0:
64,192,99908,1,0,0:0:0:0:
192,192,99908,1,0,0:0:0:0:
320,192,99974,1,0,0:0:0:0:
448,192,99974,1,0,0:0:0:0:
64,192,100041,1,0,0:0:0:0:
192,192,100041,1,0,0:0:0:0:
320,192,100107,1,0,0:0:0:0:
192,192,100173,1,0,0:0:0:0:
448,192,100173,1,0,0:0:0:0:
64,192,100240,1,0,0:0:0:0:
192,192,100306,1,0,0:0:0:0:
320,192,100306,1,0,0:0:0:0:
448,192,100372,1,0,0:0:0:0:
64,192,100439,1,0,0:0:0:0:
192,192,100439,1,0,0:0:0:0:
320,192,100505,1,0,0:0:0:0:
64,192,100571,1,0,0:0:0:0:
448,192,100571,1,0,0:0:0:0:
192,192,100638,1,0,0:0:0:0:
64,192,100704,1,0,0:0:0:0:
448,192,100704,1,0,0:0:0:0:
192,192,100770,1,0,0:0:0:0:
320,192,100837,1,0,0:0:0:0:
448,192,100837,1,0,0:0:0:0:
64,192,100903,1,0,0:0:0:0:
192,192,100903,1,0,0:0:0:0:
320,192,100969,1,0,0:0:0:0:
448,192,100969,1,0,0:0:0:0:
64,192,101036,1,0,0:0:0:0:
192,192,101036,1,0,0:0:0:0:
320,192,101102,1,0,0:0:0:0:
448,192,101102,1,0,0:0:0:0:
192,192,101168,1,0,0:0:0:0:
64,192,101234,1,0,0:0:0:0:
448,192,101234,1,0,0:0:0:0:
320,192,101301,1,0,0:0:0:0:
192,192,101367,1,0,0:0:0:0:
448,192,101367,1,0,0:0:0:0:
64,192,101433,1,0,0:0:0:0:
192,192,101500,1,0,0:0:0:0:
320,192,101500,1,0,0:0:0:0:
448,192,101566,1,0,0:0:0:0:
64,192,101632,1,0,0:0:0:0:
320,192,101632,1,0,0:0:0:0:
192,192,101699,1,0,0:0:0:0:
320,192,101765,1,0,0:0:0:0:
448,192,101765,1,0,0:0:0:0:
64,192,101831,1,0,0:0:0:0:
192,192,101831,1,0,0:0:0:0:
448,192,101898,1,0,0:0:0:0:
320,192,101931,1,0,0:0:0:0:
192,192,101964,1,0,0:0:0:0:
64,192,101997,1,0,0:0:0:0:
448,192,102030,1,0,0:0:0:0:
192,192,102097,1,0,0:0:0:0:
320,192,102163,1,0,0:0:0:0:
448,192,102163,1,0,0:0:0:0:
64,192,102229,1,0,0:0:0:0:
320,192,102295,1,0,0:0:0:0:
192,192,102362,1,0,0:0:0:0:
64,192,102428,1,0,0:0:0:0:
448,192,102428,1,0,0:0:0:0:
320,192,102494,1,0,0:0:0:0:
192,192,102561,1,0,0:0:0:0:
448,192,102561,1,0,0:0:0:0:
64,192,102627,1,0,0:0:0:0:
320,192,102693,1,0,0:0:0:0:
448,192,102693,1,0,0:0:0:0:
192,192,102760,1,0,0:0:0:0:
64,192,102826,1,0,0:0:0:0:
192,192,102892,1,0,0:0:0:0:
320,192,102959,1,0,0:0:0:0:
448,192,102959,1,0,0:0:0:0:
64,192,103025,1,0,0:0:0:0:
192,192,103025,1,0,0:0:0:0:
320,192,103091,1,0,0:0:0:0:
448,192,103091,1,0,0:0:0:0:
64,192,103158,1,0,0:0:0:0:
192,192,103158,1,0,0:0:0:0:
320,192,103224,1,0,0:0:0:0:
448,192,103224,1,0,0:0:0:0:
64,192,103290,1,0,0:0:0:0:
192,192,103356,1,0,0:0:0:0:
448,192,103356,1,0,0:0:0:0:
320,192,103423,1,0,0:0:0:0:
64,192,103489,1,0,0:0:0:0:
448,192,103489,1,0,0:0:0:0:
192,192,103555,1,0,0:0:0:0:
320,192,103555,1,0,0:0:0:0:
64,192,103622,1,0,0:0:0:0:
448,192,103622,1,0,0:0:0:0:
192,192,103688,1,0,0:0:0:0:
320,192,103688,1,0,0:0:0:0:
64,192,103754,1,0,0:0:0:0:
448,192,103754,1,0,0:0:0:0:
192,192,103821,1,0,0:0:0:0:
320,192,103887,1,0,0:0:0:0:
448,192,103887,1,0,0:0:0:0:
64,192,103953,1,0,0:0:0:0:
192,192,103953,1,0,0:0:0:0:
448,192,104020,1,0,0:0:0:0:
320,192,104064,1,0,0:0:0:0:
192,192,104108,1,0,0:0:0:0:
64,192,104152,1,0,0:0:0:0:
320,192,104196,1,0,0:0:0:0:
448,192,104241,1,0,0:0:0:0:
192,192,104285,1,0,0:0:0:0:
64,192,104329,1,0,0:0:0:0:
320,192,104373,1,0,0:0:0:0:
448,192,104417,1,0,0:0:0:0:
64,192,104462,1,0,0:0:0:0:
192,192,104506,1,0,0:0:0:0:
320,192,104550,1,0,0:0:0:0:
448,192,104550,1,0,0:0:0:0:
64,192,104594,1,0,0:0:0:0:
192,192,104639,1,0,0:0:0:0:
320,192,104683,1,0,0:0:0:0:
448,192,104683,1,0,0:0:0:0:
64,192,104727,1,0,0:0:0:0:
192,192,104771,1,0,0:0:0:0:
320,192,104815,1,0,0:0:0:0:
448,192,104815,1,0,0:0:0:0:
64,192,104860,1,0,0:0:0:0:
192,192,104904,1,0,0:0:0:0:
320,192,104948,1,0,0:0:0:0:
448,192,104948,1,0,0:0:0:0:
64,192,104992,1,0,0:0:0:0:
192,192,105036,1,0,0:0:0:0:
320,192,105081,1,0,0:0:0:0:
448,192,105081,1,0,0:0:0:0:
64,192,105147,1,0,0:0:0:0:
192,192,105213,1,0,0:0:0:0:
448,192,105213,1,0,0:0:0:0:
320,192,105280,1,0,0:0:0:0:
64,192,105346,1,0,0:0:0:0:
448,192,105346,1,0,0:0:0:0:
192,192,105412,1,0,0:0:0:0:
320,192,105478,1,0,0:0:0:0:
448,192,105478,1,0,0:0:0:0:
64,192,105545,1,0,0:0:0:0:
192,192,105545,1,0,0:0:0:0:
320,192,105611,1,0,0:0:0:0:
448,192,105611,1,0,0:0:0:0:
64,192,105677,1,0,0:0:0:0:
192,192,105744,1,0,0:0:0:0:
448,192,105744,1,0,0:0:0:0:
320,192,105810,1,0,0:0:0:0:
64,192,105876,1,0,0:0:0:0:
192,192,105876,1,0,0:0:0:0:
320,192,105943,1,0,0:0:0:0:
64,192,106009,1,0,0:0:0:0:
448,192,106009,1,0,0:0:0:0:
192,192,106075,1,0,0:0:0:0:
448,192,106142,1,0,0:0:0:0:
320,192,106175,1,0,0:0:0:0:
192,192,106208,1,0,0:0:0:0:
64,192,106241,1,0,0:0:0:0:
448,192,106274,1,0,0:0:0:0:
192,192,106341,1,0,0:0:0:0:
320,192,106407,1,0,0:0:0:0:
448,192,106407,1,0,0:0:0:0:
64,192,106473,1,0,0:0:0:0:
192,192,106473,1,0,0:0:0:0:
320,192,106539,1,0,0:0:0:0:
448,192,106539,1,0,0:0:0:0:
64,192,106606,1,0,0:0:0:0:
192,192,106606,1,0,0:0:0:0:
320,192,106672,1,0,0:0:0:0:
448,192,106672,1,0,0:0:0:0:
64,192,106738,1,0,0:0:0:0:
192,192,106805,1,0,0:0:0:0:
320,192,106805,1,0,0:0:0:0:
448,192,106871,1,0,0:0:0:0:
64,192,106937,1,0,0:0:0:0:
320,192,106937,1,0,0:0:0:0:
192,192,107004,1,0,0:0:0:0:
320,192,107070,1,0,0:0:0:0:
448,192,107070,1,0,0:0:0:0:
192,192,107136,1,0,0:0:0:0:
64,192,107203,1,0,0:0:0:0:
448,192,107203,1,0,0:0:0:0:
320,192,107269,1,0,0:0:0:0:
64,192,107335,1,0,0:0:0:0:
192,192,107335,1,0,0:0:0:0:
320,192,107402,1,0,0:0:0:0:
448,192,107402,1,0,0:0:0:0:
64,192,107468,1,0,0:0:0:0:
192,192,107468,1,0,0:0:0:0:
320,192,107534,1,0,0:0:0:0:
448,192,107600,1,0,0:0:0:0:
64,192,107667,1,0,0:0:0:0:
192,192,107733,1,0,0:0:0:0:
320,192,107733,1,0,0:0:0:0:
448,192,107799,1,0,0:0:0:0:
64,192,107866,1,0,0:0:0:0:
320,192,107866,1,0,0:0:0:0:
192,192,107932,1,0,0:0:0:0:
448,192,107932,1,0,0:0:0:0:
64,192,107998,1,0,0:0:0:0:
320,192,107998,1,0,0:0:0:0:
192,192,108065,1,0,0:0:0:0:
448,192,108131,1,0,0:0:0:0:
320,192,108197,1,0,0:0:0:0:
64,192,108264,1,0,0:0:0:0:
192,192,108297,1,0,0:0:0:0:
320,192,108330,1,0,0:0:0:0:
448,192,108363,1,0,0:0:0:0:
64,192,108396,1,0,0:0:0:0:
192,192,108396,1,0,0:0:0:0:
320,192,108463,1,0,0:0:0:0:
448,192,108463,1,0,0:0:0:0:
64,192,108529,1,0,0:0:0:0:
192,192,108529,1,0,0:0:0:0:
320,192,108595,1,0,0:0:0:0:
64,192,108661,1,0,0:0:0:0:
448,192,108661,1,0,0:0:0:0:
192,192,108728,1,0,0:0:0:0:
320,192,108794,1,0,0:0:0:0:
448,192,108794,1,0,0:0:0:0:
64,192,108860,1,0,0:0:0:0:
192,192,108927,1,0,0:0:0:0:
448,192,108927,1,0,0:0:0:0:
320,192,108993,1,0,0:0:0:0:
64,192,109059,1,0,0:0:0:0:
448,192,109059,1,0,0:0:0:0:
192,192,109126,1,0,0:0:0:0:
64,192,109192,1,0,0:0:0:0:
448,192,109192,1,0,0:0:0:0:
192,192,109258,1,0,0:0:0:0:
320,192,109325,1,0,0:0:0:0:
448,192,109325,1,0,0:0:0:0:
64,192,109391,1,0,0:0:0:0:
192,192,109391,1,0,0:0:0:0:
320,192,109457,1,0,0:0:0:0:
448,192,109457,1,0,0:0:0:0:
64,192,109524,1,0,0:0:0:0:
192,192,109524,1,0,0:0:0:0:
320,192,109590,1,0,0:0:0:0:
448,192,109590,1,0,0:0:0:0:
64,192,109656,1,0,0:0:0:0:
192,192,109723,1,0,0:0:0:0:
320,192,109723,1,0,0:0:0:0:
448,192,109789,1,0,0:0:0:0:
64,192,109855,1,0,0:0:0:0:
320,192,109855,1,0,0:0:0:0:
192,192,109921,1,0,0:0:0:0:
64,192,109988,1,0,0:0:0:0:
448,192,109988,1,0,0:0:0:0:
320,192,110054,1,0,0:0:0:0:
64,192,110120,1,0,0:0:0:0:
192,192,110120,1,0,0:0:0:0:
320,192,110187,1,0,0:0:0:0:
64,192,110253,1,0,0:0:0:0:
192,192,110253,1,0,0:0:0:0:
320,192,110319,1,0,0:0:0:0:
448,192,110319,1,0,0:0:0:0:
64,192,110386,1,0,0:0:0:0:
192,192,110419,1,0,0:0:0:0:
320,192,110452,1,0,0:0:0:0:
448,192,110485,1,0,0:0:0:0:
64,192,110518,1,0,0:0:0:0:
320,192,110585,1,0,0:0:0:0:
64,192,110651,1,0,0:0:0:0:
448,192,110651,1,0,0:0:0:0:
192,192,110717,1,0,0:0:0:0:
448,192,110784,1,0,0:0:0:0:
320,192,110850,1,0,0:0:0:0:
64,192,110916,1,0,0:0:0:0:
192,192,110916,1,0,0:0:0:0:
320,192,110982,1,0,0:0:0:0:
192,192,111049,1,0,0:0:0:0:
448,192,111049,1,0,0:0:0:0:
320,192,111115,1,0,0:0:0:0:
64,192,111181,1,0,0:0:0:0:
192,192,111181,1,0,0:0:0:0:
448,192,111248,1,0,0:0:0:0:
320,192,111314,1,0,0:0:0:0:
192,192,111380,1,0,0:0:0:0:
64,192,111447,1,0,0:0:0:0:
320,192,111447,1,0,0:0:0:0:
192,192,111513,1,0,0:0:0:0:
448,192,111513,1,0,0:0:0:0:
64,192,111579,1,0,0:0:0:0:
320,192,111579,1,0,0:0:0:0:
192,192,111646,1,0,0:0:0:0:
448,192,111646,1,0,0:0:0:0:
64,192,111712,1,0,0:0:0:0:
320,192,111712,1,0,0:0:0:0:
448,192,111778,1,0,0:0:0:0:
64,192,111845,1,0,0:0:0:0:
192,192,111845,1,0,0:0:0:0:
320,192,111911,1,0,0:0:0:0:
64,192,111977,1,0,0:0:0:0:
192,192,112021,1,0,0:0:0:0:
320,192,112066,1,0,0:0:0:0:
448,192,112110,1,0,0:0:0:0:
192,192,112154,1,0,0:0:0:0:
64,192,112198,1,0,0:0:0:0:
320,192,112242,1,0,0:0:0:0:
448,192,112242,1,0,0:0:0:0:
192,192,112287,1,0,0:0:0:0:
64,192,112331,1,0,0:0:0:0:
320,192,112375,1,0,0:0:0:0:
448,192,112375,1,0,0:0:0:0:
192,192,112419,1,0,0:0:0:0:
64,192,112463,1,0,0:0:0:0:
320,192,112508,1,0,0:0:0:0:
448,192,112508,1,0,0:0:0:0:
192,192,112552,1,0,0:0:0:0:
64,192,112596,1,0,0:0:0:0:
320,192,112640,1,0,0:0:0:0:
448,192,112684,1,0,0:0:0:0:
192,192,112729,1,0,0:0:0:0:
64,192,112773,1,0,0:0:0:0:
448,192,112817,1,0,0:0:0:0:
320,192,112861,1,0,0:0:0:0:
192,192,112906,1,0,0:0:0:0:
448,192,112950,1,0,0:0:0:0:
320,192,112994,1,0,0:0:0:0:
64,192,113038,1,0,0:0:0:0:
192,192,113038,1,0,0:0:0:0:
448,192,113082,1,0,0:0:0:0:
320,192,113127,1,0,0:0:0:0:
64,192,113171,1,0,0:0:0:0:
192,192,113171,1,0,0:0:0:0:
448,192,113215,1,0,0:0:0:0:
320,192,113259,1,0,0:0:0:0:
64,192,113303,1,0,0:0:0:0:
192,192,113303,1,0,0:0:0:0:
448,192,113348,1,0,0:0:0:0:
320,192,113392,1,0,0:0:0:0:
64,192,113436,1,0,0:0:0:0:
192,192,113436,1,0,0:0:0:0:
448,192,113480,1,0,0:0:0:0:
320,192,113524,1,0,0:0:0:0:
64,192,113569,1,0,0:0:0:0:
192,192,113569,1,0,0:0:0:0:
448,192,113635,1,0,0:0:0:0:
64,192,113701,1,0,0:0:0:0:
320,192,113701,1,0,0:0:0:0:
192,192,113768,1,0,0:0:0:0:
64,192,113834,1,0,0:0:0:0:
448,192,113834,1,0,0:0:0:0:
320,192,113900,1,0,0:0:0:0:
64,192,113967,1,0,0:0:0:0:
192,192,113967,1,0,0:0:0:0:
320,192,114033,1,0,0:0:0:0:
448,192,114033,1,0,0:0:0:0:
64,192,114099,1,0,0:0:0:0:
192,192,114099,1,0,0:0:0:0:
448,192,114165,1,0,0:0:0:0:
192,192,114232,1,0,0:0:0:0:
320,192,114232,1,0,0:0:0:0:
64,192,114298,1,0,0:0:0:0:
320,192,114364,1,0,0:0:0:0:
448,192,114364,1,0,0:0:0:0:
192,192,114431,1,0,0:0:0:0:
64,192,114497,1,0,0:0:0:0:
320,192,114497,1,0,0:0:0:0:
448,192,114563,1,0,0:0:0:0:
64,192,114630,1,0,0:0:0:0:
192,192,114663,1,0,0:0:0:0:
320,192,114696,1,0,0:0:0:0:
448,192,114729,1,0,0:0:0:0:
64,192,114762,1,0,0:0:0:0:
320,192,114829,1,0,0:0:0:0:
64,192,114895,1,0,0:0:0:0:
448,192,114895,1,0,0:0:0:0:
192,192,114961,1,0,0:0:0:0:
320,192,114961,1,0,0:0:0:0:
64,192,115028,1,0,0:0:0:0:
448,192,115028,1,0,0:0:0:0:
192,192,115094,1,0,0:0:0:0:
320,192,115094,1,0,0:0:0:0:
64,192,115160,1,0,0:0:0:0:
448,192,115160,1,0,0:0:0:0:
192,192,115226,1,0,0:0:0:0:
320,192,115293,1,0,0:0:0:0:
448,192,115293,1,0,0:0:0:0:
64,192,115359,1,0,0:0:0:0:
192,192,115425,1,0,0:0:0:0:
448,192,115425,1,0,0:0:0:0:
320,192,115492,1,0,0:0:0:0:
64,192,115558,1,0,0:0:0:0:
192,192,115558,1,0,0:0:0:0:
448,192,115624,1,0,0:0:0:0:
64,192,115691,1,0,0:0:0:0:
320,192,115691,1,0,0:0:0:0:
192,192,115757,1,0,0:0:0:0:
320,192,115823,1,0,0:0:0:0:
448,192,115823,1,0,0:0:0:0:
64,192,115890,1,0,0:0:0:0:
192,192,115890,1,0,0:0:0:0:
320,192,115956,1,0,0:0:0:0:
448,192,115956,1,0,0:0:0:0:
64,192,116022,1,0,0:0:0:0:
192,192,116089,1,0,0:0:0:0:
320,192,116155,1,0,0:0:0:0:
64,192,116221,1,0,0:0:0:0:
448,192,116221,1,0,0:0:0:0:
192,192,116287,1,0,0:0:0:0:
64,192,116354,1,0,0:0:0:0:
320,192,116354,1,0,0:0:0:0:
192,192,116420,1,0,0:0:0:0:
448,192,116420,1,0,0:0:0:0:
64,192,116486,1,0,0:0:0:0:
320,192,116486,1,0,0:0:0:0:
448,192,116553,1,0,0:0:0:0:
192,192,116619,1,0,0:0:0:0:
64,192,116685,1,0,0:0:0:0:
448,192,116752,1,0,0:0:0:0:
320,192,116785,1,0,0:0:0:0:
192,192,116818,1,0,0:0:0:0:
64,192,116851,1,0,0:0:0:0:
320,192,116884,1,0,0:0:0:0:
448,192,116884,1,0,0:0:0:0:
64,192,116951,1,0,0:0:0:0:
192,192,116951,1,0,0:0:0:0:
320,192,117017,1,0,0:0:0:0:
448,192,117017,1,0,0:0:0:0:
64,192,117083,1,0,0:0:0:0:
192,192,117150,1,0,0:0:0:0:
320,192,117150,1,0,0:0:0:0:
448,192,117216,1,0,0:0:0:0:
64,192,117282,1,0,0:0:0:0:
320,192,117282,1,0,0:0:0:0:
192,192,117349,1,0,0:0:0:0:
320,192,117415,1,0,0:0:0:0:
448,192,117415,1,0,0:0:0:0:
64,192,117481,1,0,0:0:0:0:
192,192,117547,1,0,0:0:0:0:
448,192,117547,1,0,0:0:0:0:
320,192,117614,1,0,0:0:0:0:
192,192,117680,1,0,0:0:0:0:
448,192,117680,1,0,0:0:0:0:
320,192,117746,1,0,0:0:0:0:
64,192,117813,1,0,0:0:0:0:
192,192,117813,1,0,0:0:0:0:
320,192,117879,1,0,0:0:0:0:
448,192,117879,1,0,0:0:0:0:
64,192,117945,1,0,0:0:0:0:
192,192,117945,1,0,0:0:0:0:
320,192,118012,1,0,0:0:0:0:
448,192,118012,1,0,0:0:0:0:
64,192,118078,1,0,0:0:0:0:
192,192,118078,1,0,0:0:0:0:
448,192,118144,1,0,0:0:0:0:
64,192,118211,1,0,0:0:0:0:
320,192,118211,1,0,0:0:0:0:
192,192,118277,1,0,0:0:0:0:
64,192,118343,1,0,0:0:0:0:
448,192,118343,1,0,0:0:0:0:
320,192,118410,1,0,0:0:0:0:
192,192,118476,1,0,0:0:0:0:
448,192,118476,1,0,0:0:0:0:
64,192,118542,1,0,0:0:0:0:
192,192,118608,1,0,0:0:0:0:
320,192,118608,1,0,0:0:0:0:
448,192,118675,1,0,0:0:0:0:
64,192,118741,1,0,0:0:0:0:
192,192,118741,1,0,0:0:0:0:
320,192,118807,1,0,0:0:0:0:
448,192,118807,1,0,0:0:0:0:
64,192,118874,1,0,0:0:0:0:
192,192,118907,1,0,0:0:0:0:
320,192,118940,1,0,0:0:0:0:
448,192,118973,1,0,0:0:0:0:
64,192,119006,1,0,0:0:0:0:
320,192,119073,1,0,0:0:0:0:
64,192,119139,1,0,0:0:0:0:
448,192,119139,1,0,0:0:0:0:
192,192,119205,1,0,0:0:0:0:
448,192,119272,1,0,0:0:0:0:
320,192,119338,1,0,0:0:0:0:
64,192,119404,1,0,0:0:0:0:
192,192,119404,1,0,0:0:0:0:
448,192,119471,1,0,0:0:0:0:
192,192,119537,1,0,0:0:0:0:
320,192,119537,1,0,0:0:0:0:
64,192,119603,1,0,0:0:0:0:
192,192,119669,1,0,0:0:0:0:
448,192,119669,1,0,0:0:0:0:
320,192,119736,1,0,0:0:0:0:
64,192,119802,1,0,0:0:0:0:
448,192,119868,1,0,0:0:0:0:
64,192,119935,1,0,0:0:0:0:
192,192,119935,1,0,0:0:0:0:
320,192,120001,1,0,0:0:0:0:
448,192,120001,1,0,0:0:0:0:
64,192,120067,1,0,0:0:0:0:
192,192,120067,1,0,0:0:0:0:
320,192,120134,1,0,0:0:0:0:
448,192,120134,1,0,0:0:0:0:
64,192,120200,1,0,0:0:0:0:
192,192,120200,1,0,0:0:0:0:
448,192,120266,1,0,0:0:0:0:
192,192,120333,1,0,0:0:0:0:
320,192,120333,1,0,0:0:0:0:
64,192,120399,1,0,0:0:0:0:
192,192,120465,1,0,0:0:0:0:
448,192,120465,1,0,0:0:0:0:
64,192,120532,1,0,0:0:0:0:
320,192,120532,1,0,0:0:0:0:
192,192,120598,1,0,0:0:0:0:
448,192,120598,1,0,0:0:0:0:
64,192,120664,1,0,0:0:0:0:
320,192,120664,1,0,0:0:0:0:
192,192,120730,1,0,0:0:0:0:
448,192,120730,1,0,0:0:0:0:
64,192,120797,1,0,0:0:0:0:
320,192,120863,1,0,0:0:0:0:
448,192,120863,1,0,0:0:0:0:
64,192,120929,1,0,0:0:0:0:
192,192,120929,1,0,0:0:0:0:
448,192,120996,1,0,0:0:0:0:
320,192,121040,1,0,0:0:0:0:
192,192,121084,1,0,0:0:0:0:
64,192,121128,1,0,0:0:0:0:
320,192,121173,1,0,0:0:0:0:
448,192,121217,1,0,0:0:0:0:
192,192,121261,1,0,0:0:0:0:
64,192,121305,1,0,0:0:0:0:
320,192,121349,1,0,0:0:0:0:
448,192,121394,1,0,0:0:0:0:
64,192,121438,1,0,0:0:0:0:
192,192,121482,1,0,0:0:0:0:
320,192,121526,1,0,0:0:0:0:
448,192,121526,1,0,0:0:0:0:
64,192,121570,1,0,0:0:0:0:
192,192,121615,1,0,0:0:0:0:
320,192,121659,1,0,0:0:0:0:
448,192,121659,1,0,0:0:0:0:
64,192,121703,1,0,0:0:0:0:
192,192,121747,1,0,0:0:0:0:
320,192,121791,1,0,0:0:0:0:
448,192,121791,1,0,0:0:0:0:
64,192,121836,1,0,0:0:0:0:
192,192,121880,1,0,0:0:0:0:
320,192,121924,1,0,0:0:0:0:
448,192,121924,1,0,0:0:0:0:
64,192,121968,1,0,0:0:0:0:
192,192,122013,1,0,0:0:0:0:
320,192,122057,1,0,0:0:0:0:
448,192,122057,1,0,0:0:0:0:
64,192,122123,1,0,0:0:0:0:
192,192,122189,1,0,0:0:0:0:
448,192,122189,1,0,0:0:0:0:
320,192,122256,1,0,0:0:0:0:
64,192,122322,1,0,0:0:0:0:
448,192,122322,1,0,0:0:0:0:
192,192,122388,1,0,0:0:0:0:
320,192,122455,1,0,0:0:0:0:
448,192,122455,1,0,0:0:0:0:
64,192,122521,1,0,0:0:0:0:
192,192,122521,1,0,0:0:0:0:
320,192,122587,1,0,0:0:0:0:
448,192,122587,1,0,0:0:0:0:
192,192,122654,1,0,0:0:0:0:
64,192,122720,1,0,0:0:0:0:
448,192,122720,1,0,0:0:0:0:
320,192,122786,1,0,0:0:0:0:
64,192,122852,1,0,0:0:0:0:
192,192,122852,1,0,0:0:0:0:
448,192,122919,1,0,0:0:0:0:
192,192,122985,1,0,0:0:0:0:
320,192,122985,1,0,0:0:0:0:
64,192,123051,1,0,0:0:0:0:
448,192,123118,1,0,0:0:0:0:
320,192,123151,1,0,0:0:0:0:
192,192,123184,1,0,0:0:0:0:
64,192,123217,1,0,0:0:0:0:
448,192,123250,1,0,0:0:0:0:
192,192,123317,1,0,0:0:0:0:
64,192,123383,1,0,0:0:0:0:
448,192,123383,1,0,0:0:0:0:
192,192,123449,1,0,0:0:0:0:
320,192,123449,1,0,0:0:0:0:
64,192,123516,1,0,0:0:0:0:
448,192,123516,1,0,0:0:0:0:
192,192,123582,1,0,0:0:0:0:
320,192,123582,1,0,0:0:0:0:
64,192,123648,1,0,0:0:0:0:
448,192,123648,1,0,0:0:0:0:
320,192,123715,1,0,0:0:0:0:
64,192,123781,1,0,0:0:0:0:
192,192,123781,1,0,0:0:0:0:
320,192,123847,1,0,0:0:0:0:
64,192,123913,1,0,0:0:0:0:
448,192,123913,1,0,0:0:0:0:
192,192,123980,1,0,0:0:0:0:
64,192,124046,1,0,0:0:0:0:
320,192,124046,1,0,0:0:0:0:
448,192,124112,1,0,0:0:0:0:
192,192,124179,1,0,0:0:0:0:
320,192,124179,1,0,0:0:0:0:
64,192,124245,1,0,0:0:0:0:
192,192,124311,1,0,0:0:0:0:
448,192,124311,1,0,0:0:0:0:
64,192,124378,1,0,0:0:0:0:
320,192,124378,1,0,0:0:0:0:
192,192,124444,1,0,0:0:0:0:
448,192,124444,1,0,0:0:0:0:
64,192,124510,1,0,0:0:0:0:
192,192,124577,1,0,0:0:0:0:
320,192,124643,1,0,0:0:0:0:
64,192,124709,1,0,0:0:0:0:
448,192,124709,1,0,0:0:0:0:
192,192,124776,1,0,0:0:0:0:
320,192,124842,1,0,0:0:0:0:
448,192,124842,1,0,0:0:0:0:
64,192,124908,1,0,0:0:0:0:
192,192,124908,1,0,0:0:0:0:
320,192,124974,1,0,0:0:0:0:
448,192,124974,1,0,0:0:0:0:
64,192,125041,1,0,0:0:0:0:
448,192,125107,1,0,0:0:0:0:
320,192,125173,1,0,0:0:0:0:
64,192,125240,1,0,0:0:0:0:
192,192,125273,1,0,0:0:0:0:
320,192,125306,1,0,0:0:0:0:
448,192,125339,1,0,0:0:0:0:
64,192,125372,1,0,0:0:0:0:
192,192,125372,1,0,0:0:0:0:
320,192,125439,1,0,0:0:0:0:
448,192,125439,1,0,0:0:0:0:
64,192,125505,1,0,0:0:0:0:
192,192,125505,1,0,0:0:0:0:
448,192,125571,1,0,0:0:0:0:
192,192,125638,1,0,0:0:0:0:
320,192,125638,1,0,0:0:0:0:
64,192,125704,1,0,0:0:0:0:
192,192,125770,1,0,0:0:0:0:
448,192,125770,1,0,0:0:0:0:
320,192,125837,1,0,0:0:0:0:
64,192,125903,1,0,0:0:0:0:
448,192,125903,1,0,0:0:0:0:
192,192,125969,1,0,0:0:0:0:
64,192,126036,1,0,0:0:0:0:
320,192,126036,1,0,0:0:0:0:
448,192,126102,1,0,0:0:0:0:
64,192,126168,1,0,0:0:0:0:
320,192,126168,1,0,0:0:0:0:
448,192,126234,1,0,0:0:0:0:
64,192,126301,1,0,0:0:0:0:
192,192,126301,1,0,0:0:0:0:
320,192,126367,1,0,0:0:0:0:
448,192,126367,1,0,0:0:0:0:
64,192,126433,1,0,0:0:0:0:
192,192,126433,1,0,0:0:0:0:
320,192,126500,1,0,0:0:0:0:
448,192,126500,1,0,0:0:0:0:
64,192,126566,1,0,0:0:0:0:
192,192,126566,1,0,0:0:0:0:
320,192,126632,1,0,0:0:0:0:
64,192,126699,1,0,0:0:0:0:
448,192,126699,1,0,0:0:0:0:
192,192,126765,1,0,0:0:0:0:
64,192,126831,1,0,0:0:0:0:
320,192,126831,1,0,0:0:0:0:
448,192,126898,1,0,0:0:0:0:
192,192,126964,1,0,0:0:0:0:
320,192,126964,1,0,0:0:0:0:
64,192,127030,1,0,0:0:0:0:
192,192,127097,1,0,0:0:0:0:
448,192,127097,1,0,0:0:0:0:
320,192,127163,1,0,0:0:0:0:
64,192,127229,1,0,0:0:0:0:
192,192,127229,1,0,0:0:0:0:
320,192,127295,1,0,0:0:0:0:
448,192,127295,1,0,0:0:0:0:
64,192,127362,1,0,0:0:0:0:
192,192,127395,1,0,0:0:0:0:
320,192,127428,1,0,0:0:0:0:
448,192,127461,1,0,0:0:0:0:
64,192,127494,1,0,0:0:0:0:
320,192,127561,1,0,0:0:0:0:
64,192,127627,1,0,0:0:0:0:
448,192,127627,1,0,0:0:0:0:
192,192,127693,1,0,0:0:0:0:
320,192,127760,1,0,0:0:0:0:
192,192,127826,1,0,0:0:0:0:
320,192,127892,1,0,0:0:0:0:
448,192,127892,1,0,0:0:0:0:
64,192,127959,1,0,0:0:0:0:
192,192,128025,1,0,0:0:0:0:
320,192,128025,1,0,0:0:0:0:
448,192,128091,1,0,0:0:0:0:
64,192,128158,1,0,0:0:0:0:
192,192,128158,1,0,0:0:0:0:
448,192,128224,1,0,0:0:0:0:
320,192,128290,1,0,0:0:0:0:
192,192,128356,1,0,0:0:0:0:
64,192,128423,1,0,0:0:0:0:
448,192,128423,1,0,0:0:0:0:
192,192,128489,1,0,0:0:0:0:
320,192,128489,1,0,0:0:0:0:
64,192,128555,1,0,0:0:0:0:
448,192,128555,1,0,0:0:0:0:
192,192,128622,1,0,0:0:0:0:
320,192,128622,1,0,0:0:0:0:
64,192,128688,1,0,0:0:0:0:
448,192,128688,1,0,0:0:0:0:
320,192,128754,1,0,0:0:0:0:
64,192,128821,1,0,0:0:0:0:
192,192,128821,1,0,0:0:0:0:
448,192,128887,1,0,0:0:0:0:
64,192,128953,1,0,0:0:0:0:
192,192,128997,1,0,0:0:0:0:
448,192,129042,1,0,0:0:0:0:
320,192,129086,1,0,0:0:0:0:
192,192,129130,1,0,0:0:0:0:
64,192,129174,1,0,0:0:0:0:
320,192,129219,1,0,0:0:0:0:
448,192,129219,1,0,0:0:0:0:
192,192,129263,1,0,0:0:0:0:
64,192,129307,1,0,0:0:0:0:
320,192,129351,1,0,0:0:0:0:
448,192,129351,1,0,0:0:0:0:
192,192,129395,1,0,0:0:0:0:
64,192,129440,1,0,0:0:0:0:
320,192,129484,1,0,0:0:0:0:
448,192,129484,1,0,0:0:0:0:
192,192,129528,1,0,0:0:0:0:
64,192,129572,1,0,0:0:0:0:
448,192,129616,1,0,0:0:0:0:
320,192,129661,1,0,0:0:0:0:
64,192,129705,1,0,0:0:0:0:
192,192,129749,1,0,0:0:0:0:
320,192,129793,1,0,0:0:0:0:
448,192,129837,1,0,0:0:0:0:
192,192,129882,1,0,0:0:0:0:
320,192,129926,1,0,0:0:0:0:
448,192,129970,1,0,0:0:0:0:
64,192,130014,1,0,0:0:0:0:
192,192,130014,1,0,0:0:0:0:
320,192,130058,1,0,0:0:0:0:
448,192,130103,1,0,0:0:0:0:
64,192,130147,1,0,0:0:0:0:
192,192,130147,1,0,0:0:0:0:
320,192,130191,1,0,0:0:0:0:
448,192,130235,1,0,0:0:0:0:
64,192,130280,1,0,0:0:0:0:
192,192,130280,1,0,0:0:0:0:
320,192,130324,1,0,0:0:0:0:
448,192,130368,1,0,0:0:0:0:
64,192,130412,1,0,0:0:0:0:
192,192,130412,1,0,0:0:0:0:
320,192,130456,1,0,0:0:0:0:
448,192,130501,1,0,0:0:0:0:
64,192,130545,1,0,0:0:0:0:
192,192,130545,1,0,0:0:0:0:
