osu file format v14

[General]
AudioFilename: T7.mp3
AudioLeadIn: 0
PreviewTime: 40184
Countdown: 0
SampleSet: None
StackLeniency: 0.7
Mode: 3
LetterboxInBreaks: 0
SpecialStyle: 0
WidescreenStoryboard: 1

[Editor]
DistanceSpacing: 1.1
BeatDivisor: 16
GridSize: 4
TimelineZoom: 1.6

[Metadata]
Title:Dan ~ REFORM ~ TechMap Pack
TitleUnicode:Dan ~ REFORM ~ TechMap Pack
Artist:Various Artists
ArtistUnicode:Various Artists
Creator:DDMythical
Version:WAVE ~ 7th ~ (Marathon)
Source:Skwid // Dump Parade
Tags:
BeatmapID:1318179
BeatmapSetID:593983

[Difficulty]
HPDrainRate:8.5
CircleSize:4
OverallDifficulty:8.5
ApproachRate:5
SliderMultiplier:1.4
SliderTickRate:1

[Events]
//Background and Video events
0,0,"Tech-7.png",0,0
//Break Periods
//Storyboard Layer 0 (Background)
//Storyboard Layer 1 (Fail)
//Storyboard Layer 2 (Pass)
//Storyboard Layer 3 (Foreground)
//Storyboard Sound Samples

[TimingPoints]
-315,461.538,4,1,0,15,1,0


[HitObjects]
192,192,31,5,0,0:0:0:0:
320,192,146,1,0,0:0:0:0:
320,192,261,1,0,0:0:0:0:
192,192,377,1,0,0:0:0:0:
448,192,492,1,0,0:0:0:0:
64,0,608,128,0,723:1:0:0:0:
64,192,838,1,0,0:0:0:0:
448,192,896,1,0,0:0:0:0:
192,192,954,1,0,0:0:0:0:
320,192,1069,1,0,0:0:0:0:
320,192,1184,1,0,0:0:0:0:
192,192,1300,1,0,0:0:0:0:
64,192,1415,1,0,0:0:0:0:
448,0,1531,128,0,1646:1:0:0:0:
448,192,1761,1,0,0:0:0:0:
64,192,1819,1,0,0:0:0:0:
192,192,1877,1,0,0:0:0:0:
320,192,1992,1,0,0:0:0:0:
320,192,2108,1,0,0:0:0:0:
192,192,2223,1,0,0:0:0:0:
448,192,2338,1,0,0:0:0:0:
64,0,2454,128,0,2627:1:0:0:0:
64,192,2800,1,0,0:0:0:0:
448,192,2915,1,0,0:0:0:0:
192,192,3031,1,0,0:0:0:0:
64,192,3146,1,0,0:0:0:0:
320,192,3261,1,0,0:0:0:0:
64,0,3377,128,0,3492:1:0:0:0:
448,192,3492,1,0,0:0:0:0:
192,192,3550,1,0,0:0:0:0:
320,192,3608,1,0,0:0:0:0:
64,192,3665,1,0,0:0:0:0:
192,192,3723,1,0,0:0:0:0:
320,192,3838,1,0,0:0:0:0:
320,192,3954,1,0,0:0:0:0:
192,192,4069,1,0,0:0:0:0:
448,192,4184,1,0,0:0:0:0:
64,0,4300,128,0,4415:1:0:0:0:
64,192,4531,1,0,0:0:0:0:
448,192,4588,1,0,0:0:0:0:
192,192,4646,1,0,0:0:0:0:
320,192,4761,1,0,0:0:0:0:
320,192,4877,1,0,0:0:0:0:
192,192,4992,1,0,0:0:0:0:
64,192,5108,1,0,0:0:0:0:
448,0,5223,128,0,5338:1:0:0:0:
448,192,5454,1,0,0:0:0:0:
192,192,5511,1,0,0:0:0:0:
64,192,5569,1,0,0:0:0:0:
320,192,5684,1,0,0:0:0:0:
320,192,5800,1,0,0:0:0:0:
192,192,5915,1,0,0:0:0:0:
448,192,6031,1,0,0:0:0:0:
64,0,6146,128,0,6319:1:0:0:0:
192,192,6492,1,0,0:0:0:0:
320,192,6608,1,0,0:0:0:0:
320,192,6723,1,0,0:0:0:0:
192,192,6838,1,0,0:0:0:0:
64,192,6954,1,0,0:0:0:0:
192,192,6954,1,0,0:0:0:0:
320,192,6954,1,0,0:0:0:0:
448,192,6954,1,0,0:0:0:0:
64,192,7415,1,0,0:0:0:0:
192,192,7415,1,0,0:0:0:0:
448,192,7415,1,0,0:0:0:0:
320,192,7531,1,0,0:0:0:0:
448,192,7531,1,0,0:0:0:0:
64,192,7646,1,0,0:0:0:0:
192,192,7646,1,0,0:0:0:0:
320,192,7761,1,0,0:0:0:0:
64,192,7877,1,0,0:0:0:0:
192,192,7877,1,0,0:0:0:0:
448,192,7877,1,0,0:0:0:0:
192,192,7992,1,0,0:0:0:0:
320,192,7992,1,0,0:0:0:0:
64,192,8108,1,0,0:0:0:0:
448,192,8108,1,0,0:0:0:0:
192,192,8223,1,0,0:0:0:0:
448,192,8281,1,0,0:0:0:0:
64,192,8338,1,0,0:0:0:0:
320,192,8338,1,0,0:0:0:0:
64,192,8454,1,0,0:0:0:0:
448,192,8454,1,0,0:0:0:0:
192,192,8569,1,0,0:0:0:0:
320,192,8569,1,0,0:0:0:0:
448,192,8684,1,0,0:0:0:0:
64,192,8800,1,0,0:0:0:0:
192,192,8800,1,0,0:0:0:0:
320,192,8800,1,0,0:0:0:0:
448,192,8915,1,0,0:0:0:0:
64,192,8973,1,0,0:0:0:0:
192,192,9031,1,0,0:0:0:0:
320,192,9088,1,0,0:0:0:0:
448,192,9146,1,0,0:0:0:0:
192,192,9204,1,0,0:0:0:0:
64,192,9261,1,0,0:0:0:0:
320,192,9261,1,0,0:0:0:0:
448,192,9261,1,0,0:0:0:0:
64,192,9377,1,0,0:0:0:0:
192,192,9377,1,0,0:0:0:0:
320,192,9492,1,0,0:0:0:0:
448,192,9492,1,0,0:0:0:0:
192,192,9608,1,0,0:0:0:0:
64,192,9723,1,0,0:0:0:0:
320,192,9723,1,0,0:0:0:0:
448,192,9723,1,0,0:0:0:0:
192,192,9800,1,0,0:0:0:0:
320,0,9838,128,0,10069:1:0:0:0:
448,0,9838,128,0,10069:1:0:0:0:
64,192,9877,1,0,0:0:0:0:
192,192,9954,1,0,0:0:0:0:
64,192,10031,1,0,0:0:0:0:
192,192,10108,1,0,0:0:0:0:
64,192,10184,1,0,0:0:0:0:
448,192,10184,1,0,0:0:0:0:
320,192,10300,1,0,0:0:0:0:
448,192,10300,1,0,0:0:0:0:
64,192,10415,1,0,0:0:0:0:
192,192,10415,1,0,0:0:0:0:
320,192,10531,1,0,0:0:0:0:
64,192,10646,1,0,0:0:0:0:
192,192,10646,1,0,0:0:0:0:
448,192,10646,1,0,0:0:0:0:
320,192,10723,1,0,0:0:0:0:
64,0,10761,128,0,10992:1:0:0:0:
192,0,10761,128,0,10992:1:0:0:0:
448,192,10800,1,0,0:0:0:0:
320,192,10877,1,0,0:0:0:0:
448,192,10954,1,0,0:0:0:0:
320,192,11031,1,0,0:0:0:0:
64,192,11108,1,0,0:0:0:0:
448,192,11108,1,0,0:0:0:0:
64,192,11223,1,0,0:0:0:0:
192,192,11223,1,0,0:0:0:0:
320,192,11338,1,0,0:0:0:0:
448,192,11338,1,0,0:0:0:0:
64,192,11454,1,0,0:0:0:0:
192,192,11569,1,0,0:0:0:0:
320,192,11569,1,0,0:0:0:0:
448,192,11569,1,0,0:0:0:0:
64,192,11684,1,0,0:0:0:0:
320,192,11684,1,0,0:0:0:0:
192,192,11800,1,0,0:0:0:0:
448,192,11800,1,0,0:0:0:0:
64,192,11915,1,0,0:0:0:0:
320,192,11973,1,0,0:0:0:0:
192,192,12031,1,0,0:0:0:0:
448,192,12031,1,0,0:0:0:0:
320,192,12146,1,0,0:0:0:0:
448,192,12146,1,0,0:0:0:0:
64,192,12261,1,0,0:0:0:0:
192,192,12261,1,0,0:0:0:0:
320,192,12377,1,0,0:0:0:0:
64,192,12492,1,0,0:0:0:0:
192,192,12492,1,0,0:0:0:0:
448,192,12492,1,0,0:0:0:0:
320,192,12608,1,0,0:0:0:0:
448,192,12665,1,0,0:0:0:0:
64,192,12723,1,0,0:0:0:0:
192,192,12781,1,0,0:0:0:0:
320,192,12838,1,0,0:0:0:0:
448,192,12896,1,0,0:0:0:0:
64,192,12954,1,0,0:0:0:0:
192,192,12954,1,0,0:0:0:0:
320,192,12954,1,0,0:0:0:0:
64,192,13069,1,0,0:0:0:0:
192,192,13069,1,0,0:0:0:0:
320,192,13184,1,0,0:0:0:0:
448,192,13184,1,0,0:0:0:0:
192,192,13300,1,0,0:0:0:0:
64,192,13415,1,0,0:0:0:0:
320,192,13415,1,0,0:0:0:0:
448,192,13415,1,0,0:0:0:0:
192,192,13531,1,0,0:0:0:0:
320,192,13588,1,0,0:0:0:0:
192,192,13646,1,0,0:0:0:0:
320,192,13704,1,0,0:0:0:0:
192,192,13761,1,0,0:0:0:0:
320,192,13819,1,0,0:0:0:0:
64,192,13877,1,0,0:0:0:0:
448,192,13877,1,0,0:0:0:0:
64,192,13992,1,0,0:0:0:0:
320,192,13992,1,0,0:0:0:0:
192,192,14108,1,0,0:0:0:0:
448,192,14108,1,0,0:0:0:0:
64,192,14223,1,0,0:0:0:0:
192,192,14338,1,0,0:0:0:0:
448,192,14338,1,0,0:0:0:0:
320,192,14415,1,0,0:0:0:0:
64,192,14454,1,0,0:0:0:0:
192,192,14511,1,0,0:0:0:0:
320,192,14569,1,0,0:0:0:0:
448,192,14569,1,0,0:0:0:0:
64,192,14646,1,0,0:0:0:0:
192,192,14684,1,0,0:0:0:0:
320,192,14761,1,0,0:0:0:0:
64,192,14800,1,0,0:0:0:0:
192,192,14800,1,0,0:0:0:0:
448,192,14800,1,0,0:0:0:0:
320,192,14915,1,0,0:0:0:0:
448,192,14915,1,0,0:0:0:0:
64,192,15031,1,0,0:0:0:0:
192,192,15031,1,0,0:0:0:0:
320,192,15146,1,0,0:0:0:0:
64,192,15261,1,0,0:0:0:0:
192,192,15261,1,0,0:0:0:0:
448,192,15261,1,0,0:0:0:0:
64,192,15377,1,0,0:0:0:0:
320,192,15377,1,0,0:0:0:0:
192,192,15492,1,0,0:0:0:0:
448,192,15492,1,0,0:0:0:0:
64,192,15608,1,0,0:0:0:0:
192,192,15665,1,0,0:0:0:0:
320,192,15723,1,0,0:0:0:0:
448,192,15723,1,0,0:0:0:0:
192,192,15838,1,0,0:0:0:0:
320,192,15838,1,0,0:0:0:0:
64,192,15954,1,0,0:0:0:0:
448,192,15954,1,0,0:0:0:0:
192,192,16069,1,0,0:0:0:0:
64,192,16184,1,0,0:0:0:0:
320,192,16184,1,0,0:0:0:0:
448,192,16184,1,0,0:0:0:0:
192,192,16300,1,0,0:0:0:0:
320,192,16358,1,0,0:0:0:0:
448,192,16415,1,0,0:0:0:0:
64,192,16473,1,0,0:0:0:0:
320,192,16531,1,0,0:0:0:0:
192,192,16588,1,0,0:0:0:0:
64,192,16646,1,0,0:0:0:0:
320,192,16646,1,0,0:0:0:0:
448,192,16646,1,0,0:0:0:0:
64,192,16761,1,0,0:0:0:0:
192,192,16761,1,0,0:0:0:0:
320,192,16877,1,0,0:0:0:0:
448,192,16877,1,0,0:0:0:0:
192,192,16992,1,0,0:0:0:0:
64,192,17108,1,0,0:0:0:0:
320,192,17108,1,0,0:0:0:0:
448,192,17108,1,0,0:0:0:0:
192,192,17184,1,0,0:0:0:0:
320,0,17223,128,0,17454:1:0:0:0:
448,0,17223,128,0,17454:1:0:0:0:
64,192,17261,1,0,0:0:0:0:
192,192,17338,1,0,0:0:0:0:
64,192,17415,1,0,0:0:0:0:
192,192,17492,1,0,0:0:0:0:
64,192,17569,1,0,0:0:0:0:
448,192,17569,1,0,0:0:0:0:
320,192,17684,1,0,0:0:0:0:
448,192,17684,1,0,0:0:0:0:
64,192,17800,1,0,0:0:0:0:
192,192,17800,1,0,0:0:0:0:
320,192,17915,1,0,0:0:0:0:
64,192,18031,1,0,0:0:0:0:
192,192,18031,1,0,0:0:0:0:
448,192,18031,1,0,0:0:0:0:
320,192,18108,1,0,0:0:0:0:
64,0,18146,128,0,18377:1:0:0:0:
192,0,18146,128,0,18377:1:0:0:0:
448,192,18184,1,0,0:0:0:0:
320,192,18261,1,0,0:0:0:0:
448,192,18338,1,0,0:0:0:0:
320,192,18415,1,0,0:0:0:0:
64,192,18492,1,0,0:0:0:0:
448,192,18492,1,0,0:0:0:0:
64,192,18608,1,0,0:0:0:0:
192,192,18608,1,0,0:0:0:0:
320,192,18723,1,0,0:0:0:0:
448,192,18723,1,0,0:0:0:0:
64,192,18838,1,0,0:0:0:0:
64,192,18954,1,0,0:0:0:0:
320,192,18954,1,0,0:0:0:0:
448,192,18954,1,0,0:0:0:0:
192,192,19069,1,0,0:0:0:0:
448,192,19069,1,0,0:0:0:0:
64,192,19184,1,0,0:0:0:0:
320,192,19184,1,0,0:0:0:0:
192,192,19300,1,0,0:0:0:0:
320,192,19358,1,0,0:0:0:0:
64,192,19415,1,0,0:0:0:0:
448,192,19415,1,0,0:0:0:0:
64,192,19531,1,0,0:0:0:0:
192,192,19531,1,0,0:0:0:0:
320,192,19646,1,0,0:0:0:0:
448,192,19646,1,0,0:0:0:0:
192,192,19761,1,0,0:0:0:0:
64,192,19877,1,0,0:0:0:0:
320,192,19877,1,0,0:0:0:0:
448,192,19877,1,0,0:0:0:0:
192,192,19992,1,0,0:0:0:0:
320,192,20050,1,0,0:0:0:0:
64,192,20108,1,0,0:0:0:0:
448,192,20165,1,0,0:0:0:0:
320,192,20223,1,0,0:0:0:0:
192,192,20281,1,0,0:0:0:0:
64,192,20338,1,0,0:0:0:0:
320,192,20338,1,0,0:0:0:0:
448,192,20338,1,0,0:0:0:0:
64,192,20454,1,0,0:0:0:0:
192,192,20454,1,0,0:0:0:0:
320,192,20569,1,0,0:0:0:0:
448,192,20569,1,0,0:0:0:0:
192,192,20684,1,0,0:0:0:0:
64,192,20800,1,0,0:0:0:0:
320,192,20800,1,0,0:0:0:0:
448,192,20800,1,0,0:0:0:0:
192,192,20915,1,0,0:0:0:0:
320,192,20973,1,0,0:0:0:0:
192,192,21031,1,0,0:0:0:0:
320,192,21088,1,0,0:0:0:0:
192,192,21146,1,0,0:0:0:0:
320,192,21204,1,0,0:0:0:0:
64,192,21261,1,0,0:0:0:0:
448,192,21261,1,0,0:0:0:0:
64,192,21377,1,0,0:0:0:0:
320,192,21377,1,0,0:0:0:0:
192,192,21492,1,0,0:0:0:0:
448,192,21492,1,0,0:0:0:0:
64,192,21608,1,0,0:0:0:0:
192,192,21723,1,0,0:0:0:0:
448,192,21723,1,0,0:0:0:0:
320,192,21800,1,0,0:0:0:0:
64,192,21838,1,0,0:0:0:0:
192,192,21915,1,0,0:0:0:0:
320,192,21954,1,0,0:0:0:0:
448,192,21954,1,0,0:0:0:0:
64,192,22011,1,0,0:0:0:0:
192,192,22069,1,0,0:0:0:0:
320,192,22146,1,0,0:0:0:0:
64,192,22184,1,0,0:0:0:0:
448,192,22184,1,0,0:0:0:0:
192,192,22415,1,0,0:0:0:0:
192,192,22531,1,0,0:0:0:0:
64,192,22646,1,0,0:0:0:0:
448,192,22646,1,0,0:0:0:0:
192,192,22761,1,0,0:0:0:0:
320,192,22877,1,0,0:0:0:0:
448,192,22934,1,0,0:0:0:0:
320,192,22992,1,0,0:0:0:0:
192,192,23050,1,0,0:0:0:0:
64,192,23108,1,0,0:0:0:0:
448,192,23108,1,0,0:0:0:0:
64,192,23223,1,0,0:0:0:0:
320,192,23454,1,0,0:0:0:0:
64,192,23569,1,0,0:0:0:0:
448,192,23569,1,0,0:0:0:0:
192,192,23684,1,0,0:0:0:0:
192,192,23800,1,0,0:0:0:0:
64,192,24031,1,0,0:0:0:0:
448,192,24031,1,0,0:0:0:0:
320,192,24261,1,0,0:0:0:0:
64,192,24492,1,0,0:0:0:0:
448,192,24492,1,0,0:0:0:0:
64,192,24608,1,0,0:0:0:0:
64,192,24838,1,0,0:0:0:0:
64,192,24954,1,0,0:0:0:0:
448,192,24954,1,0,0:0:0:0:
192,192,25069,1,0,0:0:0:0:
320,192,25184,1,0,0:0:0:0:
320,192,25300,1,0,0:0:0:0:
64,192,25415,1,0,0:0:0:0:
448,192,25415,1,0,0:0:0:0:
320,192,25646,1,0,0:0:0:0:
64,192,25877,1,0,0:0:0:0:
448,192,25877,1,0,0:0:0:0:
192,192,26108,1,0,0:0:0:0:
192,192,26223,1,0,0:0:0:0:
64,192,26338,1,0,0:0:0:0:
448,192,26338,1,0,0:0:0:0:
192,192,26454,1,0,0:0:0:0:
448,192,26569,1,0,0:0:0:0:
320,192,26627,1,0,0:0:0:0:
192,192,26684,1,0,0:0:0:0:
320,192,26742,1,0,0:0:0:0:
64,192,26800,1,0,0:0:0:0:
448,192,26800,1,0,0:0:0:0:
64,192,26915,1,0,0:0:0:0:
192,192,27146,1,0,0:0:0:0:
64,192,27261,1,0,0:0:0:0:
448,192,27261,1,0,0:0:0:0:
320,192,27377,1,0,0:0:0:0:
320,192,27492,1,0,0:0:0:0:
64,192,27723,1,0,0:0:0:0:
448,192,27723,1,0,0:0:0:0:
192,192,27954,1,0,0:0:0:0:
64,192,28184,1,0,0:0:0:0:
448,192,28184,1,0,0:0:0:0:
64,192,28300,1,0,0:0:0:0:
320,0,28300,128,0,28531:1:0:0:0:
448,192,28646,1,0,0:0:0:0:
64,0,28646,128,0,28992:1:0:0:0:
320,192,28877,1,0,0:0:0:0:
320,192,28954,1,0,0:0:0:0:
320,192,29031,1,0,0:0:0:0:
64,192,29108,1,0,0:0:0:0:
448,192,29108,1,0,0:0:0:0:
64,192,29338,1,0,0:0:0:0:
320,192,29338,1,0,0:0:0:0:
448,192,29338,1,0,0:0:0:0:
64,192,29569,1,0,0:0:0:0:
192,192,29569,1,0,0:0:0:0:
448,192,29569,1,0,0:0:0:0:
320,192,29646,1,0,0:0:0:0:
192,192,29723,1,0,0:0:0:0:
64,192,29800,1,0,0:0:0:0:
448,192,29800,1,0,0:0:0:0:
192,192,29877,1,0,0:0:0:0:
448,192,29915,1,0,0:0:0:0:
64,192,29954,1,0,0:0:0:0:
192,192,30031,1,0,0:0:0:0:
320,192,30031,1,0,0:0:0:0:
448,192,30108,1,0,0:0:0:0:
64,192,30146,1,0,0:0:0:0:
320,192,30184,1,0,0:0:0:0:
64,192,30261,1,0,0:0:0:0:
192,192,30261,1,0,0:0:0:0:
448,192,30319,1,0,0:0:0:0:
320,192,30377,1,0,0:0:0:0:
192,192,30434,1,0,0:0:0:0:
64,192,30492,1,0,0:0:0:0:
448,192,30492,1,0,0:0:0:0:
320,192,30569,1,0,0:0:0:0:
64,192,30646,1,0,0:0:0:0:
320,192,30723,1,0,0:0:0:0:
448,192,30723,1,0,0:0:0:0:
192,192,30800,1,0,0:0:0:0:
320,192,30877,1,0,0:0:0:0:
64,192,30954,1,0,0:0:0:0:
448,192,30954,1,0,0:0:0:0:
192,192,31031,1,0,0:0:0:0:
320,192,31069,1,0,0:0:0:0:
64,192,31108,1,0,0:0:0:0:
320,192,31184,1,0,0:0:0:0:
448,192,31184,1,0,0:0:0:0:
192,192,31261,1,0,0:0:0:0:
64,192,31300,1,0,0:0:0:0:
448,192,31338,1,0,0:0:0:0:
64,192,31415,1,0,0:0:0:0:
320,192,31415,1,0,0:0:0:0:
192,192,31492,1,0,0:0:0:0:
448,192,31569,1,0,0:0:0:0:
64,192,31646,1,0,0:0:0:0:
320,192,31646,1,0,0:0:0:0:
192,192,31723,1,0,0:0:0:0:
320,192,31761,1,0,0:0:0:0:
64,192,31800,1,0,0:0:0:0:
192,192,31877,1,0,0:0:0:0:
448,192,31877,1,0,0:0:0:0:
320,192,31954,1,0,0:0:0:0:
64,192,32031,1,0,0:0:0:0:
320,192,32108,1,0,0:0:0:0:
448,192,32108,1,0,0:0:0:0:
192,192,32184,1,0,0:0:0:0:
64,192,32261,1,0,0:0:0:0:
192,192,32338,1,0,0:0:0:0:
448,192,32338,1,0,0:0:0:0:
320,192,32415,1,0,0:0:0:0:
64,192,32492,1,0,0:0:0:0:
192,192,32569,1,0,0:0:0:0:
320,192,32569,1,0,0:0:0:0:
64,192,32646,1,0,0:0:0:0:
320,192,32684,1,0,0:0:0:0:
448,192,32723,1,0,0:0:0:0:
64,192,32800,1,0,0:0:0:0:
192,192,32800,1,0,0:0:0:0:
320,192,32877,1,0,0:0:0:0:
192,192,32954,1,0,0:0:0:0:
448,192,33031,1,0,0:0:0:0:
320,192,33108,1,0,0:0:0:0:
192,192,33184,1,0,0:0:0:0:
64,192,33261,1,0,0:0:0:0:
448,192,33261,1,0,0:0:0:0:
192,192,33338,1,0,0:0:0:0:
448,192,33415,1,0,0:0:0:0:
64,192,33492,1,0,0:0:0:0:
320,192,33492,1,0,0:0:0:0:
448,192,33569,1,0,0:0:0:0:
64,192,33608,1,0,0:0:0:0:
320,192,33646,1,0,0:0:0:0:
192,192,33723,1,0,0:0:0:0:
448,192,33723,1,0,0:0:0:0:
64,192,33800,1,0,0:0:0:0:
320,192,33838,1,0,0:0:0:0:
192,192,33877,1,0,0:0:0:0:
320,192,33954,1,0,0:0:0:0:
448,192,33954,1,0,0:0:0:0:
64,192,34011,1,0,0:0:0:0:
192,192,34069,1,0,0:0:0:0:
320,192,34127,1,0,0:0:0:0:
64,192,34184,1,0,0:0:0:0:
448,192,34184,1,0,0:0:0:0:
192,192,34261,1,0,0:0:0:0:
448,192,34338,1,0,0:0:0:0:
64,192,34415,1,0,0:0:0:0:
192,192,34415,1,0,0:0:0:0:
320,192,34492,1,0,0:0:0:0:
192,192,34569,1,0,0:0:0:0:
64,192,34646,1,0,0:0:0:0:
448,192,34646,1,0,0:0:0:0:
320,192,34723,1,0,0:0:0:0:
192,192,34761,1,0,0:0:0:0:
448,192,34800,1,0,0:0:0:0:
192,192,34877,1,0,0:0:0:0:
320,192,34877,1,0,0:0:0:0:
64,192,34954,1,0,0:0:0:0:
448,192,34992,1,0,0:0:0:0:
192,192,35031,1,0,0:0:0:0:
64,192,35108,1,0,0:0:0:0:
448,192,35108,1,0,0:0:0:0:
320,192,35184,1,0,0:0:0:0:
192,192,35261,1,0,0:0:0:0:
64,192,35338,1,0,0:0:0:0:
448,192,35338,1,0,0:0:0:0:
192,192,35415,1,0,0:0:0:0:
448,192,35454,1,0,0:0:0:0:
64,192,35492,1,0,0:0:0:0:
192,192,35569,1,0,0:0:0:0:
320,192,35569,1,0,0:0:0:0:
448,192,35646,1,0,0:0:0:0:
64,192,35723,1,0,0:0:0:0:
192,192,35800,1,0,0:0:0:0:
320,192,35800,1,0,0:0:0:0:
448,192,35877,1,0,0:0:0:0:
64,192,35954,1,0,0:0:0:0:
320,192,36031,1,0,0:0:0:0:
448,192,36031,1,0,0:0:0:0:
64,192,36108,1,0,0:0:0:0:
192,192,36184,1,0,0:0:0:0:
64,192,36261,1,0,0:0:0:0:
320,192,36261,1,0,0:0:0:0:
448,192,36338,1,0,0:0:0:0:
320,192,36377,1,0,0:0:0:0:
192,192,36415,1,0,0:0:0:0:
64,192,36492,1,0,0:0:0:0:
448,192,36492,1,0,0:0:0:0:
320,192,36569,1,0,0:0:0:0:
192,192,36646,1,0,0:0:0:0:
64,192,36723,1,0,0:0:0:0:
448,192,36723,1,0,0:0:0:0:
320,192,36781,1,0,0:0:0:0:
192,192,36838,1,0,0:0:0:0:
448,192,36896,1,0,0:0:0:0:
64,192,36954,1,0,0:0:0:0:
320,192,36954,1,0,0:0:0:0:
192,0,36954,128,0,37415:1:0:0:0:
320,192,37415,1,0,0:0:0:0:
448,192,37415,1,0,0:0:0:0:
64,0,37646,128,0,37877:1:0:0:0:
192,192,37877,1,0,0:0:0:0:
448,192,37877,1,0,0:0:0:0:
320,0,38108,128,0,38223:1:0:0:0:
192,192,38338,1,0,0:0:0:0:
448,0,38338,128,0,38454:1:0:0:0:
64,0,38569,128,0,38684:1:0:0:0:
320,192,38800,1,0,0:0:0:0:
64,0,38800,128,0,39146:1:0:0:0:
192,192,39261,1,0,0:0:0:0:
448,0,39261,128,0,39377:1:0:0:0:
64,0,39492,128,0,39954:1:0:0:0:
320,192,39723,1,0,0:0:0:0:
448,192,39723,1,0,0:0:0:0:
192,0,40184,128,0,40300:1:0:0:0:
320,0,40415,128,0,40531:1:0:0:0:
64,192,40646,1,0,0:0:0:0:
192,192,40646,1,0,0:0:0:0:
448,192,40646,1,0,0:0:0:0:
320,192,40761,1,0,0:0:0:0:
64,192,40877,1,0,0:0:0:0:
192,192,40877,1,0,0:0:0:0:
448,192,40877,1,0,0:0:0:0:
64,192,40992,1,0,0:0:0:0:
320,192,40992,1,0,0:0:0:0:
448,192,40992,1,0,0:0:0:0:
192,192,41108,1,0,0:0:0:0:
64,192,41223,1,0,0:0:0:0:
320,192,41223,1,0,0:0:0:0:
448,192,41223,1,0,0:0:0:0:
192,192,41338,1,0,0:0:0:0:
320,192,41338,1,0,0:0:0:0:
448,192,41338,1,0,0:0:0:0:
64,192,41415,1,0,0:0:0:0:
448,192,41492,1,0,0:0:0:0:
192,192,41569,1,0,0:0:0:0:
320,192,41646,1,0,0:0:0:0:
448,192,41723,1,0,0:0:0:0:
192,192,41800,1,0,0:0:0:0:
64,192,41858,1,0,0:0:0:0:
448,192,41915,1,0,0:0:0:0:
320,192,41973,1,0,0:0:0:0:
64,192,42031,1,0,0:0:0:0:
192,192,42031,1,0,0:0:0:0:
320,192,42146,1,0,0:0:0:0:
448,192,42146,1,0,0:0:0:0:
64,192,42261,1,0,0:0:0:0:
320,192,42261,1,0,0:0:0:0:
192,192,42377,1,0,0:0:0:0:
448,192,42377,1,0,0:0:0:0:
64,192,42492,1,0,0:0:0:0:
192,192,42492,1,0,0:0:0:0:
320,192,42492,1,0,0:0:0:0:
448,192,42608,1,0,0:0:0:0:
64,192,42723,1,0,0:0:0:0:
192,192,42723,1,0,0:0:0:0:
320,192,42723,1,0,0:0:0:0:
192,192,42838,1,0,0:0:0:0:
320,192,42838,1,0,0:0:0:0:
448,192,42838,1,0,0:0:0:0:
64,192,42954,1,0,0:0:0:0:
192,192,43069,1,0,0:0:0:0:
320,192,43069,1,0,0:0:0:0:
448,192,43069,1,0,0:0:0:0:
64,192,43184,1,0,0:0:0:0:
320,192,43184,1,0,0:0:0:0:
448,192,43184,1,0,0:0:0:0:
192,192,43261,1,0,0:0:0:0:
448,192,43338,1,0,0:0:0:0:
320,192,43415,1,0,0:0:0:0:
192,192,43492,1,0,0:0:0:0:
64,192,43569,1,0,0:0:0:0:
320,192,43646,1,0,0:0:0:0:
448,192,43704,1,0,0:0:0:0:
64,192,43761,1,0,0:0:0:0:
192,192,43819,1,0,0:0:0:0:
320,192,43877,1,0,0:0:0:0:
448,192,43877,1,0,0:0:0:0:
64,192,43992,1,0,0:0:0:0:
192,192,43992,1,0,0:0:0:0:
192,192,44108,1,0,0:0:0:0:
448,192,44108,1,0,0:0:0:0:
64,192,44223,1,0,0:0:0:0:
320,192,44223,1,0,0:0:0:0:
192,192,44338,1,0,0:0:0:0:
320,192,44338,1,0,0:0:0:0:
448,192,44338,1,0,0:0:0:0:
64,192,44454,1,0,0:0:0:0:
192,192,44569,1,0,0:0:0:0:
320,192,44569,1,0,0:0:0:0:
448,192,44569,1,0,0:0:0:0:
64,192,44684,1,0,0:0:0:0:
192,192,44684,1,0,0:0:0:0:
448,192,44684,1,0,0:0:0:0:
320,192,44800,1,0,0:0:0:0:
64,192,44915,1,0,0:0:0:0:
192,192,44915,1,0,0:0:0:0:
448,192,44915,1,0,0:0:0:0:
64,192,45031,1,0,0:0:0:0:
192,192,45031,1,0,0:0:0:0:
320,192,45031,1,0,0:0:0:0:
448,192,45108,1,0,0:0:0:0:
192,192,45184,1,0,0:0:0:0:
64,192,45261,1,0,0:0:0:0:
448,192,45261,1,0,0:0:0:0:
192,192,45377,1,0,0:0:0:0:
320,192,45377,1,0,0:0:0:0:
64,192,45492,1,0,0:0:0:0:
320,192,45492,1,0,0:0:0:0:
192,192,45608,1,0,0:0:0:0:
448,192,45608,1,0,0:0:0:0:
64,192,45723,1,0,0:0:0:0:
192,192,45723,1,0,0:0:0:0:
320,192,45723,1,0,0:0:0:0:
320,192,45838,1,0,0:0:0:0:
448,192,45838,1,0,0:0:0:0:
64,192,45954,1,0,0:0:0:0:
192,192,45954,1,0,0:0:0:0:
192,192,46069,1,0,0:0:0:0:
448,192,46069,1,0,0:0:0:0:
64,192,46184,1,0,0:0:0:0:
320,192,46184,1,0,0:0:0:0:
448,192,46184,1,0,0:0:0:0:
192,192,46300,1,0,0:0:0:0:
64,192,46415,1,0,0:0:0:0:
320,192,46415,1,0,0:0:0:0:
448,192,46415,1,0,0:0:0:0:
192,192,46531,1,0,0:0:0:0:
320,192,46531,1,0,0:0:0:0:
448,192,46531,1,0,0:0:0:0:
64,192,46646,1,0,0:0:0:0:
192,192,46761,1,0,0:0:0:0:
320,192,46761,1,0,0:0:0:0:
448,192,46761,1,0,0:0:0:0:
64,192,46877,1,0,0:0:0:0:
192,192,46877,1,0,0:0:0:0:
448,192,46877,1,0,0:0:0:0:
320,192,46954,1,0,0:0:0:0:
64,192,47031,1,0,0:0:0:0:
448,192,47108,1,0,0:0:0:0:
192,192,47165,1,0,0:0:0:0:
448,192,47223,1,0,0:0:0:0:
192,192,47281,1,0,0:0:0:0:
320,192,47338,1,0,0:0:0:0:
64,192,47396,1,0,0:0:0:0:
320,192,47454,1,0,0:0:0:0:
64,192,47511,1,0,0:0:0:0:
192,192,47569,1,0,0:0:0:0:
448,192,47569,1,0,0:0:0:0:
64,192,47684,1,0,0:0:0:0:
320,192,47684,1,0,0:0:0:0:
320,192,47800,1,0,0:0:0:0:
448,192,47800,1,0,0:0:0:0:
64,192,47915,1,0,0:0:0:0:
192,192,47915,1,0,0:0:0:0:
64,192,48031,1,0,0:0:0:0:
320,192,48031,1,0,0:0:0:0:
448,192,48031,1,0,0:0:0:0:
192,192,48146,1,0,0:0:0:0:
64,192,48261,1,0,0:0:0:0:
320,192,48261,1,0,0:0:0:0:
448,192,48261,1,0,0:0:0:0:
64,192,48377,1,0,0:0:0:0:
192,192,48377,1,0,0:0:0:0:
448,192,48377,1,0,0:0:0:0:
320,192,48492,1,0,0:0:0:0:
64,192,48608,1,0,0:0:0:0:
192,192,48608,1,0,0:0:0:0:
448,192,48608,1,0,0:0:0:0:
64,192,48723,1,0,0:0:0:0:
192,192,48723,1,0,0:0:0:0:
320,192,48723,1,0,0:0:0:0:
64,192,48838,1,0,0:0:0:0:
192,192,48838,1,0,0:0:0:0:
448,192,48954,1,0,0:0:0:0:
320,192,49011,1,0,0:0:0:0:
192,192,49069,1,0,0:0:0:0:
64,192,49127,1,0,0:0:0:0:
448,192,49184,1,0,0:0:0:0:
320,192,49242,1,0,0:0:0:0:
64,192,49300,1,0,0:0:0:0:
192,192,49358,1,0,0:0:0:0:
320,192,49415,1,0,0:0:0:0:
448,192,49415,1,0,0:0:0:0:
64,192,49531,1,0,0:0:0:0:
192,192,49531,1,0,0:0:0:0:
192,192,49646,1,0,0:0:0:0:
448,192,49646,1,0,0:0:0:0:
64,192,49761,1,0,0:0:0:0:
320,192,49761,1,0,0:0:0:0:
64,192,49877,1,0,0:0:0:0:
192,192,49877,1,0,0:0:0:0:
448,192,49877,1,0,0:0:0:0:
320,192,49992,1,0,0:0:0:0:
64,192,50108,1,0,0:0:0:0:
192,192,50108,1,0,0:0:0:0:
448,192,50108,1,0,0:0:0:0:
192,192,50223,1,0,0:0:0:0:
320,192,50223,1,0,0:0:0:0:
448,192,50223,1,0,0:0:0:0:
64,192,50338,1,0,0:0:0:0:
192,192,50454,1,0,0:0:0:0:
320,192,50454,1,0,0:0:0:0:
448,192,50454,1,0,0:0:0:0:
64,192,50569,1,0,0:0:0:0:
320,192,50569,1,0,0:0:0:0:
448,192,50569,1,0,0:0:0:0:
320,192,50684,1,0,0:0:0:0:
448,192,50684,1,0,0:0:0:0:
64,192,50800,1,0,0:0:0:0:
192,192,50858,1,0,0:0:0:0:
320,192,50915,1,0,0:0:0:0:
448,192,50973,1,0,0:0:0:0:
64,192,51031,1,0,0:0:0:0:
192,192,51088,1,0,0:0:0:0:
448,192,51146,1,0,0:0:0:0:
320,192,51204,1,0,0:0:0:0:
64,192,51261,1,0,0:0:0:0:
192,192,51261,1,0,0:0:0:0:
320,192,51377,1,0,0:0:0:0:
448,192,51377,1,0,0:0:0:0:
64,192,51492,1,0,0:0:0:0:
320,192,51492,1,0,0:0:0:0:
192,192,51608,1,0,0:0:0:0:
448,192,51608,1,0,0:0:0:0:
64,192,51723,1,0,0:0:0:0:
192,192,51723,1,0,0:0:0:0:
448,192,51723,1,0,0:0:0:0:
320,192,51838,1,0,0:0:0:0:
64,192,51954,1,0,0:0:0:0:
192,192,51954,1,0,0:0:0:0:
448,192,51954,1,0,0:0:0:0:
64,192,52069,1,0,0:0:0:0:
320,192,52069,1,0,0:0:0:0:
448,192,52069,1,0,0:0:0:0:
192,192,52184,1,0,0:0:0:0:
64,192,52300,1,0,0:0:0:0:
320,192,52300,1,0,0:0:0:0:
448,192,52300,1,0,0:0:0:0:
192,192,52415,1,0,0:0:0:0:
320,192,52415,1,0,0:0:0:0:
448,192,52415,1,0,0:0:0:0:
64,192,52492,1,0,0:0:0:0:
320,192,52569,1,0,0:0:0:0:
64,192,52646,1,0,0:0:0:0:
448,192,52646,1,0,0:0:0:0:
192,192,52761,1,0,0:0:0:0:
320,192,52761,1,0,0:0:0:0:
192,192,52877,1,0,0:0:0:0:
448,192,52877,1,0,0:0:0:0:
64,192,52992,1,0,0:0:0:0:
320,192,52992,1,0,0:0:0:0:
192,192,53108,1,0,0:0:0:0:
320,192,53108,1,0,0:0:0:0:
448,192,53108,1,0,0:0:0:0:
64,192,53223,1,0,0:0:0:0:
192,192,53223,1,0,0:0:0:0:
320,192,53338,1,0,0:0:0:0:
448,192,53338,1,0,0:0:0:0:
64,192,53454,1,0,0:0:0:0:
320,192,53454,1,0,0:0:0:0:
64,192,53569,1,0,0:0:0:0:
192,192,53569,1,0,0:0:0:0:
448,192,53569,1,0,0:0:0:0:
320,192,53684,1,0,0:0:0:0:
64,192,53800,1,0,0:0:0:0:
192,192,53800,1,0,0:0:0:0:
448,192,53800,1,0,0:0:0:0:
64,192,53915,1,0,0:0:0:0:
192,192,53915,1,0,0:0:0:0:
320,192,53915,1,0,0:0:0:0:
448,192,54031,1,0,0:0:0:0:
64,192,54146,1,0,0:0:0:0:
192,192,54146,1,0,0:0:0:0:
320,192,54146,1,0,0:0:0:0:
64,192,54261,1,0,0:0:0:0:
320,192,54261,1,0,0:0:0:0:
448,192,54261,1,0,0:0:0:0:
192,192,54338,1,0,0:0:0:0:
448,192,54415,1,0,0:0:0:0:
64,192,54492,1,0,0:0:0:0:
320,192,54550,1,0,0:0:0:0:
64,192,54608,1,0,0:0:0:0:
320,192,54665,1,0,0:0:0:0:
192,192,54723,1,0,0:0:0:0:
448,192,54781,1,0,0:0:0:0:
192,192,54838,1,0,0:0:0:0:
448,192,54896,1,0,0:0:0:0:
64,192,54954,1,0,0:0:0:0:
320,192,54954,1,0,0:0:0:0:
64,192,55069,1,0,0:0:0:0:
192,192,55069,1,0,0:0:0:0:
320,192,55184,1,0,0:0:0:0:
448,192,55184,1,0,0:0:0:0:
192,192,55300,1,0,0:0:0:0:
320,192,55300,1,0,0:0:0:0:
64,192,55415,1,0,0:0:0:0:
448,192,55415,1,0,0:0:0:0:
320,192,55473,1,0,0:0:0:0:
192,192,55531,1,0,0:0:0:0:
64,192,55588,1,0,0:0:0:0:
448,192,55646,1,0,0:0:0:0:
192,192,55704,1,0,0:0:0:0:
64,192,55761,1,0,0:0:0:0:
320,192,55761,1,0,0:0:0:0:
448,192,55819,1,0,0:0:0:0:
192,192,55877,1,0,0:0:0:0:
320,192,55934,1,0,0:0:0:0:
64,192,55992,1,0,0:0:0:0:
192,192,56050,1,0,0:0:0:0:
320,192,56108,1,0,0:0:0:0:
448,192,56108,1,0,0:0:0:0:
64,192,56165,1,0,0:0:0:0:
192,192,56223,1,0,0:0:0:0:
448,192,56281,1,0,0:0:0:0:
64,192,56338,1,0,0:0:0:0:
320,192,56338,1,0,0:0:0:0:
192,192,56396,1,0,0:0:0:0:
448,192,56454,1,0,0:0:0:0:
320,192,56511,1,0,0:0:0:0:
192,192,56569,1,0,0:0:0:0:
64,192,56627,1,0,0:0:0:0:
320,192,56684,1,0,0:0:0:0:
448,192,56684,1,0,0:0:0:0:
192,192,56742,1,0,0:0:0:0:
64,192,56800,1,0,0:0:0:0:
320,192,56858,1,0,0:0:0:0:
192,192,56915,1,0,0:0:0:0:
448,192,56973,1,0,0:0:0:0:
64,192,57031,1,0,0:0:0:0:
320,192,57031,1,0,0:0:0:0:
192,192,57088,1,0,0:0:0:0:
448,192,57146,1,0,0:0:0:0:
320,192,57204,1,0,0:0:0:0:
64,192,57261,1,0,0:0:0:0:
192,192,57261,1,0,0:0:0:0:
448,192,57338,1,0,0:0:0:0:
64,192,57415,1,0,0:0:0:0:
448,192,57492,1,0,0:0:0:0:
64,192,57569,1,0,0:0:0:0:
448,192,57646,1,0,0:0:0:0:
64,192,57723,1,0,0:0:0:0:
192,192,57723,1,0,0:0:0:0:
320,192,57800,1,0,0:0:0:0:
192,192,57877,1,0,0:0:0:0:
320,192,57954,1,0,0:0:0:0:
192,192,58031,1,0,0:0:0:0:
320,192,58108,1,0,0:0:0:0:
64,192,58184,1,0,0:0:0:0:
192,192,58184,1,0,0:0:0:0:
448,192,58261,1,0,0:0:0:0:
192,192,58338,1,0,0:0:0:0:
448,192,58415,1,0,0:0:0:0:
192,192,58492,1,0,0:0:0:0:
448,192,58569,1,0,0:0:0:0:
64,192,58646,1,0,0:0:0:0:
192,192,58646,1,0,0:0:0:0:
320,192,58646,1,0,0:0:0:0:
448,192,58646,1,0,0:0:0:0:
64,192,59108,1,0,0:0:0:0:
192,192,59108,1,0,0:0:0:0:
448,192,59108,1,0,0:0:0:0:
320,192,59223,1,0,0:0:0:0:
448,192,59223,1,0,0:0:0:0:
64,192,59338,1,0,0:0:0:0:
192,192,59338,1,0,0:0:0:0:
320,192,59454,1,0,0:0:0:0:
64,192,59569,1,0,0:0:0:0:
192,192,59569,1,0,0:0:0:0:
448,192,59569,1,0,0:0:0:0:
192,192,59684,1,0,0:0:0:0:
320,192,59684,1,0,0:0:0:0:
64,192,59800,1,0,0:0:0:0:
448,192,59800,1,0,0:0:0:0:
192,192,59915,1,0,0:0:0:0:
448,192,59973,1,0,0:0:0:0:
64,192,60031,1,0,0:0:0:0:
320,192,60031,1,0,0:0:0:0:
64,192,60146,1,0,0:0:0:0:
448,192,60146,1,0,0:0:0:0:
192,192,60261,1,0,0:0:0:0:
320,192,60261,1,0,0:0:0:0:
448,192,60377,1,0,0:0:0:0:
64,192,60492,1,0,0:0:0:0:
192,192,60492,1,0,0:0:0:0:
320,192,60492,1,0,0:0:0:0:
448,192,60608,1,0,0:0:0:0:
64,192,60665,1,0,0:0:0:0:
192,192,60723,1,0,0:0:0:0:
320,192,60781,1,0,0:0:0:0:
448,192,60838,1,0,0:0:0:0:
192,192,60896,1,0,0:0:0:0:
64,192,60954,1,0,0:0:0:0:
320,192,60954,1,0,0:0:0:0:
448,192,60954,1,0,0:0:0:0:
64,192,61069,1,0,0:0:0:0:
192,192,61069,1,0,0:0:0:0:
320,192,61184,1,0,0:0:0:0:
448,192,61184,1,0,0:0:0:0:
192,192,61300,1,0,0:0:0:0:
64,192,61415,1,0,0:0:0:0:
320,192,61415,1,0,0:0:0:0:
448,192,61415,1,0,0:0:0:0:
192,192,61492,1,0,0:0:0:0:
320,0,61531,128,0,61761:1:0:0:0:
448,0,61531,128,0,61761:1:0:0:0:
64,192,61569,1,0,0:0:0:0:
192,192,61646,1,0,0:0:0:0:
64,192,61723,1,0,0:0:0:0:
192,192,61800,1,0,0:0:0:0:
64,192,61877,1,0,0:0:0:0:
448,192,61877,1,0,0:0:0:0:
320,192,61992,1,0,0:0:0:0:
448,192,61992,1,0,0:0:0:0:
64,192,62108,1,0,0:0:0:0:
192,192,62108,1,0,0:0:0:0:
320,192,62223,1,0,0:0:0:0:
64,192,62338,1,0,0:0:0:0:
192,192,62338,1,0,0:0:0:0:
448,192,62338,1,0,0:0:0:0:
320,192,62415,1,0,0:0:0:0:
64,0,62454,128,0,62684:1:0:0:0:
192,0,62454,128,0,62684:1:0:0:0:
448,192,62492,1,0,0:0:0:0:
320,192,62569,1,0,0:0:0:0:
448,192,62646,1,0,0:0:0:0:
320,192,62723,1,0,0:0:0:0:
64,192,62800,1,0,0:0:0:0:
448,192,62800,1,0,0:0:0:0:
64,192,62915,1,0,0:0:0:0:
192,192,62915,1,0,0:0:0:0:
320,192,63031,1,0,0:0:0:0:
448,192,63031,1,0,0:0:0:0:
64,192,63146,1,0,0:0:0:0:
192,192,63261,1,0,0:0:0:0:
320,192,63261,1,0,0:0:0:0:
448,192,63261,1,0,0:0:0:0:
64,192,63377,1,0,0:0:0:0:
320,192,63377,1,0,0:0:0:0:
192,192,63492,1,0,0:0:0:0:
448,192,63492,1,0,0:0:0:0:
64,192,63608,1,0,0:0:0:0:
320,192,63665,1,0,0:0:0:0:
192,192,63723,1,0,0:0:0:0:
448,192,63723,1,0,0:0:0:0:
320,192,63838,1,0,0:0:0:0:
448,192,63838,1,0,0:0:0:0:
64,192,63954,1,0,0:0:0:0:
192,192,63954,1,0,0:0:0:0:
320,192,64069,1,0,0:0:0:0:
64,192,64184,1,0,0:0:0:0:
192,192,64184,1,0,0:0:0:0:
448,192,64184,1,0,0:0:0:0:
320,192,64300,1,0,0:0:0:0:
448,192,64358,1,0,0:0:0:0:
64,192,64415,1,0,0:0:0:0:
192,192,64473,1,0,0:0:0:0:
320,192,64531,1,0,0:0:0:0:
448,192,64588,1,0,0:0:0:0:
64,192,64646,1,0,0:0:0:0:
192,192,64646,1,0,0:0:0:0:
320,192,64646,1,0,0:0:0:0:
64,192,64761,1,0,0:0:0:0:
192,192,64761,1,0,0:0:0:0:
320,192,64877,1,0,0:0:0:0:
448,192,64877,1,0,0:0:0:0:
192,192,64992,1,0,0:0:0:0:
64,192,65108,1,0,0:0:0:0:
320,192,65108,1,0,0:0:0:0:
448,192,65108,1,0,0:0:0:0:
192,192,65223,1,0,0:0:0:0:
320,192,65281,1,0,0:0:0:0:
192,192,65338,1,0,0:0:0:0:
320,192,65396,1,0,0:0:0:0:
192,192,65454,1,0,0:0:0:0:
320,192,65511,1,0,0:0:0:0:
64,192,65569,1,0,0:0:0:0:
448,192,65569,1,0,0:0:0:0:
64,192,65684,1,0,0:0:0:0:
320,192,65684,1,0,0:0:0:0:
192,192,65800,1,0,0:0:0:0:
448,192,65800,1,0,0:0:0:0:
64,192,65915,1,0,0:0:0:0:
192,192,65915,1,0,0:0:0:0:
64,192,66031,1,0,0:0:0:0:
192,192,66031,1,0,0:0:0:0:
448,192,66088,1,0,0:0:0:0:
320,192,66146,1,0,0:0:0:0:
64,192,66261,1,0,0:0:0:0:
192,192,66261,1,0,0:0:0:0:
320,192,66338,1,0,0:0:0:0:
192,192,66377,1,0,0:0:0:0:
320,192,66434,1,0,0:0:0:0:
64,192,66492,1,0,0:0:0:0:
192,192,66492,1,0,0:0:0:0:
448,192,66492,1,0,0:0:0:0:
320,192,66608,1,0,0:0:0:0:
448,192,66608,1,0,0:0:0:0:
64,192,66723,1,0,0:0:0:0:
192,192,66723,1,0,0:0:0:0:
320,192,66838,1,0,0:0:0:0:
64,192,66954,1,0,0:0:0:0:
192,192,66954,1,0,0:0:0:0:
448,192,66954,1,0,0:0:0:0:
64,192,67069,1,0,0:0:0:0:
320,192,67069,1,0,0:0:0:0:
192,192,67184,1,0,0:0:0:0:
448,192,67184,1,0,0:0:0:0:
64,192,67300,1,0,0:0:0:0:
192,192,67358,1,0,0:0:0:0:
320,192,67415,1,0,0:0:0:0:
448,192,67415,1,0,0:0:0:0:
192,192,67531,1,0,0:0:0:0:
320,192,67531,1,0,0:0:0:0:
64,192,67646,1,0,0:0:0:0:
448,192,67646,1,0,0:0:0:0:
192,192,67761,1,0,0:0:0:0:
64,192,67877,1,0,0:0:0:0:
320,192,67877,1,0,0:0:0:0:
448,192,67877,1,0,0:0:0:0:
192,192,67992,1,0,0:0:0:0:
448,192,68050,1,0,0:0:0:0:
64,192,68108,1,0,0:0:0:0:
192,192,68165,1,0,0:0:0:0:
448,192,68223,1,0,0:0:0:0:
64,192,68281,1,0,0:0:0:0:
192,192,68338,1,0,0:0:0:0:
320,192,68338,1,0,0:0:0:0:
448,192,68338,1,0,0:0:0:0:
64,192,68454,1,0,0:0:0:0:
192,192,68454,1,0,0:0:0:0:
320,192,68569,1,0,0:0:0:0:
448,192,68569,1,0,0:0:0:0:
192,192,68684,1,0,0:0:0:0:
64,192,68800,1,0,0:0:0:0:
320,192,68800,1,0,0:0:0:0:
448,192,68800,1,0,0:0:0:0:
192,192,68877,1,0,0:0:0:0:
320,0,68915,128,0,69146:1:0:0:0:
448,0,68915,128,0,69146:1:0:0:0:
64,192,68954,1,0,0:0:0:0:
192,192,69031,1,0,0:0:0:0:
64,192,69108,1,0,0:0:0:0:
192,192,69184,1,0,0:0:0:0:
64,192,69261,1,0,0:0:0:0:
448,192,69261,1,0,0:0:0:0:
320,192,69377,1,0,0:0:0:0:
448,192,69377,1,0,0:0:0:0:
64,192,69492,1,0,0:0:0:0:
192,192,69492,1,0,0:0:0:0:
320,192,69608,1,0,0:0:0:0:
64,192,69723,1,0,0:0:0:0:
192,192,69723,1,0,0:0:0:0:
448,192,69723,1,0,0:0:0:0:
320,192,69800,1,0,0:0:0:0:
64,0,69838,128,0,70069:1:0:0:0:
192,0,69838,128,0,70069:1:0:0:0:
448,192,69877,1,0,0:0:0:0:
320,192,69954,1,0,0:0:0:0:
448,192,70031,1,0,0:0:0:0:
320,192,70108,1,0,0:0:0:0:
64,192,70184,1,0,0:0:0:0:
448,192,70184,1,0,0:0:0:0:
64,192,70300,1,0,0:0:0:0:
192,192,70300,1,0,0:0:0:0:
320,192,70415,1,0,0:0:0:0:
448,192,70415,1,0,0:0:0:0:
64,192,70531,1,0,0:0:0:0:
64,192,70646,1,0,0:0:0:0:
320,192,70646,1,0,0:0:0:0:
448,192,70646,1,0,0:0:0:0:
192,192,70761,1,0,0:0:0:0:
448,192,70761,1,0,0:0:0:0:
64,192,70877,1,0,0:0:0:0:
320,192,70877,1,0,0:0:0:0:
192,192,70992,1,0,0:0:0:0:
320,192,71050,1,0,0:0:0:0:
64,192,71108,1,0,0:0:0:0:
448,192,71108,1,0,0:0:0:0:
64,192,71223,1,0,0:0:0:0:
192,192,71223,1,0,0:0:0:0:
320,192,71338,1,0,0:0:0:0:
448,192,71338,1,0,0:0:0:0:
192,192,71454,1,0,0:0:0:0:
64,192,71569,1,0,0:0:0:0:
320,192,71569,1,0,0:0:0:0:
448,192,71569,1,0,0:0:0:0:
192,192,71684,1,0,0:0:0:0:
448,192,71742,1,0,0:0:0:0:
320,192,71800,1,0,0:0:0:0:
64,192,71858,1,0,0:0:0:0:
448,192,71915,1,0,0:0:0:0:
192,192,71973,1,0,0:0:0:0:
64,192,72031,1,0,0:0:0:0:
320,192,72031,1,0,0:0:0:0:
448,192,72031,1,0,0:0:0:0:
64,192,72146,1,0,0:0:0:0:
192,192,72146,1,0,0:0:0:0:
320,192,72261,1,0,0:0:0:0:
448,192,72261,1,0,0:0:0:0:
192,192,72377,1,0,0:0:0:0:
64,192,72492,1,0,0:0:0:0:
320,192,72492,1,0,0:0:0:0:
448,192,72492,1,0,0:0:0:0:
192,192,72608,1,0,0:0:0:0:
320,192,72665,1,0,0:0:0:0:
192,192,72723,1,0,0:0:0:0:
320,192,72781,1,0,0:0:0:0:
192,192,72838,1,0,0:0:0:0:
320,192,72896,1,0,0:0:0:0:
64,192,72954,1,0,0:0:0:0:
448,192,72954,1,0,0:0:0:0:
64,192,73069,1,0,0:0:0:0:
320,192,73069,1,0,0:0:0:0:
192,192,73184,1,0,0:0:0:0:
448,192,73184,1,0,0:0:0:0:
64,192,73300,1,0,0:0:0:0:
192,192,73415,1,0,0:0:0:0:
448,192,73415,1,0,0:0:0:0:
320,192,73492,1,0,0:0:0:0:
64,192,73531,1,0,0:0:0:0:
192,192,73588,1,0,0:0:0:0:
320,192,73646,1,0,0:0:0:0:
448,192,73646,1,0,0:0:0:0:
64,192,73723,1,0,0:0:0:0:
192,192,73761,1,0,0:0:0:0:
320,192,73838,1,0,0:0:0:0:
64,192,73877,1,0,0:0:0:0:
448,192,73877,1,0,0:0:0:0:
192,192,74108,1,0,0:0:0:0:
192,192,74223,1,0,0:0:0:0:
320,192,74223,1,0,0:0:0:0:
64,192,74338,1,0,0:0:0:0:
448,192,74338,1,0,0:0:0:0:
320,192,74454,1,0,0:0:0:0:
320,192,74569,1,0,0:0:0:0:
448,192,74569,1,0,0:0:0:0:
64,192,74627,1,0,0:0:0:0:
192,192,74684,1,0,0:0:0:0:
448,192,74742,1,0,0:0:0:0:
64,192,74800,1,0,0:0:0:0:
320,192,74800,1,0,0:0:0:0:
192,192,74915,1,0,0:0:0:0:
64,192,75146,1,0,0:0:0:0:
192,192,75146,1,0,0:0:0:0:
64,192,75261,1,0,0:0:0:0:
448,192,75261,1,0,0:0:0:0:
320,192,75377,1,0,0:0:0:0:
64,192,75492,1,0,0:0:0:0:
320,192,75492,1,0,0:0:0:0:
64,192,75723,1,0,0:0:0:0:
192,192,75723,1,0,0:0:0:0:
320,192,75954,1,0,0:0:0:0:
64,192,76184,1,0,0:0:0:0:
448,192,76184,1,0,0:0:0:0:
448,192,76300,1,0,0:0:0:0:
64,192,76415,1,0,0:0:0:0:
192,192,76415,1,0,0:0:0:0:
320,192,76531,1,0,0:0:0:0:
64,192,76646,1,0,0:0:0:0:
192,192,76646,1,0,0:0:0:0:
320,192,76761,1,0,0:0:0:0:
192,192,76877,1,0,0:0:0:0:
192,192,76992,1,0,0:0:0:0:
64,192,77107,1,0,0:0:0:0:
448,192,77107,1,0,0:0:0:0:
64,192,77338,1,0,0:0:0:0:
192,192,77338,1,0,0:0:0:0:
320,192,77454,1,0,0:0:0:0:
448,192,77454,1,0,0:0:0:0:
64,192,77569,1,0,0:0:0:0:
192,192,77569,1,0,0:0:0:0:
320,192,77800,1,0,0:0:0:0:
192,192,77915,1,0,0:0:0:0:
320,192,77915,1,0,0:0:0:0:
64,192,78031,1,0,0:0:0:0:
448,192,78031,1,0,0:0:0:0:
192,192,78146,1,0,0:0:0:0:
64,192,78261,1,0,0:0:0:0:
192,192,78261,1,0,0:0:0:0:
448,192,78319,1,0,0:0:0:0:
320,192,78377,1,0,0:0:0:0:
64,192,78434,1,0,0:0:0:0:
192,192,78492,1,0,0:0:0:0:
448,192,78492,1,0,0:0:0:0:
448,192,78607,1,0,0:0:0:0:
192,192,78838,1,0,0:0:0:0:
320,192,78838,1,0,0:0:0:0:
64,192,78954,1,0,0:0:0:0:
448,192,78954,1,0,0:0:0:0:
320,192,79069,1,0,0:0:0:0:
64,192,79184,1,0,0:0:0:0:
320,192,79184,1,0,0:0:0:0:
64,192,79415,1,0,0:0:0:0:
192,192,79415,1,0,0:0:0:0:
320,192,79646,1,0,0:0:0:0:
64,192,79877,1,0,0:0:0:0:
192,192,79877,1,0,0:0:0:0:
448,192,79877,1,0,0:0:0:0:
64,0,79992,128,0,80223:1:0:0:0:
448,192,80338,1,0,0:0:0:0:
192,0,80338,128,0,80684:1:0:0:0:
64,192,80800,1,0,0:0:0:0:
320,192,80800,1,0,0:0:0:0:
192,192,81031,1,0,0:0:0:0:
320,192,81031,1,0,0:0:0:0:
448,192,81031,1,0,0:0:0:0:
320,192,81146,1,0,0:0:0:0:
448,192,81146,1,0,0:0:0:0:
64,192,81261,1,0,0:0:0:0:
320,192,81261,1,0,0:0:0:0:
448,192,81261,1,0,0:0:0:0:
192,192,81338,1,0,0:0:0:0:
320,192,81415,1,0,0:0:0:0:
64,192,81492,1,0,0:0:0:0:
448,192,81492,1,0,0:0:0:0:
320,192,81569,1,0,0:0:0:0:
64,192,81607,1,0,0:0:0:0:
448,192,81646,1,0,0:0:0:0:
192,192,81723,1,0,0:0:0:0:
320,192,81723,1,0,0:0:0:0:
64,192,81800,1,0,0:0:0:0:
448,192,81838,1,0,0:0:0:0:
192,192,81877,1,0,0:0:0:0:
320,192,81954,1,0,0:0:0:0:
448,192,81954,1,0,0:0:0:0:
64,192,82011,1,0,0:0:0:0:
192,192,82069,1,0,0:0:0:0:
320,192,82127,1,0,0:0:0:0:
64,192,82184,1,0,0:0:0:0:
448,192,82184,1,0,0:0:0:0:
192,192,82261,1,0,0:0:0:0:
320,192,82338,1,0,0:0:0:0:
64,192,82415,1,0,0:0:0:0:
192,192,82415,1,0,0:0:0:0:
320,192,82492,1,0,0:0:0:0:
192,192,82569,1,0,0:0:0:0:
64,192,82646,1,0,0:0:0:0:
448,192,82646,1,0,0:0:0:0:
320,192,82723,1,0,0:0:0:0:
192,192,82761,1,0,0:0:0:0:
64,192,82800,1,0,0:0:0:0:
448,192,82877,1,0,0:0:0:0:
192,192,82954,1,0,0:0:0:0:
448,192,82992,1,0,0:0:0:0:
64,192,83031,1,0,0:0:0:0:
192,192,83107,1,0,0:0:0:0:
448,192,83107,1,0,0:0:0:0:
320,192,83184,1,0,0:0:0:0:
64,192,83261,1,0,0:0:0:0:
192,192,83338,1,0,0:0:0:0:
448,192,83338,1,0,0:0:0:0:
320,192,83415,1,0,0:0:0:0:
192,192,83454,1,0,0:0:0:0:
448,192,83492,1,0,0:0:0:0:
64,192,83569,1,0,0:0:0:0:
320,192,83569,1,0,0:0:0:0:
192,192,83646,1,0,0:0:0:0:
448,192,83723,1,0,0:0:0:0:
64,192,83800,1,0,0:0:0:0:
192,192,83800,1,0,0:0:0:0:
320,192,83877,1,0,0:0:0:0:
448,192,83954,1,0,0:0:0:0:
64,192,84031,1,0,0:0:0:0:
320,192,84031,1,0,0:0:0:0:
192,192,84107,1,0,0:0:0:0:
448,192,84184,1,0,0:0:0:0:
192,192,84261,1,0,0:0:0:0:
320,192,84261,1,0,0:0:0:0:
448,192,84338,1,0,0:0:0:0:
192,192,84377,1,0,0:0:0:0:
64,192,84415,1,0,0:0:0:0:
320,192,84492,1,0,0:0:0:0:
448,192,84492,1,0,0:0:0:0:
192,192,84569,1,0,0:0:0:0:
320,192,84646,1,0,0:0:0:0:
64,192,84723,1,0,0:0:0:0:
192,192,84800,1,0,0:0:0:0:
320,192,84877,1,0,0:0:0:0:
64,192,84954,1,0,0:0:0:0:
448,192,84954,1,0,0:0:0:0:
320,192,85031,1,0,0:0:0:0:
64,192,85107,1,0,0:0:0:0:
192,192,85184,1,0,0:0:0:0:
448,192,85184,1,0,0:0:0:0:
64,192,85261,1,0,0:0:0:0:
448,192,85300,1,0,0:0:0:0:
192,192,85338,1,0,0:0:0:0:
64,192,85415,1,0,0:0:0:0:
320,192,85415,1,0,0:0:0:0:
448,192,85492,1,0,0:0:0:0:
192,192,85531,1,0,0:0:0:0:
320,192,85569,1,0,0:0:0:0:
64,192,85646,1,0,0:0:0:0:
192,192,85646,1,0,0:0:0:0:
448,192,85704,1,0,0:0:0:0:
320,192,85761,1,0,0:0:0:0:
192,192,85819,1,0,0:0:0:0:
64,192,85877,1,0,0:0:0:0:
448,192,85877,1,0,0:0:0:0:
320,192,85954,1,0,0:0:0:0:
192,192,86031,1,0,0:0:0:0:
320,192,86107,1,0,0:0:0:0:
448,192,86107,1,0,0:0:0:0:
192,192,86184,1,0,0:0:0:0:
320,192,86261,1,0,0:0:0:0:
64,192,86338,1,0,0:0:0:0:
448,192,86338,1,0,0:0:0:0:
192,192,86415,1,0,0:0:0:0:
320,192,86454,1,0,0:0:0:0:
64,192,86492,1,0,0:0:0:0:
192,192,86569,1,0,0:0:0:0:
448,192,86646,1,0,0:0:0:0:
64,192,86684,1,0,0:0:0:0:
320,192,86723,1,0,0:0:0:0:
64,192,86800,1,0,0:0:0:0:
448,192,86800,1,0,0:0:0:0:
192,192,86877,1,0,0:0:0:0:
320,192,86954,1,0,0:0:0:0:
64,192,87031,1,0,0:0:0:0:
448,192,87031,1,0,0:0:0:0:
320,192,87107,1,0,0:0:0:0:
64,192,87146,1,0,0:0:0:0:
448,192,87184,1,0,0:0:0:0:
192,192,87261,1,0,0:0:0:0:
320,192,87261,1,0,0:0:0:0:
64,192,87338,1,0,0:0:0:0:
448,192,87415,1,0,0:0:0:0:
192,192,87492,1,0,0:0:0:0:
320,192,87492,1,0,0:0:0:0:
64,192,87569,1,0,0:0:0:0:
448,192,87646,1,0,0:0:0:0:
64,192,87723,1,0,0:0:0:0:
192,192,87723,1,0,0:0:0:0:
448,192,87800,1,0,0:0:0:0:
320,192,87877,1,0,0:0:0:0:
192,192,87954,1,0,0:0:0:0:
448,192,87954,1,0,0:0:0:0:
64,192,88031,1,0,0:0:0:0:
192,192,88069,1,0,0:0:0:0:
320,192,88107,1,0,0:0:0:0:
64,192,88184,1,0,0:0:0:0:
448,192,88184,1,0,0:0:0:0:
192,192,88261,1,0,0:0:0:0:
320,192,88338,1,0,0:0:0:0:
64,192,88415,1,0,0:0:0:0:
448,192,88415,1,0,0:0:0:0:
192,192,88473,1,0,0:0:0:0:
320,192,88531,1,0,0:0:0:0:
64,192,88588,1,0,0:0:0:0:
320,192,88646,1,0,0:0:0:0:
448,192,88646,1,0,0:0:0:0:
192,0,88646,128,0,89107:1:0:0:0:
64,192,88877,1,0,0:0:0:0:
320,192,88992,1,0,0:0:0:0:
320,192,89107,1,0,0:0:0:0:
448,192,89107,1,0,0:0:0:0:
64,0,89338,128,0,89569:1:0:0:0:
448,192,89454,1,0,0:0:0:0:
192,192,89569,1,0,0:0:0:0:
448,192,89569,1,0,0:0:0:0:
320,0,89800,128,0,89915:1:0:0:0:
192,192,89915,1,0,0:0:0:0:
192,192,90031,1,0,0:0:0:0:
448,0,90031,128,0,90146:1:0:0:0:
192,0,90261,128,0,90377:1:0:0:0:
64,192,90377,1,0,0:0:0:0:
64,192,90492,1,0,0:0:0:0:
320,0,90492,128,0,90838:1:0:0:0:
448,192,90723,1,0,0:0:0:0:
192,192,90838,1,0,0:0:0:0:
192,192,90954,1,0,0:0:0:0:
320,0,90954,128,0,91069:1:0:0:0:
64,0,91184,128,0,91646:1:0:0:0:
448,192,91300,1,0,0:0:0:0:
320,192,91415,1,0,0:0:0:0:
448,192,91415,1,0,0:0:0:0:
192,192,91531,1,0,0:0:0:0:
448,192,91646,1,0,0:0:0:0:
320,192,91761,1,0,0:0:0:0:
64,0,91877,128,0,91992:1:0:0:0:
448,0,92107,128,0,92223:1:0:0:0:
64,192,92338,1,0,0:0:0:0:
320,192,92338,1,0,0:0:0:0:
448,192,92338,1,0,0:0:0:0:
192,192,92454,1,0,0:0:0:0:
64,192,92569,1,0,0:0:0:0:
320,192,92569,1,0,0:0:0:0:
448,192,92569,1,0,0:0:0:0:
64,192,92684,1,0,0:0:0:0:
192,192,92684,1,0,0:0:0:0:
448,192,92684,1,0,0:0:0:0:
320,192,92800,1,0,0:0:0:0:
64,192,92915,1,0,0:0:0:0:
192,192,92915,1,0,0:0:0:0:
448,192,92915,1,0,0:0:0:0:
64,192,93031,1,0,0:0:0:0:
192,192,93031,1,0,0:0:0:0:
320,192,93031,1,0,0:0:0:0:
448,192,93107,1,0,0:0:0:0:
64,192,93184,1,0,0:0:0:0:
320,192,93261,1,0,0:0:0:0:
192,192,93338,1,0,0:0:0:0:
64,192,93415,1,0,0:0:0:0:
320,192,93492,1,0,0:0:0:0:
448,192,93550,1,0,0:0:0:0:
64,192,93607,1,0,0:0:0:0:
192,192,93665,1,0,0:0:0:0:
320,192,93723,1,0,0:0:0:0:
448,192,93723,1,0,0:0:0:0:
64,192,93838,1,0,0:0:0:0:
192,192,93838,1,0,0:0:0:0:
192,192,93954,1,0,0:0:0:0:
448,192,93954,1,0,0:0:0:0:
64,192,94069,1,0,0:0:0:0:
320,192,94069,1,0,0:0:0:0:
192,192,94184,1,0,0:0:0:0:
320,192,94184,1,0,0:0:0:0:
448,192,94184,1,0,0:0:0:0:
64,192,94300,1,0,0:0:0:0:
192,192,94415,1,0,0:0:0:0:
320,192,94415,1,0,0:0:0:0:
448,192,94415,1,0,0:0:0:0:
64,192,94531,1,0,0:0:0:0:
192,192,94531,1,0,0:0:0:0:
320,192,94531,1,0,0:0:0:0:
448,192,94646,1,0,0:0:0:0:
64,192,94761,1,0,0:0:0:0:
192,192,94761,1,0,0:0:0:0:
320,192,94761,1,0,0:0:0:0:
64,192,94877,1,0,0:0:0:0:
192,192,94877,1,0,0:0:0:0:
448,192,94877,1,0,0:0:0:0:
320,192,94954,1,0,0:0:0:0:
64,192,95031,1,0,0:0:0:0:
192,192,95107,1,0,0:0:0:0:
320,192,95184,1,0,0:0:0:0:
448,192,95261,1,0,0:0:0:0:
192,192,95338,1,0,0:0:0:0:
64,192,95396,1,0,0:0:0:0:
448,192,95454,1,0,0:0:0:0:
320,192,95511,1,0,0:0:0:0:
64,192,95569,1,0,0:0:0:0:
192,192,95569,1,0,0:0:0:0:
320,192,95684,1,0,0:0:0:0:
448,192,95684,1,0,0:0:0:0:
64,192,95800,1,0,0:0:0:0:
320,192,95800,1,0,0:0:0:0:
192,192,95915,1,0,0:0:0:0:
448,192,95915,1,0,0:0:0:0:
64,192,96031,1,0,0:0:0:0:
192,192,96031,1,0,0:0:0:0:
320,192,96031,1,0,0:0:0:0:
448,192,96146,1,0,0:0:0:0:
64,192,96261,1,0,0:0:0:0:
192,192,96261,1,0,0:0:0:0:
320,192,96261,1,0,0:0:0:0:
64,192,96377,1,0,0:0:0:0:
320,192,96377,1,0,0:0:0:0:
448,192,96377,1,0,0:0:0:0:
192,192,96492,1,0,0:0:0:0:
64,192,96607,1,0,0:0:0:0:
320,192,96607,1,0,0:0:0:0:
448,192,96607,1,0,0:0:0:0:
192,192,96723,1,0,0:0:0:0:
320,192,96723,1,0,0:0:0:0:
448,192,96723,1,0,0:0:0:0:
64,192,96800,1,0,0:0:0:0:
320,192,96877,1,0,0:0:0:0:
64,192,96954,1,0,0:0:0:0:
448,192,96954,1,0,0:0:0:0:
192,192,97069,1,0,0:0:0:0:
320,192,97069,1,0,0:0:0:0:
192,192,97184,1,0,0:0:0:0:
448,192,97184,1,0,0:0:0:0:
64,192,97300,1,0,0:0:0:0:
320,192,97300,1,0,0:0:0:0:
192,192,97415,1,0,0:0:0:0:
320,192,97415,1,0,0:0:0:0:
448,192,97415,1,0,0:0:0:0:
64,192,97531,1,0,0:0:0:0:
192,192,97531,1,0,0:0:0:0:
320,192,97646,1,0,0:0:0:0:
448,192,97646,1,0,0:0:0:0:
64,192,97761,1,0,0:0:0:0:
320,192,97761,1,0,0:0:0:0:
64,192,97877,1,0,0:0:0:0:
192,192,97877,1,0,0:0:0:0:
448,192,97877,1,0,0:0:0:0:
320,192,97992,1,0,0:0:0:0:
64,192,98107,1,0,0:0:0:0:
192,192,98107,1,0,0:0:0:0:
448,192,98107,1,0,0:0:0:0:
64,192,98223,1,0,0:0:0:0:
192,192,98223,1,0,0:0:0:0:
320,192,98223,1,0,0:0:0:0:
448,192,98338,1,0,0:0:0:0:
64,192,98454,1,0,0:0:0:0:
192,192,98454,1,0,0:0:0:0:
320,192,98454,1,0,0:0:0:0:
64,192,98569,1,0,0:0:0:0:
320,192,98569,1,0,0:0:0:0:
448,192,98569,1,0,0:0:0:0:
192,192,98646,1,0,0:0:0:0:
448,192,98723,1,0,0:0:0:0:
64,192,98800,1,0,0:0:0:0:
320,192,98857,1,0,0:0:0:0:
64,192,98915,1,0,0:0:0:0:
320,192,98973,1,0,0:0:0:0:
192,192,99031,1,0,0:0:0:0:
448,192,99088,1,0,0:0:0:0:
192,192,99146,1,0,0:0:0:0:
448,192,99204,1,0,0:0:0:0:
64,192,99261,1,0,0:0:0:0:
320,192,99261,1,0,0:0:0:0:
192,192,99377,1,0,0:0:0:0:
448,192,99377,1,0,0:0:0:0:
64,192,99492,1,0,0:0:0:0:
192,192,99492,1,0,0:0:0:0:
320,192,99607,1,0,0:0:0:0:
448,192,99607,1,0,0:0:0:0:
64,192,99723,1,0,0:0:0:0:
192,192,99723,1,0,0:0:0:0:
448,192,99723,1,0,0:0:0:0:
320,192,99838,1,0,0:0:0:0:
64,192,99954,1,0,0:0:0:0:
192,192,99954,1,0,0:0:0:0:
448,192,99954,1,0,0:0:0:0:
64,192,100069,1,0,0:0:0:0:
320,192,100069,1,0,0:0:0:0:
448,192,100069,1,0,0:0:0:0:
192,192,100184,1,0,0:0:0:0:
64,192,100300,1,0,0:0:0:0:
320,192,100300,1,0,0:0:0:0:
448,192,100300,1,0,0:0:0:0:
192,192,100415,1,0,0:0:0:0:
320,192,100415,1,0,0:0:0:0:
448,192,100415,1,0,0:0:0:0:
320,192,100531,1,0,0:0:0:0:
448,192,100531,1,0,0:0:0:0:
64,192,100646,1,0,0:0:0:0:
192,192,100704,1,0,0:0:0:0:
320,192,100761,1,0,0:0:0:0:
448,192,100819,1,0,0:0:0:0:
64,192,100877,1,0,0:0:0:0:
192,192,100934,1,0,0:0:0:0:
448,192,100992,1,0,0:0:0:0:
320,192,101050,1,0,0:0:0:0:
64,192,101107,1,0,0:0:0:0:
192,192,101107,1,0,0:0:0:0:
320,192,101223,1,0,0:0:0:0:
448,192,101223,1,0,0:0:0:0:
64,192,101338,1,0,0:0:0:0:
320,192,101338,1,0,0:0:0:0:
192,192,101454,1,0,0:0:0:0:
448,192,101454,1,0,0:0:0:0:
64,192,101569,1,0,0:0:0:0:
320,192,101569,1,0,0:0:0:0:
448,192,101569,1,0,0:0:0:0:
192,192,101684,1,0,0:0:0:0:
64,192,101800,1,0,0:0:0:0:
320,192,101800,1,0,0:0:0:0:
448,192,101800,1,0,0:0:0:0:
64,192,101915,1,0,0:0:0:0:
192,192,101915,1,0,0:0:0:0:
320,192,101915,1,0,0:0:0:0:
448,192,102031,1,0,0:0:0:0:
64,192,102146,1,0,0:0:0:0:
192,192,102146,1,0,0:0:0:0:
320,192,102146,1,0,0:0:0:0:
64,192,102261,1,0,0:0:0:0:
192,192,102261,1,0,0:0:0:0:
448,192,102261,1,0,0:0:0:0:
64,192,102377,1,0,0:0:0:0:
192,192,102377,1,0,0:0:0:0:
448,192,102492,1,0,0:0:0:0:
320,192,102550,1,0,0:0:0:0:
192,192,102607,1,0,0:0:0:0:
64,192,102665,1,0,0:0:0:0:
448,192,102723,1,0,0:0:0:0:
320,192,102781,1,0,0:0:0:0:
64,192,102838,1,0,0:0:0:0:
192,192,102896,1,0,0:0:0:0:
320,192,102954,1,0,0:0:0:0:
448,192,102954,1,0,0:0:0:0:
64,192,103069,1,0,0:0:0:0:
192,192,103069,1,0,0:0:0:0:
192,192,103184,1,0,0:0:0:0:
448,192,103184,1,0,0:0:0:0:
64,192,103300,1,0,0:0:0:0:
320,192,103300,1,0,0:0:0:0:
64,192,103415,1,0,0:0:0:0:
320,192,103415,1,0,0:0:0:0:
448,192,103415,1,0,0:0:0:0:
192,192,103531,1,0,0:0:0:0:
64,192,103646,1,0,0:0:0:0:
320,192,103646,1,0,0:0:0:0:
448,192,103646,1,0,0:0:0:0:
64,192,103761,1,0,0:0:0:0:
192,192,103761,1,0,0:0:0:0:
448,192,103761,1,0,0:0:0:0:
320,192,103877,1,0,0:0:0:0:
64,192,103992,1,0,0:0:0:0:
192,192,103992,1,0,0:0:0:0:
448,192,103992,1,0,0:0:0:0:
64,192,104107,1,0,0:0:0:0:
192,192,104107,1,0,0:0:0:0:
320,192,104107,1,0,0:0:0:0:
448,192,104184,1,0,0:0:0:0:
192,192,104261,1,0,0:0:0:0:
64,192,104338,1,0,0:0:0:0:
448,192,104338,1,0,0:0:0:0:
192,192,104454,1,0,0:0:0:0:
320,192,104454,1,0,0:0:0:0:
64,192,104569,1,0,0:0:0:0:
320,192,104569,1,0,0:0:0:0:
192,192,104684,1,0,0:0:0:0:
448,192,104684,1,0,0:0:0:0:
64,192,104800,1,0,0:0:0:0:
192,192,104800,1,0,0:0:0:0:
320,192,104800,1,0,0:0:0:0:
320,192,104915,1,0,0:0:0:0:
448,192,104915,1,0,0:0:0:0:
64,192,105031,1,0,0:0:0:0:
192,192,105031,1,0,0:0:0:0:
192,192,105146,1,0,0:0:0:0:
448,192,105146,1,0,0:0:0:0:
64,192,105261,1,0,0:0:0:0:
320,192,105261,1,0,0:0:0:0:
448,192,105261,1,0,0:0:0:0:
192,192,105377,1,0,0:0:0:0:
64,192,105492,1,0,0:0:0:0:
320,192,105492,1,0,0:0:0:0:
448,192,105492,1,0,0:0:0:0:
192,192,105607,1,0,0:0:0:0:
320,192,105607,1,0,0:0:0:0:
448,192,105607,1,0,0:0:0:0:
64,192,105723,1,0,0:0:0:0:
192,192,105838,1,0,0:0:0:0:
320,192,105838,1,0,0:0:0:0:
448,192,105838,1,0,0:0:0:0:
64,192,105954,1,0,0:0:0:0:
192,192,105954,1,0,0:0:0:0:
448,192,105954,1,0,0:0:0:0:
320,192,106031,1,0,0:0:0:0:
64,192,106107,1,0,0:0:0:0:
448,192,106184,1,0,0:0:0:0:
192,192,106242,1,0,0:0:0:0:
448,192,106300,1,0,0:0:0:0:
192,192,106357,1,0,0:0:0:0:
320,192,106415,1,0,0:0:0:0:
64,192,106473,1,0,0:0:0:0:
320,192,106531,1,0,0:0:0:0:
64,192,106588,1,0,0:0:0:0:
192,192,106646,1,0,0:0:0:0:
448,192,106646,1,0,0:0:0:0:
320,192,106761,1,0,0:0:0:0:
448,192,106761,1,0,0:0:0:0:
64,192,106877,1,0,0:0:0:0:
192,192,106877,1,0,0:0:0:0:
192,192,106992,1,0,0:0:0:0:
320,192,106992,1,0,0:0:0:0:
64,192,107107,1,0,0:0:0:0:
448,192,107107,1,0,0:0:0:0:
192,192,107165,1,0,0:0:0:0:
320,192,107223,1,0,0:0:0:0:
448,192,107281,1,0,0:0:0:0:
64,192,107338,1,0,0:0:0:0:
320,192,107396,1,0,0:0:0:0:
192,192,107454,1,0,0:0:0:0:
448,192,107454,1,0,0:0:0:0:
64,192,107511,1,0,0:0:0:0:
320,192,107569,1,0,0:0:0:0:
192,192,107627,1,0,0:0:0:0:
448,192,107684,1,0,0:0:0:0:
320,192,107742,1,0,0:0:0:0:
64,192,107800,1,0,0:0:0:0:
192,192,107800,1,0,0:0:0:0:
448,192,107857,1,0,0:0:0:0:
320,192,107915,1,0,0:0:0:0:
64,192,107973,1,0,0:0:0:0:
192,192,108031,1,0,0:0:0:0:
448,192,108031,1,0,0:0:0:0:
320,192,108088,1,0,0:0:0:0:
64,192,108146,1,0,0:0:0:0:
192,192,108204,1,0,0:0:0:0:
320,192,108261,1,0,0:0:0:0:
448,192,108319,1,0,0:0:0:0:
64,192,108377,1,0,0:0:0:0:
192,192,108377,1,0,0:0:0:0:
320,192,108434,1,0,0:0:0:0:
448,192,108492,1,0,0:0:0:0:
192,192,108550,1,0,0:0:0:0:
320,192,108607,1,0,0:0:0:0:
64,192,108665,1,0,0:0:0:0:
192,192,108723,1,0,0:0:0:0:
448,192,108723,1,0,0:0:0:0:
320,192,108781,1,0,0:0:0:0:
64,192,108838,1,0,0:0:0:0:
192,192,108896,1,0,0:0:0:0:
320,192,108954,1,0,0:0:0:0:
448,192,108954,1,0,0:0:0:0:
64,192,109031,1,0,0:0:0:0:
448,192,109107,1,0,0:0:0:0:
64,192,109184,1,0,0:0:0:0:
448,192,109261,1,0,0:0:0:0:
64,192,109338,1,0,0:0:0:0:
320,192,109415,1,0,0:0:0:0:
448,192,109415,1,0,0:0:0:0:
192,192,109492,1,0,0:0:0:0:
320,192,109569,1,0,0:0:0:0:
192,192,109646,1,0,0:0:0:0:
320,192,109723,1,0,0:0:0:0:
192,192,109800,1,0,0:0:0:0:
320,192,109877,1,0,0:0:0:0:
448,192,109877,1,0,0:0:0:0:
64,192,109954,1,0,0:0:0:0:
320,192,110031,1,0,0:0:0:0:
64,192,110107,1,0,0:0:0:0:
320,192,110184,1,0,0:0:0:0:
64,192,110261,1,0,0:0:0:0:
64,192,110338,1,0,0:0:0:0:
192,192,110338,1,0,0:0:0:0:
320,192,110338,1,0,0:0:0:0:
448,192,110338,1,0,0:0:0:0:
64,192,110800,1,0,0:0:0:0:
192,192,110800,1,0,0:0:0:0:
320,192,110800,1,0,0:0:0:0:
448,192,110800,1,0,0:0:0:0:
