osu file format v14

[General]
AudioFilename: Aquaris.mp3
AudioLeadIn: 0
PreviewTime: 82022
Countdown: 0
SampleSet: Soft
StackLeniency: 0.7
Mode: 3
LetterboxInBreaks: 0
SpecialStyle: 0
WidescreenStoryboard: 0

[Editor]
DistanceSpacing: 0.8
BeatDivisor: 2
GridSize: 32
TimelineZoom: 2.2

[Metadata]
Title:Aquaris
TitleUnicode:Aquaris
Artist:CROOVE
ArtistUnicode:CROOVE
Creator:AirAqua
Version:Wanderer
Source:Ez2DJ 4th TraX -Over Mind- snoverpk
Tags:
BeatmapID:1887434
BeatmapSetID:904152

[Difficulty]
HPDrainRate:8.4
CircleSize:4
OverallDifficulty:9
ApproachRate:5
SliderMultiplier:1.4
SliderTickRate:1

[Events]
//Background and Video events
0,0,"Aquaris.jpg",0,0
//Break Periods
//Storyboard Layer 0 (Background)
//Storyboard Layer 1 (Fail)
//Storyboard Layer 2 (Pass)
//Storyboard Layer 3 (Foreground)
//Storyboard Sound Samples

[TimingPoints]
165,428.571429,4,2,0,15,1,0


[HitObjects]
448,192,379,5,0,0:0:0:0:
320,192,593,1,0,0:0:0:0:
64,192,807,1,0,0:0:0:0:
320,192,1022,1,0,0:0:0:0:
192,192,1236,1,0,0:0:0:0:
448,192,1450,1,0,0:0:0:0:
320,192,1665,1,0,0:0:0:0:
64,192,1879,1,0,0:0:0:0:
320,192,2093,1,0,0:0:0:0:
192,192,2307,1,0,0:0:0:0:
448,192,2522,1,0,0:0:0:0:
320,192,2736,1,0,0:0:0:0:
64,192,2950,1,0,0:0:0:0:
320,192,3165,1,0,0:0:0:0:
192,192,3379,1,0,0:0:0:0:
448,192,3593,1,0,0:0:0:0:
192,192,3807,1,0,0:0:0:0:
448,192,3807,1,0,0:0:0:0:
64,192,3915,1,0,0:0:0:0:
320,192,4022,1,0,0:0:0:0:
192,192,4129,1,0,0:0:0:0:
64,192,4236,1,0,0:0:0:0:
320,192,4343,1,0,0:0:0:0:
192,192,4450,1,0,0:0:0:0:
448,192,4557,1,0,0:0:0:0:
64,192,4665,1,0,0:0:0:0:
320,192,4665,1,0,0:0:0:0:
192,192,4879,1,0,0:0:0:0:
448,192,4879,1,0,0:0:0:0:
64,192,4986,1,0,0:0:0:0:
320,192,5093,1,0,0:0:0:0:
192,192,5200,1,0,0:0:0:0:
64,192,5307,1,0,0:0:0:0:
320,192,5415,1,0,0:0:0:0:
192,192,5522,1,0,0:0:0:0:
448,192,5629,1,0,0:0:0:0:
64,192,5736,1,0,0:0:0:0:
320,192,5736,1,0,0:0:0:0:
192,192,5950,1,0,0:0:0:0:
448,192,5950,1,0,0:0:0:0:
64,192,6057,1,0,0:0:0:0:
320,192,6165,1,0,0:0:0:0:
192,192,6272,1,0,0:0:0:0:
64,192,6379,1,0,0:0:0:0:
320,192,6486,1,0,0:0:0:0:
64,192,6593,1,0,0:0:0:0:
192,192,6593,1,0,0:0:0:0:
448,192,6700,1,0,0:0:0:0:
64,192,6807,1,0,0:0:0:0:
320,192,6807,1,0,0:0:0:0:
192,192,7022,1,0,0:0:0:0:
448,192,7022,1,0,0:0:0:0:
64,192,7129,1,0,0:0:0:0:
448,192,7236,1,0,0:0:0:0:
192,192,7343,1,0,0:0:0:0:
64,192,7450,1,0,0:0:0:0:
320,192,7557,1,0,0:0:0:0:
192,192,7665,1,0,0:0:0:0:
448,192,7772,1,0,0:0:0:0:
64,192,7879,1,0,0:0:0:0:
192,192,7879,1,0,0:0:0:0:
320,192,7879,1,0,0:0:0:0:
192,192,8093,1,0,0:0:0:0:
448,192,8093,1,0,0:0:0:0:
64,192,8200,1,0,0:0:0:0:
448,192,8307,1,0,0:0:0:0:
192,192,8415,1,0,0:0:0:0:
64,192,8522,1,0,0:0:0:0:
448,192,8522,1,0,0:0:0:0:
320,192,8629,1,0,0:0:0:0:
192,192,8736,1,0,0:0:0:0:
448,192,8843,1,0,0:0:0:0:
64,192,8950,1,0,0:0:0:0:
320,192,8950,1,0,0:0:0:0:
192,192,9165,1,0,0:0:0:0:
448,192,9165,1,0,0:0:0:0:
64,192,9272,1,0,0:0:0:0:
448,192,9379,1,0,0:0:0:0:
192,192,9486,1,0,0:0:0:0:
64,192,9593,1,0,0:0:0:0:
448,192,9593,1,0,0:0:0:0:
320,192,9700,1,0,0:0:0:0:
64,192,9807,1,0,0:0:0:0:
192,192,9807,1,0,0:0:0:0:
448,192,9915,1,0,0:0:0:0:
64,192,10022,1,0,0:0:0:0:
320,192,10022,1,0,0:0:0:0:
192,192,10236,1,0,0:0:0:0:
448,192,10236,1,0,0:0:0:0:
64,192,10343,1,0,0:0:0:0:
192,192,10557,1,0,0:0:0:0:
448,192,10665,1,0,0:0:0:0:
320,192,10772,1,0,0:0:0:0:
64,192,10879,1,0,0:0:0:0:
448,192,10986,1,0,0:0:0:0:
192,192,11093,1,0,0:0:0:0:
320,192,11093,1,0,0:0:0:0:
192,192,11307,1,0,0:0:0:0:
320,192,11307,1,0,0:0:0:0:
448,192,11307,1,0,0:0:0:0:
64,192,11415,1,0,0:0:0:0:
320,192,11522,1,0,0:0:0:0:
448,192,11522,1,0,0:0:0:0:
192,192,11629,1,0,0:0:0:0:
448,192,11736,1,0,0:0:0:0:
320,192,11843,1,0,0:0:0:0:
64,192,11950,1,0,0:0:0:0:
192,192,11950,1,0,0:0:0:0:
448,192,12057,1,0,0:0:0:0:
192,192,12165,1,0,0:0:0:0:
320,192,12165,1,0,0:0:0:0:
192,192,12379,1,0,0:0:0:0:
448,192,12379,1,0,0:0:0:0:
64,192,12486,1,0,0:0:0:0:
320,192,12593,1,0,0:0:0:0:
192,192,12700,1,0,0:0:0:0:
448,192,12807,1,0,0:0:0:0:
320,192,12915,1,0,0:0:0:0:
192,192,13022,1,0,0:0:0:0:
448,192,13129,1,0,0:0:0:0:
64,192,13236,1,0,0:0:0:0:
320,192,13236,1,0,0:0:0:0:
192,192,13450,1,0,0:0:0:0:
320,192,13450,1,0,0:0:0:0:
448,192,13450,1,0,0:0:0:0:
64,192,13557,1,0,0:0:0:0:
320,192,13665,1,0,0:0:0:0:
448,192,13665,1,0,0:0:0:0:
192,192,13772,1,0,0:0:0:0:
64,192,13879,1,0,0:0:0:0:
448,192,13879,1,0,0:0:0:0:
320,192,13986,1,0,0:0:0:0:
192,192,14093,1,0,0:0:0:0:
448,192,14200,1,0,0:0:0:0:
64,192,14307,1,0,0:0:0:0:
192,192,14307,1,0,0:0:0:0:
320,192,14307,1,0,0:0:0:0:
192,192,14522,1,0,0:0:0:0:
320,192,14522,1,0,0:0:0:0:
448,192,14522,1,0,0:0:0:0:
64,192,14629,1,0,0:0:0:0:
320,192,14736,1,0,0:0:0:0:
192,192,14843,1,0,0:0:0:0:
448,192,14950,1,0,0:0:0:0:
320,192,15057,1,0,0:0:0:0:
64,192,15165,1,0,0:0:0:0:
192,192,15165,1,0,0:0:0:0:
448,192,15272,1,0,0:0:0:0:
64,192,15379,1,0,0:0:0:0:
192,192,15379,1,0,0:0:0:0:
320,192,15379,1,0,0:0:0:0:
192,192,15593,1,0,0:0:0:0:
448,192,15593,1,0,0:0:0:0:
64,192,15700,1,0,0:0:0:0:
320,192,15807,1,0,0:0:0:0:
448,192,15807,1,0,0:0:0:0:
192,192,15915,1,0,0:0:0:0:
448,192,16022,1,0,0:0:0:0:
320,192,16129,1,0,0:0:0:0:
192,192,16236,1,0,0:0:0:0:
448,192,16343,1,0,0:0:0:0:
64,192,16450,1,0,0:0:0:0:
320,192,16450,1,0,0:0:0:0:
192,192,16665,1,0,0:0:0:0:
448,192,16665,1,0,0:0:0:0:
64,192,16772,1,0,0:0:0:0:
320,192,16879,1,0,0:0:0:0:
448,192,16879,1,0,0:0:0:0:
192,192,16986,1,0,0:0:0:0:
64,192,17093,1,0,0:0:0:0:
448,192,17093,1,0,0:0:0:0:
320,192,17200,1,0,0:0:0:0:
448,192,17415,1,0,0:0:0:0:
64,192,17522,1,0,0:0:0:0:
192,192,17522,1,0,0:0:0:0:
320,192,17522,1,0,0:0:0:0:
192,192,17736,1,0,0:0:0:0:
448,192,17736,1,0,0:0:0:0:
64,192,17843,1,0,0:0:0:0:
320,192,17950,1,0,0:0:0:0:
192,192,18057,1,0,0:0:0:0:
320,192,18165,1,0,0:0:0:0:
448,192,18165,1,0,0:0:0:0:
192,192,18272,1,0,0:0:0:0:
64,192,18379,1,0,0:0:0:0:
320,192,18486,1,0,0:0:0:0:
64,192,18593,1,0,0:0:0:0:
448,192,18593,1,0,0:0:0:0:
64,192,18700,1,0,0:0:0:0:
320,192,18807,1,0,0:0:0:0:
448,192,18807,1,0,0:0:0:0:
448,192,18915,1,0,0:0:0:0:
64,192,19022,1,0,0:0:0:0:
192,192,19022,1,0,0:0:0:0:
64,192,19129,1,0,0:0:0:0:
320,192,19129,1,0,0:0:0:0:
320,192,19236,1,0,0:0:0:0:
448,192,19236,1,0,0:0:0:0:
192,192,19343,1,0,0:0:0:0:
448,192,19343,1,0,0:0:0:0:
64,192,19450,1,0,0:0:0:0:
192,192,19450,1,0,0:0:0:0:
64,192,19557,1,0,0:0:0:0:
448,192,19557,1,0,0:0:0:0:
320,192,19665,1,0,0:0:0:0:
448,192,19665,1,0,0:0:0:0:
192,192,19772,1,0,0:0:0:0:
320,192,19772,1,0,0:0:0:0:
64,192,19879,1,0,0:0:0:0:
192,192,19879,1,0,0:0:0:0:
448,192,19879,1,0,0:0:0:0:
320,192,19986,1,0,0:0:0:0:
448,192,19986,1,0,0:0:0:0:
192,192,20093,1,0,0:0:0:0:
320,192,20093,1,0,0:0:0:0:
64,192,20200,1,0,0:0:0:0:
192,192,20200,1,0,0:0:0:0:
64,192,20307,1,0,0:0:0:0:
320,192,20307,1,0,0:0:0:0:
448,192,20307,1,0,0:0:0:0:
192,192,20415,1,0,0:0:0:0:
448,192,20415,1,0,0:0:0:0:
64,192,20522,1,0,0:0:0:0:
320,192,20522,1,0,0:0:0:0:
448,192,20522,1,0,0:0:0:0:
192,192,20629,1,0,0:0:0:0:
320,192,20629,1,0,0:0:0:0:
64,192,20736,1,0,0:0:0:0:
192,192,20736,1,0,0:0:0:0:
448,192,20736,1,0,0:0:0:0:
320,192,20843,1,0,0:0:0:0:
448,192,20843,1,0,0:0:0:0:
64,192,20950,1,0,0:0:0:0:
320,192,20950,1,0,0:0:0:0:
192,192,21057,1,0,0:0:0:0:
64,192,21165,1,0,0:0:0:0:
320,192,21165,1,0,0:0:0:0:
448,192,21165,1,0,0:0:0:0:
192,192,21272,1,0,0:0:0:0:
320,192,21272,1,0,0:0:0:0:
192,192,21379,1,0,0:0:0:0:
448,192,21379,1,0,0:0:0:0:
320,192,21486,1,0,0:0:0:0:
64,192,21593,1,0,0:0:0:0:
192,192,21593,1,0,0:0:0:0:
448,192,21593,1,0,0:0:0:0:
64,192,21700,1,0,0:0:0:0:
320,192,21700,1,0,0:0:0:0:
192,192,21807,1,0,0:0:0:0:
320,192,21807,1,0,0:0:0:0:
448,192,21915,1,0,0:0:0:0:
64,192,22022,1,0,0:0:0:0:
192,192,22022,1,0,0:0:0:0:
320,192,22022,1,0,0:0:0:0:
320,192,22129,1,0,0:0:0:0:
448,192,22129,1,0,0:0:0:0:
64,192,22236,1,0,0:0:0:0:
448,192,22236,1,0,0:0:0:0:
192,192,22343,1,0,0:0:0:0:
64,192,22450,1,0,0:0:0:0:
320,192,22450,1,0,0:0:0:0:
448,192,22450,1,0,0:0:0:0:
192,192,22557,1,0,0:0:0:0:
448,192,22557,1,0,0:0:0:0:
64,192,22665,1,0,0:0:0:0:
192,192,22665,1,0,0:0:0:0:
320,192,22772,1,0,0:0:0:0:
64,192,22879,1,0,0:0:0:0:
192,192,22879,1,0,0:0:0:0:
448,192,22879,1,0,0:0:0:0:
64,192,22986,1,0,0:0:0:0:
320,192,22986,1,0,0:0:0:0:
192,192,23093,1,0,0:0:0:0:
320,192,23093,1,0,0:0:0:0:
448,192,23200,1,0,0:0:0:0:
64,192,23307,1,0,0:0:0:0:
192,192,23307,1,0,0:0:0:0:
320,192,23307,1,0,0:0:0:0:
192,192,23415,1,0,0:0:0:0:
448,192,23415,1,0,0:0:0:0:
320,192,23522,1,0,0:0:0:0:
448,192,23522,1,0,0:0:0:0:
64,192,23629,1,0,0:0:0:0:
192,192,23736,1,0,0:0:0:0:
320,192,23736,1,0,0:0:0:0:
448,192,23736,1,0,0:0:0:0:
64,192,23843,1,0,0:0:0:0:
192,192,23843,1,0,0:0:0:0:
64,192,23950,1,0,0:0:0:0:
320,192,23950,1,0,0:0:0:0:
320,192,24057,1,0,0:0:0:0:
448,192,24057,1,0,0:0:0:0:
64,192,24165,1,0,0:0:0:0:
192,192,24165,1,0,0:0:0:0:
320,192,24165,1,0,0:0:0:0:
64,192,24272,1,0,0:0:0:0:
448,192,24272,1,0,0:0:0:0:
192,192,24379,1,0,0:0:0:0:
448,192,24379,1,0,0:0:0:0:
320,192,24486,1,0,0:0:0:0:
64,192,24593,1,0,0:0:0:0:
192,192,24593,1,0,0:0:0:0:
448,192,24593,1,0,0:0:0:0:
64,192,24700,1,0,0:0:0:0:
320,192,24700,1,0,0:0:0:0:
192,192,24807,1,0,0:0:0:0:
320,192,24807,1,0,0:0:0:0:
448,192,24915,1,0,0:0:0:0:
64,192,25022,1,0,0:0:0:0:
192,192,25022,1,0,0:0:0:0:
320,192,25022,1,0,0:0:0:0:
320,192,25129,1,0,0:0:0:0:
448,192,25129,1,0,0:0:0:0:
64,192,25236,1,0,0:0:0:0:
448,192,25236,1,0,0:0:0:0:
192,192,25343,1,0,0:0:0:0:
64,192,25450,1,0,0:0:0:0:
320,192,25450,1,0,0:0:0:0:
448,192,25450,1,0,0:0:0:0:
192,192,25557,1,0,0:0:0:0:
320,192,25557,1,0,0:0:0:0:
192,192,25665,1,0,0:0:0:0:
448,192,25665,1,0,0:0:0:0:
320,192,25772,1,0,0:0:0:0:
64,192,25879,1,0,0:0:0:0:
192,192,25879,1,0,0:0:0:0:
448,192,25879,1,0,0:0:0:0:
192,192,25986,1,0,0:0:0:0:
320,192,25986,1,0,0:0:0:0:
64,192,26093,1,0,0:0:0:0:
320,192,26093,1,0,0:0:0:0:
448,192,26200,1,0,0:0:0:0:
64,192,26307,1,0,0:0:0:0:
192,192,26307,1,0,0:0:0:0:
320,192,26307,1,0,0:0:0:0:
192,192,26415,1,0,0:0:0:0:
448,192,26415,1,0,0:0:0:0:
320,192,26522,1,0,0:0:0:0:
448,192,26522,1,0,0:0:0:0:
64,192,26629,1,0,0:0:0:0:
192,192,26629,1,0,0:0:0:0:
64,192,26736,1,0,0:0:0:0:
320,192,26736,1,0,0:0:0:0:
448,192,26736,1,0,0:0:0:0:
192,192,26843,1,0,0:0:0:0:
320,192,26843,1,0,0:0:0:0:
64,192,26950,1,0,0:0:0:0:
192,192,26950,1,0,0:0:0:0:
448,192,26950,1,0,0:0:0:0:
320,192,27057,1,0,0:0:0:0:
64,192,27165,1,0,0:0:0:0:
192,192,27165,1,0,0:0:0:0:
448,192,27165,1,0,0:0:0:0:
320,192,27272,1,0,0:0:0:0:
448,192,27272,1,0,0:0:0:0:
64,192,27379,1,0,0:0:0:0:
192,192,27379,1,0,0:0:0:0:
320,192,27379,1,0,0:0:0:0:
64,192,27486,1,0,0:0:0:0:
192,192,27486,1,0,0:0:0:0:
320,192,27486,1,0,0:0:0:0:
64,192,27593,1,0,0:0:0:0:
192,192,27593,1,0,0:0:0:0:
448,192,27593,1,0,0:0:0:0:
320,192,27700,1,0,0:0:0:0:
448,192,27700,1,0,0:0:0:0:
192,192,27807,1,0,0:0:0:0:
320,192,27807,1,0,0:0:0:0:
64,192,27915,1,0,0:0:0:0:
192,192,28022,1,0,0:0:0:0:
320,192,28022,1,0,0:0:0:0:
448,192,28022,1,0,0:0:0:0:
64,192,28129,1,0,0:0:0:0:
192,192,28129,1,0,0:0:0:0:
64,192,28236,1,0,0:0:0:0:
448,192,28236,1,0,0:0:0:0:
320,192,28343,1,0,0:0:0:0:
64,192,28450,1,0,0:0:0:0:
192,192,28450,1,0,0:0:0:0:
448,192,28450,1,0,0:0:0:0:
192,192,28557,1,0,0:0:0:0:
320,192,28557,1,0,0:0:0:0:
320,192,28665,1,0,0:0:0:0:
448,192,28665,1,0,0:0:0:0:
64,192,28772,1,0,0:0:0:0:
192,192,28879,1,0,0:0:0:0:
320,192,28879,1,0,0:0:0:0:
448,192,28879,1,0,0:0:0:0:
64,192,28986,1,0,0:0:0:0:
192,192,28986,1,0,0:0:0:0:
64,192,29093,1,0,0:0:0:0:
320,192,29093,1,0,0:0:0:0:
448,192,29200,1,0,0:0:0:0:
64,192,29307,1,0,0:0:0:0:
192,192,29307,1,0,0:0:0:0:
320,192,29307,1,0,0:0:0:0:
192,192,29415,1,0,0:0:0:0:
448,192,29415,1,0,0:0:0:0:
320,192,29522,1,0,0:0:0:0:
448,192,29522,1,0,0:0:0:0:
64,192,29629,1,0,0:0:0:0:
192,192,29736,1,0,0:0:0:0:
320,192,29736,1,0,0:0:0:0:
448,192,29736,1,0,0:0:0:0:
64,192,29843,1,0,0:0:0:0:
320,192,29843,1,0,0:0:0:0:
64,192,29950,1,0,0:0:0:0:
448,192,29950,1,0,0:0:0:0:
192,192,30057,1,0,0:0:0:0:
64,192,30165,1,0,0:0:0:0:
320,192,30165,1,0,0:0:0:0:
448,192,30165,1,0,0:0:0:0:
192,192,30272,1,0,0:0:0:0:
320,192,30272,1,0,0:0:0:0:
192,192,30379,1,0,0:0:0:0:
448,192,30379,1,0,0:0:0:0:
64,192,30486,1,0,0:0:0:0:
192,192,30593,1,0,0:0:0:0:
320,192,30593,1,0,0:0:0:0:
448,192,30593,1,0,0:0:0:0:
64,192,30700,1,0,0:0:0:0:
448,192,30700,1,0,0:0:0:0:
64,192,30807,1,0,0:0:0:0:
192,192,30807,1,0,0:0:0:0:
320,192,30915,1,0,0:0:0:0:
448,192,30915,1,0,0:0:0:0:
64,192,31022,1,0,0:0:0:0:
192,192,31022,1,0,0:0:0:0:
448,192,31022,1,0,0:0:0:0:
64,192,31129,1,0,0:0:0:0:
320,192,31129,1,0,0:0:0:0:
192,192,31236,1,0,0:0:0:0:
320,192,31236,1,0,0:0:0:0:
448,192,31343,1,0,0:0:0:0:
64,192,31450,1,0,0:0:0:0:
192,192,31450,1,0,0:0:0:0:
320,192,31450,1,0,0:0:0:0:
64,192,31557,1,0,0:0:0:0:
448,192,31557,1,0,0:0:0:0:
320,192,31665,1,0,0:0:0:0:
448,192,31665,1,0,0:0:0:0:
192,192,31772,1,0,0:0:0:0:
64,192,31879,1,0,0:0:0:0:
320,192,31879,1,0,0:0:0:0:
448,192,31879,1,0,0:0:0:0:
192,192,31986,1,0,0:0:0:0:
320,192,31986,1,0,0:0:0:0:
64,192,32093,1,0,0:0:0:0:
192,192,32093,1,0,0:0:0:0:
448,192,32200,1,0,0:0:0:0:
64,192,32307,1,0,0:0:0:0:
192,192,32307,1,0,0:0:0:0:
320,192,32307,1,0,0:0:0:0:
192,192,32415,1,0,0:0:0:0:
448,192,32415,1,0,0:0:0:0:
320,192,32522,1,0,0:0:0:0:
448,192,32522,1,0,0:0:0:0:
192,192,32629,1,0,0:0:0:0:
64,192,32736,1,0,0:0:0:0:
320,192,32736,1,0,0:0:0:0:
448,192,32736,1,0,0:0:0:0:
64,192,32843,1,0,0:0:0:0:
192,192,32843,1,0,0:0:0:0:
448,192,32843,1,0,0:0:0:0:
320,192,32950,1,0,0:0:0:0:
192,192,33057,1,0,0:0:0:0:
64,192,33165,1,0,0:0:0:0:
320,192,33165,1,0,0:0:0:0:
448,192,33165,1,0,0:0:0:0:
192,192,33272,1,0,0:0:0:0:
320,192,33272,1,0,0:0:0:0:
192,192,33379,1,0,0:0:0:0:
448,192,33379,1,0,0:0:0:0:
64,192,33486,1,0,0:0:0:0:
320,192,33486,1,0,0:0:0:0:
64,192,33593,1,0,0:0:0:0:
192,192,33593,1,0,0:0:0:0:
448,192,33593,1,0,0:0:0:0:
64,192,33700,1,0,0:0:0:0:
320,192,33700,1,0,0:0:0:0:
320,192,33807,1,0,0:0:0:0:
448,192,33807,1,0,0:0:0:0:
192,192,33915,1,0,0:0:0:0:
448,192,33915,1,0,0:0:0:0:
64,192,34022,1,0,0:0:0:0:
320,192,34022,1,0,0:0:0:0:
448,192,34022,1,0,0:0:0:0:
64,192,34129,1,0,0:0:0:0:
192,192,34129,1,0,0:0:0:0:
192,192,34236,1,0,0:0:0:0:
320,192,34236,1,0,0:0:0:0:
320,192,34343,1,0,0:0:0:0:
448,192,34343,1,0,0:0:0:0:
64,192,34450,1,0,0:0:0:0:
192,192,34450,1,0,0:0:0:0:
448,192,34450,1,0,0:0:0:0:
320,192,34557,1,0,0:0:0:0:
64,192,34665,1,0,0:0:0:0:
320,192,34772,1,0,0:0:0:0:
64,192,34879,1,0,0:0:0:0:
192,192,34879,1,0,0:0:0:0:
448,192,34879,1,0,0:0:0:0:
320,192,34986,1,0,0:0:0:0:
64,192,35093,1,0,0:0:0:0:
192,192,35200,1,0,0:0:0:0:
64,192,35307,1,0,0:0:0:0:
320,192,35307,1,0,0:0:0:0:
448,192,35307,1,0,0:0:0:0:
320,192,35415,1,0,0:0:0:0:
64,192,35522,1,0,0:0:0:0:
192,192,35522,1,0,0:0:0:0:
192,192,35629,1,0,0:0:0:0:
64,192,35736,1,0,0:0:0:0:
320,192,35736,1,0,0:0:0:0:
448,192,35736,1,0,0:0:0:0:
192,192,35843,1,0,0:0:0:0:
320,192,35950,1,0,0:0:0:0:
448,192,35950,1,0,0:0:0:0:
320,192,36057,1,0,0:0:0:0:
64,192,36165,1,0,0:0:0:0:
192,192,36165,1,0,0:0:0:0:
448,192,36165,1,0,0:0:0:0:
320,192,36272,1,0,0:0:0:0:
64,192,36379,1,0,0:0:0:0:
192,192,36486,1,0,0:0:0:0:
64,192,36593,1,0,0:0:0:0:
320,192,36593,1,0,0:0:0:0:
448,192,36593,1,0,0:0:0:0:
192,192,36700,1,0,0:0:0:0:
320,192,36807,1,0,0:0:0:0:
448,192,36915,1,0,0:0:0:0:
64,192,37022,1,0,0:0:0:0:
192,192,37022,1,0,0:0:0:0:
320,192,37022,1,0,0:0:0:0:
192,192,37129,1,0,0:0:0:0:
320,192,37236,1,0,0:0:0:0:
448,192,37236,1,0,0:0:0:0:
320,192,37343,1,0,0:0:0:0:
64,192,37450,1,0,0:0:0:0:
192,192,37450,1,0,0:0:0:0:
448,192,37450,1,0,0:0:0:0:
320,192,37557,1,0,0:0:0:0:
64,192,37665,1,0,0:0:0:0:
192,192,37665,1,0,0:0:0:0:
64,192,37772,1,0,0:0:0:0:
448,192,37772,1,0,0:0:0:0:
192,192,37879,1,0,0:0:0:0:
320,192,37879,1,0,0:0:0:0:
448,192,37879,1,0,0:0:0:0:
64,192,37986,1,0,0:0:0:0:
320,192,38093,1,0,0:0:0:0:
448,192,38093,1,0,0:0:0:0:
320,192,38200,1,0,0:0:0:0:
64,192,38307,1,0,0:0:0:0:
192,192,38307,1,0,0:0:0:0:
448,192,38307,1,0,0:0:0:0:
320,192,38415,1,0,0:0:0:0:
192,192,38522,1,0,0:0:0:0:
448,192,38522,1,0,0:0:0:0:
192,192,38629,1,0,0:0:0:0:
64,192,38736,1,0,0:0:0:0:
320,192,38736,1,0,0:0:0:0:
448,192,38736,1,0,0:0:0:0:
192,192,38843,1,0,0:0:0:0:
64,192,38950,1,0,0:0:0:0:
448,192,38950,1,0,0:0:0:0:
448,192,39057,1,0,0:0:0:0:
64,192,39165,1,0,0:0:0:0:
192,192,39165,1,0,0:0:0:0:
320,192,39165,1,0,0:0:0:0:
448,192,39272,1,0,0:0:0:0:
192,192,39379,1,0,0:0:0:0:
320,192,39379,1,0,0:0:0:0:
192,192,39486,1,0,0:0:0:0:
448,192,39486,1,0,0:0:0:0:
64,192,39593,1,0,0:0:0:0:
320,192,39593,1,0,0:0:0:0:
448,192,39593,1,0,0:0:0:0:
192,192,39700,1,0,0:0:0:0:
320,192,39807,1,0,0:0:0:0:
448,192,39915,1,0,0:0:0:0:
64,192,40022,1,0,0:0:0:0:
192,192,40022,1,0,0:0:0:0:
320,192,40022,1,0,0:0:0:0:
448,192,40129,1,0,0:0:0:0:
192,192,40236,1,0,0:0:0:0:
64,192,40343,1,0,0:0:0:0:
320,192,40343,1,0,0:0:0:0:
64,192,40450,1,0,0:0:0:0:
192,192,40450,1,0,0:0:0:0:
448,192,40450,1,0,0:0:0:0:
320,192,40557,1,0,0:0:0:0:
64,192,40665,1,0,0:0:0:0:
448,192,40772,1,0,0:0:0:0:
64,192,40879,1,0,0:0:0:0:
192,192,40879,1,0,0:0:0:0:
320,192,40879,1,0,0:0:0:0:
192,192,40986,1,0,0:0:0:0:
320,192,41093,1,0,0:0:0:0:
448,192,41093,1,0,0:0:0:0:
320,192,41200,1,0,0:0:0:0:
448,192,41200,1,0,0:0:0:0:
64,192,41307,1,0,0:0:0:0:
192,192,41307,1,0,0:0:0:0:
448,192,41307,1,0,0:0:0:0:
64,192,41415,1,0,0:0:0:0:
320,192,41522,1,0,0:0:0:0:
192,192,41629,1,0,0:0:0:0:
64,192,41736,1,0,0:0:0:0:
320,192,41736,1,0,0:0:0:0:
448,192,41736,1,0,0:0:0:0:
448,192,41843,1,0,0:0:0:0:
64,192,41950,1,0,0:0:0:0:
192,192,41950,1,0,0:0:0:0:
192,192,42057,1,0,0:0:0:0:
64,192,42165,1,0,0:0:0:0:
320,192,42165,1,0,0:0:0:0:
448,192,42165,1,0,0:0:0:0:
192,192,42272,1,0,0:0:0:0:
448,192,42272,1,0,0:0:0:0:
320,192,42379,1,0,0:0:0:0:
192,192,42486,1,0,0:0:0:0:
64,192,42593,1,0,0:0:0:0:
320,192,42593,1,0,0:0:0:0:
448,192,42593,1,0,0:0:0:0:
320,192,42700,1,0,0:0:0:0:
64,192,42807,1,0,0:0:0:0:
192,192,42807,1,0,0:0:0:0:
192,192,42915,1,0,0:0:0:0:
64,192,43022,1,0,0:0:0:0:
320,192,43022,1,0,0:0:0:0:
448,192,43022,1,0,0:0:0:0:
192,192,43129,1,0,0:0:0:0:
320,192,43236,1,0,0:0:0:0:
448,192,43343,1,0,0:0:0:0:
64,192,43450,1,0,0:0:0:0:
192,192,43450,1,0,0:0:0:0:
320,192,43450,1,0,0:0:0:0:
64,192,43557,1,0,0:0:0:0:
320,192,43665,1,0,0:0:0:0:
448,192,43665,1,0,0:0:0:0:
448,192,43772,1,0,0:0:0:0:
64,192,43879,1,0,0:0:0:0:
192,192,43879,1,0,0:0:0:0:
320,192,43879,1,0,0:0:0:0:
64,192,43986,1,0,0:0:0:0:
448,192,43986,1,0,0:0:0:0:
192,192,44093,1,0,0:0:0:0:
320,192,44200,1,0,0:0:0:0:
64,192,44307,1,0,0:0:0:0:
192,192,44307,1,0,0:0:0:0:
448,192,44307,1,0,0:0:0:0:
64,192,44415,1,0,0:0:0:0:
192,192,44522,1,0,0:0:0:0:
448,192,44522,1,0,0:0:0:0:
320,192,44629,1,0,0:0:0:0:
448,192,44629,1,0,0:0:0:0:
64,192,44736,1,0,0:0:0:0:
192,192,44736,1,0,0:0:0:0:
320,192,44736,1,0,0:0:0:0:
448,192,44843,1,0,0:0:0:0:
64,192,44950,1,0,0:0:0:0:
192,192,44950,1,0,0:0:0:0:
192,192,45057,1,0,0:0:0:0:
64,192,45165,1,0,0:0:0:0:
320,192,45165,1,0,0:0:0:0:
448,192,45165,1,0,0:0:0:0:
192,192,45272,1,0,0:0:0:0:
320,192,45379,1,0,0:0:0:0:
448,192,45486,1,0,0:0:0:0:
64,192,45593,1,0,0:0:0:0:
192,192,45593,1,0,0:0:0:0:
320,192,45593,1,0,0:0:0:0:
320,192,45700,1,0,0:0:0:0:
448,192,45700,1,0,0:0:0:0:
192,192,45807,1,0,0:0:0:0:
320,192,45915,1,0,0:0:0:0:
64,192,46022,1,0,0:0:0:0:
192,192,46022,1,0,0:0:0:0:
448,192,46022,1,0,0:0:0:0:
320,192,46129,1,0,0:0:0:0:
64,192,46236,1,0,0:0:0:0:
192,192,46343,1,0,0:0:0:0:
320,192,46343,1,0,0:0:0:0:
64,192,46450,1,0,0:0:0:0:
320,192,46450,1,0,0:0:0:0:
448,192,46450,1,0,0:0:0:0:
192,192,46557,1,0,0:0:0:0:
320,192,46557,1,0,0:0:0:0:
448,192,46665,1,0,0:0:0:0:
192,192,46772,1,0,0:0:0:0:
64,192,46879,1,0,0:0:0:0:
320,192,46879,1,0,0:0:0:0:
448,192,46879,1,0,0:0:0:0:
192,192,46986,1,0,0:0:0:0:
320,192,47093,1,0,0:0:0:0:
64,192,47200,1,0,0:0:0:0:
192,192,47200,1,0,0:0:0:0:
64,192,47307,1,0,0:0:0:0:
320,192,47307,1,0,0:0:0:0:
448,192,47307,1,0,0:0:0:0:
320,192,47415,1,0,0:0:0:0:
192,192,47522,1,0,0:0:0:0:
448,192,47522,1,0,0:0:0:0:
192,192,47629,1,0,0:0:0:0:
64,192,47736,1,0,0:0:0:0:
320,192,47736,1,0,0:0:0:0:
448,192,47736,1,0,0:0:0:0:
320,192,47843,1,0,0:0:0:0:
64,192,47950,1,0,0:0:0:0:
192,192,47950,1,0,0:0:0:0:
448,192,47950,1,0,0:0:0:0:
64,192,48057,1,0,0:0:0:0:
192,192,48057,1,0,0:0:0:0:
448,192,48057,1,0,0:0:0:0:
64,192,48165,1,0,0:0:0:0:
320,192,48165,1,0,0:0:0:0:
448,192,48165,1,0,0:0:0:0:
192,192,48272,1,0,0:0:0:0:
320,192,48379,1,0,0:0:0:0:
448,192,48379,1,0,0:0:0:0:
64,192,48486,1,0,0:0:0:0:
192,192,48593,1,0,0:0:0:0:
320,192,48593,1,0,0:0:0:0:
448,192,48593,1,0,0:0:0:0:
192,192,48700,1,0,0:0:0:0:
64,192,48807,1,0,0:0:0:0:
448,192,48807,1,0,0:0:0:0:
320,192,48915,1,0,0:0:0:0:
64,192,49022,1,0,0:0:0:0:
192,192,49022,1,0,0:0:0:0:
448,192,49022,1,0,0:0:0:0:
448,192,49129,1,0,0:0:0:0:
64,192,49236,1,0,0:0:0:0:
192,192,49236,1,0,0:0:0:0:
192,192,49343,1,0,0:0:0:0:
64,192,49450,1,0,0:0:0:0:
320,192,49450,1,0,0:0:0:0:
448,192,49450,1,0,0:0:0:0:
192,192,49557,1,0,0:0:0:0:
320,192,49665,1,0,0:0:0:0:
448,192,49665,1,0,0:0:0:0:
320,192,49772,1,0,0:0:0:0:
64,192,49879,1,0,0:0:0:0:
192,192,49879,1,0,0:0:0:0:
448,192,49879,1,0,0:0:0:0:
320,192,49986,1,0,0:0:0:0:
64,192,50093,1,0,0:0:0:0:
192,192,50093,1,0,0:0:0:0:
192,192,50200,1,0,0:0:0:0:
64,192,50307,1,0,0:0:0:0:
320,192,50307,1,0,0:0:0:0:
448,192,50307,1,0,0:0:0:0:
192,192,50415,1,0,0:0:0:0:
320,192,50522,1,0,0:0:0:0:
448,192,50522,1,0,0:0:0:0:
448,192,50629,1,0,0:0:0:0:
64,192,50736,1,0,0:0:0:0:
192,192,50736,1,0,0:0:0:0:
320,192,50736,1,0,0:0:0:0:
448,192,50843,1,0,0:0:0:0:
64,192,50950,1,0,0:0:0:0:
192,192,50950,1,0,0:0:0:0:
64,192,51057,1,0,0:0:0:0:
192,192,51165,1,0,0:0:0:0:
320,192,51165,1,0,0:0:0:0:
448,192,51165,1,0,0:0:0:0:
64,192,51272,1,0,0:0:0:0:
192,192,51379,1,0,0:0:0:0:
320,192,51379,1,0,0:0:0:0:
320,192,51486,1,0,0:0:0:0:
448,192,51486,1,0,0:0:0:0:
64,192,51593,1,0,0:0:0:0:
192,192,51593,1,0,0:0:0:0:
448,192,51593,1,0,0:0:0:0:
320,192,51700,1,0,0:0:0:0:
64,192,51807,1,0,0:0:0:0:
448,192,51807,1,0,0:0:0:0:
64,192,51915,1,0,0:0:0:0:
192,192,52022,1,0,0:0:0:0:
320,192,52022,1,0,0:0:0:0:
448,192,52022,1,0,0:0:0:0:
64,192,52129,1,0,0:0:0:0:
320,192,52236,1,0,0:0:0:0:
448,192,52236,1,0,0:0:0:0:
320,192,52343,1,0,0:0:0:0:
64,192,52450,1,0,0:0:0:0:
192,192,52450,1,0,0:0:0:0:
448,192,52450,1,0,0:0:0:0:
320,192,52557,1,0,0:0:0:0:
64,192,52665,1,0,0:0:0:0:
192,192,52665,1,0,0:0:0:0:
192,192,52772,1,0,0:0:0:0:
64,192,52879,1,0,0:0:0:0:
320,192,52879,1,0,0:0:0:0:
448,192,52879,1,0,0:0:0:0:
192,192,52986,1,0,0:0:0:0:
64,192,53093,1,0,0:0:0:0:
448,192,53093,1,0,0:0:0:0:
320,192,53200,1,0,0:0:0:0:
448,192,53200,1,0,0:0:0:0:
64,192,53307,1,0,0:0:0:0:
192,192,53307,1,0,0:0:0:0:
320,192,53307,1,0,0:0:0:0:
448,192,53415,1,0,0:0:0:0:
64,192,53522,1,0,0:0:0:0:
192,192,53522,1,0,0:0:0:0:
192,192,53629,1,0,0:0:0:0:
320,192,53629,1,0,0:0:0:0:
64,192,53736,1,0,0:0:0:0:
320,192,53736,1,0,0:0:0:0:
448,192,53736,1,0,0:0:0:0:
192,192,53843,1,0,0:0:0:0:
320,192,53950,1,0,0:0:0:0:
448,192,53950,1,0,0:0:0:0:
64,192,54057,1,0,0:0:0:0:
192,192,54165,1,0,0:0:0:0:
320,192,54165,1,0,0:0:0:0:
448,192,54165,1,0,0:0:0:0:
64,192,54272,1,0,0:0:0:0:
192,192,54379,1,0,0:0:0:0:
448,192,54379,1,0,0:0:0:0:
320,192,54486,1,0,0:0:0:0:
64,192,54593,1,0,0:0:0:0:
192,192,54593,1,0,0:0:0:0:
448,192,54593,1,0,0:0:0:0:
320,192,54700,1,0,0:0:0:0:
64,192,54807,1,0,0:0:0:0:
192,192,54807,1,0,0:0:0:0:
64,192,54915,1,0,0:0:0:0:
320,192,54915,1,0,0:0:0:0:
64,192,55022,1,0,0:0:0:0:
192,192,55022,1,0,0:0:0:0:
448,192,55022,1,0,0:0:0:0:
448,192,55129,1,0,0:0:0:0:
64,192,55236,1,0,0:0:0:0:
192,192,55236,1,0,0:0:0:0:
320,192,55343,1,0,0:0:0:0:
64,192,55450,1,0,0:0:0:0:
192,192,55450,1,0,0:0:0:0:
448,192,55450,1,0,0:0:0:0:
192,192,55557,1,0,0:0:0:0:
320,192,55665,1,0,0:0:0:0:
448,192,55665,1,0,0:0:0:0:
320,192,55772,1,0,0:0:0:0:
64,192,55879,1,0,0:0:0:0:
192,192,55879,1,0,0:0:0:0:
448,192,55879,1,0,0:0:0:0:
320,192,55986,1,0,0:0:0:0:
448,192,55986,1,0,0:0:0:0:
64,192,56093,1,0,0:0:0:0:
192,192,56093,1,0,0:0:0:0:
64,192,56200,1,0,0:0:0:0:
192,192,56307,1,0,0:0:0:0:
320,192,56307,1,0,0:0:0:0:
448,192,56307,1,0,0:0:0:0:
64,192,56415,1,0,0:0:0:0:
320,192,56522,1,0,0:0:0:0:
448,192,56522,1,0,0:0:0:0:
448,192,56629,1,0,0:0:0:0:
64,192,56736,1,0,0:0:0:0:
192,192,56736,1,0,0:0:0:0:
320,192,56736,1,0,0:0:0:0:
448,192,56843,1,0,0:0:0:0:
192,192,56950,1,0,0:0:0:0:
320,192,56950,1,0,0:0:0:0:
192,192,57057,1,0,0:0:0:0:
64,192,57165,1,0,0:0:0:0:
320,192,57165,1,0,0:0:0:0:
448,192,57165,1,0,0:0:0:0:
192,192,57272,1,0,0:0:0:0:
64,192,57379,1,0,0:0:0:0:
448,192,57379,1,0,0:0:0:0:
448,192,57486,1,0,0:0:0:0:
64,192,57593,1,0,0:0:0:0:
192,192,57593,1,0,0:0:0:0:
320,192,57593,1,0,0:0:0:0:
320,192,57700,1,0,0:0:0:0:
448,192,57700,1,0,0:0:0:0:
64,192,57807,1,0,0:0:0:0:
192,192,57807,1,0,0:0:0:0:
192,192,57915,1,0,0:0:0:0:
64,192,58022,1,0,0:0:0:0:
320,192,58022,1,0,0:0:0:0:
448,192,58022,1,0,0:0:0:0:
320,192,58129,1,0,0:0:0:0:
192,192,58236,1,0,0:0:0:0:
448,192,58236,1,0,0:0:0:0:
448,192,58343,1,0,0:0:0:0:
64,192,58450,1,0,0:0:0:0:
192,192,58450,1,0,0:0:0:0:
320,192,58450,1,0,0:0:0:0:
448,192,58557,1,0,0:0:0:0:
64,192,58665,1,0,0:0:0:0:
192,192,58665,1,0,0:0:0:0:
320,192,58772,1,0,0:0:0:0:
64,192,58879,1,0,0:0:0:0:
192,192,58879,1,0,0:0:0:0:
448,192,58879,1,0,0:0:0:0:
320,192,58986,1,0,0:0:0:0:
64,192,59093,1,0,0:0:0:0:
448,192,59093,1,0,0:0:0:0:
192,192,59200,1,0,0:0:0:0:
64,192,59307,1,0,0:0:0:0:
320,192,59307,1,0,0:0:0:0:
448,192,59307,1,0,0:0:0:0:
192,192,59415,1,0,0:0:0:0:
320,192,59415,1,0,0:0:0:0:
64,192,59522,1,0,0:0:0:0:
192,192,59522,1,0,0:0:0:0:
320,192,59629,1,0,0:0:0:0:
448,192,59629,1,0,0:0:0:0:
64,192,59736,1,0,0:0:0:0:
192,192,59736,1,0,0:0:0:0:
448,192,59736,1,0,0:0:0:0:
64,192,59843,1,0,0:0:0:0:
320,192,59843,1,0,0:0:0:0:
192,192,59950,1,0,0:0:0:0:
448,192,59950,1,0,0:0:0:0:
320,192,60057,1,0,0:0:0:0:
448,192,60057,1,0,0:0:0:0:
64,192,60165,1,0,0:0:0:0:
192,192,60165,1,0,0:0:0:0:
320,192,60165,1,0,0:0:0:0:
192,192,60272,1,0,0:0:0:0:
448,192,60272,1,0,0:0:0:0:
64,192,60379,1,0,0:0:0:0:
448,192,60379,1,0,0:0:0:0:
64,192,60486,1,0,0:0:0:0:
192,192,60486,1,0,0:0:0:0:
192,192,60593,1,0,0:0:0:0:
320,192,60593,1,0,0:0:0:0:
448,192,60593,1,0,0:0:0:0:
64,192,60700,1,0,0:0:0:0:
320,192,60700,1,0,0:0:0:0:
192,192,60807,1,0,0:0:0:0:
448,192,60807,1,0,0:0:0:0:
192,192,60915,1,0,0:0:0:0:
320,192,60915,1,0,0:0:0:0:
64,192,61022,1,0,0:0:0:0:
320,192,61022,1,0,0:0:0:0:
448,192,61022,1,0,0:0:0:0:
64,192,61129,1,0,0:0:0:0:
192,192,61129,1,0,0:0:0:0:
64,192,61236,1,0,0:0:0:0:
320,192,61236,1,0,0:0:0:0:
448,192,61236,1,0,0:0:0:0:
192,192,61343,1,0,0:0:0:0:
448,192,61343,1,0,0:0:0:0:
64,192,61450,1,0,0:0:0:0:
192,192,61450,1,0,0:0:0:0:
320,192,61450,1,0,0:0:0:0:
64,192,61557,1,0,0:0:0:0:
448,192,61557,1,0,0:0:0:0:
192,192,61665,1,0,0:0:0:0:
320,192,61665,1,0,0:0:0:0:
448,192,61665,1,0,0:0:0:0:
64,192,61772,1,0,0:0:0:0:
192,192,61772,1,0,0:0:0:0:
64,192,61879,1,0,0:0:0:0:
320,192,61879,1,0,0:0:0:0:
448,192,61879,1,0,0:0:0:0:
192,192,61986,1,0,0:0:0:0:
320,192,62093,1,0,0:0:0:0:
448,192,62093,1,0,0:0:0:0:
192,192,62200,1,0,0:0:0:0:
320,192,62200,1,0,0:0:0:0:
64,192,62307,1,0,0:0:0:0:
320,192,62415,1,0,0:0:0:0:
448,192,62415,1,0,0:0:0:0:
192,192,62522,1,0,0:0:0:0:
320,192,62522,1,0,0:0:0:0:
64,192,62629,1,0,0:0:0:0:
192,192,62736,1,0,0:0:0:0:
320,192,62736,1,0,0:0:0:0:
64,192,62843,1,0,0:0:0:0:
192,192,62843,1,0,0:0:0:0:
448,192,62950,1,0,0:0:0:0:
192,192,63057,1,0,0:0:0:0:
320,192,63057,1,0,0:0:0:0:
64,192,63165,1,0,0:0:0:0:
192,192,63165,1,0,0:0:0:0:
448,192,63272,1,0,0:0:0:0:
64,192,63379,1,0,0:0:0:0:
320,192,63379,1,0,0:0:0:0:
192,192,63486,1,0,0:0:0:0:
320,192,63486,1,0,0:0:0:0:
192,192,63593,1,0,0:0:0:0:
448,192,63593,1,0,0:0:0:0:
64,192,63700,1,0,0:0:0:0:
320,192,63807,1,0,0:0:0:0:
448,192,63807,1,0,0:0:0:0:
64,192,63915,1,0,0:0:0:0:
320,192,63915,1,0,0:0:0:0:
192,192,64022,1,0,0:0:0:0:
320,192,64129,1,0,0:0:0:0:
448,192,64129,1,0,0:0:0:0:
64,192,64236,1,0,0:0:0:0:
320,192,64236,1,0,0:0:0:0:
192,192,64343,1,0,0:0:0:0:
64,192,64450,1,0,0:0:0:0:
320,192,64450,1,0,0:0:0:0:
64,192,64557,1,0,0:0:0:0:
192,192,64557,1,0,0:0:0:0:
448,192,64665,1,0,0:0:0:0:
64,192,64772,1,0,0:0:0:0:
320,192,64772,1,0,0:0:0:0:
64,192,64879,1,0,0:0:0:0:
192,192,64879,1,0,0:0:0:0:
448,192,64986,1,0,0:0:0:0:
64,192,65093,1,0,0:0:0:0:
320,192,65093,1,0,0:0:0:0:
192,192,65200,1,0,0:0:0:0:
320,192,65200,1,0,0:0:0:0:
192,192,65307,1,0,0:0:0:0:
448,192,65307,1,0,0:0:0:0:
64,192,65415,1,0,0:0:0:0:
320,192,65522,1,0,0:0:0:0:
448,192,65522,1,0,0:0:0:0:
64,192,65629,1,0,0:0:0:0:
448,192,65629,1,0,0:0:0:0:
192,192,65736,1,0,0:0:0:0:
320,192,65843,1,0,0:0:0:0:
448,192,65843,1,0,0:0:0:0:
64,192,65950,1,0,0:0:0:0:
448,192,65950,1,0,0:0:0:0:
192,192,66057,1,0,0:0:0:0:
64,192,66165,1,0,0:0:0:0:
448,192,66165,1,0,0:0:0:0:
64,192,66272,1,0,0:0:0:0:
192,192,66272,1,0,0:0:0:0:
320,192,66379,1,0,0:0:0:0:
64,192,66486,1,0,0:0:0:0:
448,192,66486,1,0,0:0:0:0:
64,192,66593,1,0,0:0:0:0:
192,192,66593,1,0,0:0:0:0:
320,192,66700,1,0,0:0:0:0:
64,192,66807,1,0,0:0:0:0:
448,192,66807,1,0,0:0:0:0:
192,192,66915,1,0,0:0:0:0:
448,192,66915,1,0,0:0:0:0:
64,192,67022,1,0,0:0:0:0:
320,192,67022,1,0,0:0:0:0:
448,192,67129,1,0,0:0:0:0:
64,192,67236,1,0,0:0:0:0:
192,192,67236,1,0,0:0:0:0:
192,192,67343,1,0,0:0:0:0:
320,192,67343,1,0,0:0:0:0:
448,192,67450,1,0,0:0:0:0:
64,192,67557,1,0,0:0:0:0:
192,192,67557,1,0,0:0:0:0:
192,192,67665,1,0,0:0:0:0:
320,192,67665,1,0,0:0:0:0:
448,192,67772,1,0,0:0:0:0:
192,192,67879,1,0,0:0:0:0:
320,192,67879,1,0,0:0:0:0:
320,192,67986,1,0,0:0:0:0:
448,192,67986,1,0,0:0:0:0:
64,192,68093,1,0,0:0:0:0:
192,192,68200,1,0,0:0:0:0:
320,192,68200,1,0,0:0:0:0:
320,192,68307,1,0,0:0:0:0:
448,192,68307,1,0,0:0:0:0:
64,192,68415,1,0,0:0:0:0:
320,192,68522,1,0,0:0:0:0:
448,192,68522,1,0,0:0:0:0:
192,192,68629,1,0,0:0:0:0:
320,192,68629,1,0,0:0:0:0:
64,192,68736,1,0,0:0:0:0:
192,192,68736,1,0,0:0:0:0:
64,192,68843,1,0,0:0:0:0:
448,192,68843,1,0,0:0:0:0:
192,192,68950,1,0,0:0:0:0:
448,192,68950,1,0,0:0:0:0:
320,192,69057,1,0,0:0:0:0:
64,192,69165,1,0,0:0:0:0:
448,192,69165,1,0,0:0:0:0:
64,192,69272,1,0,0:0:0:0:
320,192,69272,1,0,0:0:0:0:
192,192,69379,1,0,0:0:0:0:
64,192,69486,1,0,0:0:0:0:
448,192,69486,1,0,0:0:0:0:
192,192,69593,1,0,0:0:0:0:
448,192,69593,1,0,0:0:0:0:
320,192,69700,1,0,0:0:0:0:
64,192,69807,1,0,0:0:0:0:
448,192,69807,1,0,0:0:0:0:
64,192,69915,1,0,0:0:0:0:
320,192,69915,1,0,0:0:0:0:
192,192,70022,1,0,0:0:0:0:
64,192,70129,1,0,0:0:0:0:
448,192,70129,1,0,0:0:0:0:
320,192,70236,1,0,0:0:0:0:
448,192,70236,1,0,0:0:0:0:
192,192,70343,1,0,0:0:0:0:
64,192,70450,1,0,0:0:0:0:
320,192,70450,1,0,0:0:0:0:
64,192,70557,1,0,0:0:0:0:
448,192,70557,1,0,0:0:0:0:
192,192,70665,1,0,0:0:0:0:
320,192,70772,1,0,0:0:0:0:
448,192,70772,1,0,0:0:0:0:
64,192,70879,1,0,0:0:0:0:
448,192,70879,1,0,0:0:0:0:
192,192,70986,1,0,0:0:0:0:
64,192,71093,1,0,0:0:0:0:
320,192,71093,1,0,0:0:0:0:
64,192,71200,1,0,0:0:0:0:
448,192,71200,1,0,0:0:0:0:
320,192,71307,1,0,0:0:0:0:
192,192,71415,1,0,0:0:0:0:
448,192,71415,1,0,0:0:0:0:
64,192,71522,1,0,0:0:0:0:
448,192,71522,1,0,0:0:0:0:
320,192,71629,1,0,0:0:0:0:
64,192,71736,1,0,0:0:0:0:
192,192,71736,1,0,0:0:0:0:
192,192,71843,1,0,0:0:0:0:
320,192,71843,1,0,0:0:0:0:
320,192,71950,1,0,0:0:0:0:
448,192,71950,1,0,0:0:0:0:
192,192,72057,1,0,0:0:0:0:
448,192,72057,1,0,0:0:0:0:
64,192,72165,1,0,0:0:0:0:
192,192,72165,1,0,0:0:0:0:
320,192,72272,1,0,0:0:0:0:
192,192,72379,1,0,0:0:0:0:
448,192,72379,1,0,0:0:0:0:
192,192,72486,1,0,0:0:0:0:
320,192,72486,1,0,0:0:0:0:
448,192,72593,1,0,0:0:0:0:
64,192,72700,1,0,0:0:0:0:
320,192,72700,1,0,0:0:0:0:
192,192,72807,1,0,0:0:0:0:
320,192,72807,1,0,0:0:0:0:
64,192,72915,1,0,0:0:0:0:
192,192,73022,1,0,0:0:0:0:
448,192,73022,1,0,0:0:0:0:
192,192,73129,1,0,0:0:0:0:
320,192,73129,1,0,0:0:0:0:
448,192,73236,1,0,0:0:0:0:
64,192,73343,1,0,0:0:0:0:
320,192,73343,1,0,0:0:0:0:
192,192,73450,1,0,0:0:0:0:
320,192,73450,1,0,0:0:0:0:
64,192,73557,1,0,0:0:0:0:
320,192,73665,1,0,0:0:0:0:
448,192,73665,1,0,0:0:0:0:
192,192,73772,1,0,0:0:0:0:
320,192,73772,1,0,0:0:0:0:
64,192,73879,1,0,0:0:0:0:
192,192,73986,1,0,0:0:0:0:
320,192,73986,1,0,0:0:0:0:
64,192,74093,1,0,0:0:0:0:
192,192,74093,1,0,0:0:0:0:
448,192,74200,1,0,0:0:0:0:
64,192,74307,1,0,0:0:0:0:
320,192,74307,1,0,0:0:0:0:
192,192,74415,1,0,0:0:0:0:
320,192,74415,1,0,0:0:0:0:
64,192,74522,1,0,0:0:0:0:
320,192,74629,1,0,0:0:0:0:
448,192,74629,1,0,0:0:0:0:
192,192,74736,1,0,0:0:0:0:
448,192,74736,1,0,0:0:0:0:
320,192,74843,1,0,0:0:0:0:
64,192,74950,1,0,0:0:0:0:
192,192,74950,1,0,0:0:0:0:
64,192,75057,1,0,0:0:0:0:
448,192,75057,1,0,0:0:0:0:
320,192,75165,1,0,0:0:0:0:
64,192,75272,1,0,0:0:0:0:
192,192,75272,1,0,0:0:0:0:
64,192,75379,1,0,0:0:0:0:
448,192,75379,1,0,0:0:0:0:
320,192,75486,1,0,0:0:0:0:
64,192,75593,1,0,0:0:0:0:
192,192,75593,1,0,0:0:0:0:
320,192,75807,1,0,0:0:0:0:
64,192,76022,1,0,0:0:0:0:
448,192,76022,1,0,0:0:0:0:
64,192,76236,1,0,0:0:0:0:
192,192,76236,1,0,0:0:0:0:
64,192,76450,1,0,0:0:0:0:
192,192,76450,1,0,0:0:0:0:
192,192,76665,1,0,0:0:0:0:
320,192,76772,1,0,0:0:0:0:
64,192,76879,1,0,0:0:0:0:
448,192,76879,1,0,0:0:0:0:
320,192,77093,1,0,0:0:0:0:
64,192,77307,1,0,0:0:0:0:
192,192,77307,1,0,0:0:0:0:
320,192,77522,1,0,0:0:0:0:
64,192,77736,1,0,0:0:0:0:
448,192,77736,1,0,0:0:0:0:
64,192,77950,1,0,0:0:0:0:
192,192,77950,1,0,0:0:0:0:
64,192,78165,1,0,0:0:0:0:
192,192,78165,1,0,0:0:0:0:
320,192,78379,1,0,0:0:0:0:
64,192,78593,1,0,0:0:0:0:
448,192,78593,1,0,0:0:0:0:
320,192,78700,1,0,0:0:0:0:
448,192,78700,1,0,0:0:0:0:
320,192,78807,1,0,0:0:0:0:
448,192,78807,1,0,0:0:0:0:
320,192,78915,1,0,0:0:0:0:
448,192,78915,1,0,0:0:0:0:
64,192,79022,1,0,0:0:0:0:
192,192,79022,1,0,0:0:0:0:
320,192,79129,1,0,0:0:0:0:
64,192,79236,1,0,0:0:0:0:
448,192,79236,1,0,0:0:0:0:
64,192,79343,1,0,0:0:0:0:
192,192,79343,1,0,0:0:0:0:
320,192,79450,1,0,0:0:0:0:
64,192,79557,1,0,0:0:0:0:
448,192,79557,1,0,0:0:0:0:
64,192,79665,1,0,0:0:0:0:
192,192,79665,1,0,0:0:0:0:
320,192,79772,1,0,0:0:0:0:
64,192,79879,1,0,0:0:0:0:
448,192,79879,1,0,0:0:0:0:
320,192,79986,1,0,0:0:0:0:
448,192,79986,1,0,0:0:0:0:
192,192,80093,1,0,0:0:0:0:
320,192,80093,1,0,0:0:0:0:
64,192,80200,1,0,0:0:0:0:
192,192,80200,1,0,0:0:0:0:
64,192,80307,1,0,0:0:0:0:
320,192,80307,1,0,0:0:0:0:
320,192,80415,1,0,0:0:0:0:
448,192,80415,1,0,0:0:0:0:
64,192,80522,1,0,0:0:0:0:
320,192,80522,1,0,0:0:0:0:
448,192,80522,1,0,0:0:0:0:
64,192,80629,1,0,0:0:0:0:
192,192,80629,1,0,0:0:0:0:
192,192,80736,1,0,0:0:0:0:
320,192,80736,1,0,0:0:0:0:
320,192,80843,1,0,0:0:0:0:
448,192,80843,1,0,0:0:0:0:
64,192,80950,1,0,0:0:0:0:
192,192,80950,1,0,0:0:0:0:
320,192,81057,1,0,0:0:0:0:
448,192,81057,1,0,0:0:0:0:
192,192,81165,1,0,0:0:0:0:
320,192,81165,1,0,0:0:0:0:
64,192,81272,1,0,0:0:0:0:
192,192,81272,1,0,0:0:0:0:
64,192,81379,1,0,0:0:0:0:
448,192,81379,1,0,0:0:0:0:
320,192,81486,1,0,0:0:0:0:
448,192,81486,1,0,0:0:0:0:
64,192,81593,1,0,0:0:0:0:
192,192,81593,1,0,0:0:0:0:
448,192,81593,1,0,0:0:0:0:
64,192,81700,1,0,0:0:0:0:
192,192,81700,1,0,0:0:0:0:
320,192,81700,1,0,0:0:0:0:
192,192,81807,1,0,0:0:0:0:
320,192,81807,1,0,0:0:0:0:
448,192,81807,1,0,0:0:0:0:
64,192,81915,1,0,0:0:0:0:
320,192,81915,1,0,0:0:0:0:
448,192,81915,1,0,0:0:0:0:
64,192,82022,1,0,0:0:0:0:
192,192,82022,1,0,0:0:0:0:
320,192,82022,1,0,0:0:0:0:
448,192,82022,1,0,0:0:0:0:
64,192,82129,1,0,0:0:0:0:
192,192,82129,1,0,0:0:0:0:
320,192,82129,1,0,0:0:0:0:
64,192,82236,1,0,0:0:0:0:
192,192,82236,1,0,0:0:0:0:
448,192,82236,1,0,0:0:0:0:
192,192,82343,1,0,0:0:0:0:
320,192,82343,1,0,0:0:0:0:
448,192,82343,1,0,0:0:0:0:
64,192,82450,1,0,0:0:0:0:
192,192,82450,1,0,0:0:0:0:
320,192,82450,1,0,0:0:0:0:
448,192,82450,1,0,0:0:0:0:
64,192,82557,1,0,0:0:0:0:
320,192,82557,1,0,0:0:0:0:
192,192,82665,1,0,0:0:0:0:
320,192,82665,1,0,0:0:0:0:
192,192,82772,1,0,0:0:0:0:
448,192,82772,1,0,0:0:0:0:
64,192,82879,1,0,0:0:0:0:
320,192,82879,1,0,0:0:0:0:
448,192,82879,1,0,0:0:0:0:
192,192,82986,1,0,0:0:0:0:
320,192,82986,1,0,0:0:0:0:
64,192,83093,1,0,0:0:0:0:
192,192,83093,1,0,0:0:0:0:
320,192,83200,1,0,0:0:0:0:
448,192,83200,1,0,0:0:0:0:
64,192,83307,1,0,0:0:0:0:
192,192,83307,1,0,0:0:0:0:
448,192,83307,1,0,0:0:0:0:
64,192,83415,1,0,0:0:0:0:
320,192,83415,1,0,0:0:0:0:
320,192,83522,1,0,0:0:0:0:
448,192,83522,1,0,0:0:0:0:
64,192,83629,1,0,0:0:0:0:
192,192,83629,1,0,0:0:0:0:
64,192,83736,1,0,0:0:0:0:
320,192,83736,1,0,0:0:0:0:
448,192,83736,1,0,0:0:0:0:
192,192,83843,1,0,0:0:0:0:
320,192,83843,1,0,0:0:0:0:
64,192,83950,1,0,0:0:0:0:
192,192,83950,1,0,0:0:0:0:
448,192,83950,1,0,0:0:0:0:
320,192,84057,1,0,0:0:0:0:
448,192,84057,1,0,0:0:0:0:
64,192,84165,1,0,0:0:0:0:
192,192,84165,1,0,0:0:0:0:
320,192,84165,1,0,0:0:0:0:
192,192,84272,1,0,0:0:0:0:
448,192,84272,1,0,0:0:0:0:
64,192,84379,1,0,0:0:0:0:
192,192,84379,1,0,0:0:0:0:
448,192,84379,1,0,0:0:0:0:
320,192,84486,1,0,0:0:0:0:
448,192,84486,1,0,0:0:0:0:
64,192,84593,1,0,0:0:0:0:
192,192,84593,1,0,0:0:0:0:
320,192,84593,1,0,0:0:0:0:
64,192,84700,1,0,0:0:0:0:
192,192,84700,1,0,0:0:0:0:
320,192,84807,1,0,0:0:0:0:
448,192,84807,1,0,0:0:0:0:
192,192,84915,1,0,0:0:0:0:
320,192,84915,1,0,0:0:0:0:
64,192,85022,1,0,0:0:0:0:
192,192,85022,1,0,0:0:0:0:
448,192,85022,1,0,0:0:0:0:
64,192,85129,1,0,0:0:0:0:
320,192,85129,1,0,0:0:0:0:
192,192,85236,1,0,0:0:0:0:
448,192,85236,1,0,0:0:0:0:
64,192,85343,1,0,0:0:0:0:
448,192,85343,1,0,0:0:0:0:
64,192,85450,1,0,0:0:0:0:
192,192,85450,1,0,0:0:0:0:
320,192,85450,1,0,0:0:0:0:
192,192,85557,1,0,0:0:0:0:
448,192,85557,1,0,0:0:0:0:
64,192,85665,1,0,0:0:0:0:
448,192,85665,1,0,0:0:0:0:
64,192,85772,1,0,0:0:0:0:
192,192,85772,1,0,0:0:0:0:
320,192,85772,1,0,0:0:0:0:
64,192,85879,1,0,0:0:0:0:
192,192,85879,1,0,0:0:0:0:
448,192,85879,1,0,0:0:0:0:
320,192,85986,1,0,0:0:0:0:
448,192,85986,1,0,0:0:0:0:
64,192,86093,1,0,0:0:0:0:
192,192,86093,1,0,0:0:0:0:
320,192,86093,1,0,0:0:0:0:
192,192,86200,1,0,0:0:0:0:
448,192,86200,1,0,0:0:0:0:
64,192,86307,1,0,0:0:0:0:
320,192,86307,1,0,0:0:0:0:
448,192,86307,1,0,0:0:0:0:
192,192,86415,1,0,0:0:0:0:
320,192,86415,1,0,0:0:0:0:
64,192,86522,1,0,0:0:0:0:
192,192,86522,1,0,0:0:0:0:
320,192,86629,1,0,0:0:0:0:
448,192,86629,1,0,0:0:0:0:
64,192,86736,1,0,0:0:0:0:
192,192,86736,1,0,0:0:0:0:
448,192,86736,1,0,0:0:0:0:
64,192,86843,1,0,0:0:0:0:
320,192,86843,1,0,0:0:0:0:
192,192,86950,1,0,0:0:0:0:
320,192,86950,1,0,0:0:0:0:
448,192,86950,1,0,0:0:0:0:
64,192,87057,1,0,0:0:0:0:
192,192,87057,1,0,0:0:0:0:
64,192,87165,1,0,0:0:0:0:
320,192,87165,1,0,0:0:0:0:
448,192,87165,1,0,0:0:0:0:
192,192,87272,1,0,0:0:0:0:
448,192,87272,1,0,0:0:0:0:
64,192,87379,1,0,0:0:0:0:
192,192,87379,1,0,0:0:0:0:
320,192,87379,1,0,0:0:0:0:
64,192,87486,1,0,0:0:0:0:
320,192,87486,1,0,0:0:0:0:
448,192,87486,1,0,0:0:0:0:
192,192,87593,1,0,0:0:0:0:
320,192,87593,1,0,0:0:0:0:
448,192,87593,1,0,0:0:0:0:
64,192,87700,1,0,0:0:0:0:
192,192,87700,1,0,0:0:0:0:
64,192,87807,1,0,0:0:0:0:
320,192,87807,1,0,0:0:0:0:
448,192,87807,1,0,0:0:0:0:
192,192,87915,1,0,0:0:0:0:
320,192,87915,1,0,0:0:0:0:
64,192,88022,1,0,0:0:0:0:
192,192,88022,1,0,0:0:0:0:
448,192,88022,1,0,0:0:0:0:
320,192,88129,1,0,0:0:0:0:
448,192,88129,1,0,0:0:0:0:
64,192,88236,1,0,0:0:0:0:
192,192,88236,1,0,0:0:0:0:
320,192,88236,1,0,0:0:0:0:
64,192,88343,1,0,0:0:0:0:
192,192,88343,1,0,0:0:0:0:
448,192,88343,1,0,0:0:0:0:
192,192,88450,1,0,0:0:0:0:
320,192,88450,1,0,0:0:0:0:
448,192,88450,1,0,0:0:0:0:
64,192,88557,1,0,0:0:0:0:
320,192,88557,1,0,0:0:0:0:
64,192,88665,1,0,0:0:0:0:
192,192,88665,1,0,0:0:0:0:
448,192,88665,1,0,0:0:0:0:
192,192,88772,1,0,0:0:0:0:
320,192,88772,1,0,0:0:0:0:
64,192,88879,1,0,0:0:0:0:
320,192,88879,1,0,0:0:0:0:
448,192,88879,1,0,0:0:0:0:
64,192,88986,1,0,0:0:0:0:
192,192,88986,1,0,0:0:0:0:
192,192,89093,1,0,0:0:0:0:
320,192,89093,1,0,0:0:0:0:
448,192,89093,1,0,0:0:0:0:
64,192,89200,1,0,0:0:0:0:
320,192,89200,1,0,0:0:0:0:
448,192,89200,1,0,0:0:0:0:
64,192,89307,1,0,0:0:0:0:
192,192,89307,1,0,0:0:0:0:
448,192,89307,1,0,0:0:0:0:
192,192,89415,1,0,0:0:0:0:
320,192,89415,1,0,0:0:0:0:
64,192,89522,1,0,0:0:0:0:
320,192,89522,1,0,0:0:0:0:
448,192,89522,1,0,0:0:0:0:
64,192,89629,1,0,0:0:0:0:
192,192,89629,1,0,0:0:0:0:
192,192,89736,1,0,0:0:0:0:
320,192,89736,1,0,0:0:0:0:
448,192,89736,1,0,0:0:0:0:
320,192,89843,1,0,0:0:0:0:
448,192,89843,1,0,0:0:0:0:
64,192,89950,1,0,0:0:0:0:
192,192,89950,1,0,0:0:0:0:
64,192,90057,1,0,0:0:0:0:
320,192,90057,1,0,0:0:0:0:
192,192,90165,1,0,0:0:0:0:
320,192,90165,1,0,0:0:0:0:
448,192,90165,1,0,0:0:0:0:
64,192,90272,1,0,0:0:0:0:
320,192,90272,1,0,0:0:0:0:
448,192,90272,1,0,0:0:0:0:
64,192,90379,1,0,0:0:0:0:
192,192,90379,1,0,0:0:0:0:
192,192,90486,1,0,0:0:0:0:
320,192,90486,1,0,0:0:0:0:
64,192,90593,1,0,0:0:0:0:
320,192,90593,1,0,0:0:0:0:
448,192,90593,1,0,0:0:0:0:
192,192,90700,1,0,0:0:0:0:
448,192,90700,1,0,0:0:0:0:
64,192,90807,1,0,0:0:0:0:
192,192,90807,1,0,0:0:0:0:
320,192,90807,1,0,0:0:0:0:
320,192,90915,1,0,0:0:0:0:
448,192,90915,1,0,0:0:0:0:
64,192,91022,1,0,0:0:0:0:
192,192,91022,1,0,0:0:0:0:
448,192,91022,1,0,0:0:0:0:
64,192,91129,1,0,0:0:0:0:
320,192,91129,1,0,0:0:0:0:
64,192,91236,1,0,0:0:0:0:
192,192,91236,1,0,0:0:0:0:
448,192,91236,1,0,0:0:0:0:
320,192,91343,1,0,0:0:0:0:
448,192,91343,1,0,0:0:0:0:
64,192,91450,1,0,0:0:0:0:
192,192,91450,1,0,0:0:0:0:
320,192,91450,1,0,0:0:0:0:
192,192,91557,1,0,0:0:0:0:
448,192,91557,1,0,0:0:0:0:
64,192,91665,1,0,0:0:0:0:
320,192,91665,1,0,0:0:0:0:
192,192,91772,1,0,0:0:0:0:
320,192,91772,1,0,0:0:0:0:
64,192,91879,1,0,0:0:0:0:
192,192,91879,1,0,0:0:0:0:
448,192,91879,1,0,0:0:0:0:
64,192,91986,1,0,0:0:0:0:
320,192,91986,1,0,0:0:0:0:
448,192,91986,1,0,0:0:0:0:
192,192,92093,1,0,0:0:0:0:
320,192,92093,1,0,0:0:0:0:
64,192,92200,1,0,0:0:0:0:
192,192,92200,1,0,0:0:0:0:
64,192,92307,1,0,0:0:0:0:
320,192,92307,1,0,0:0:0:0:
448,192,92307,1,0,0:0:0:0:
192,192,92415,1,0,0:0:0:0:
448,192,92415,1,0,0:0:0:0:
64,192,92522,1,0,0:0:0:0:
192,192,92522,1,0,0:0:0:0:
320,192,92522,1,0,0:0:0:0:
64,192,92629,1,0,0:0:0:0:
320,192,92629,1,0,0:0:0:0:
448,192,92629,1,0,0:0:0:0:
64,192,92736,1,0,0:0:0:0:
192,192,92736,1,0,0:0:0:0:
448,192,92736,1,0,0:0:0:0:
192,192,92843,1,0,0:0:0:0:
320,192,92843,1,0,0:0:0:0:
64,192,92950,1,0,0:0:0:0:
320,192,92950,1,0,0:0:0:0:
448,192,92950,1,0,0:0:0:0:
192,192,93057,1,0,0:0:0:0:
448,192,93057,1,0,0:0:0:0:
64,192,93165,1,0,0:0:0:0:
192,192,93165,1,0,0:0:0:0:
320,192,93165,1,0,0:0:0:0:
320,192,93272,1,0,0:0:0:0:
448,192,93272,1,0,0:0:0:0:
64,192,93379,1,0,0:0:0:0:
192,192,93379,1,0,0:0:0:0:
192,192,93486,1,0,0:0:0:0:
320,192,93486,1,0,0:0:0:0:
64,192,93593,1,0,0:0:0:0:
320,192,93593,1,0,0:0:0:0:
448,192,93593,1,0,0:0:0:0:
64,192,93700,1,0,0:0:0:0:
192,192,93700,1,0,0:0:0:0:
448,192,93700,1,0,0:0:0:0:
192,192,93807,1,0,0:0:0:0:
320,192,93807,1,0,0:0:0:0:
448,192,93807,1,0,0:0:0:0:
64,192,93915,1,0,0:0:0:0:
320,192,93915,1,0,0:0:0:0:
64,192,94022,1,0,0:0:0:0:
192,192,94022,1,0,0:0:0:0:
448,192,94022,1,0,0:0:0:0:
320,192,94129,1,0,0:0:0:0:
448,192,94129,1,0,0:0:0:0:
64,192,94236,1,0,0:0:0:0:
192,192,94236,1,0,0:0:0:0:
320,192,94236,1,0,0:0:0:0:
64,192,94343,1,0,0:0:0:0:
192,192,94343,1,0,0:0:0:0:
448,192,94343,1,0,0:0:0:0:
64,192,94450,1,0,0:0:0:0:
320,192,94450,1,0,0:0:0:0:
448,192,94450,1,0,0:0:0:0:
192,192,94557,1,0,0:0:0:0:
320,192,94557,1,0,0:0:0:0:
448,192,94557,1,0,0:0:0:0:
64,192,94665,1,0,0:0:0:0:
192,192,94665,1,0,0:0:0:0:
320,192,94665,1,0,0:0:0:0:
64,192,94772,1,0,0:0:0:0:
448,192,94772,1,0,0:0:0:0:
192,192,94879,1,0,0:0:0:0:
320,192,94879,1,0,0:0:0:0:
448,192,94879,1,0,0:0:0:0:
64,192,94986,1,0,0:0:0:0:
192,192,94986,1,0,0:0:0:0:
64,192,95093,1,0,0:0:0:0:
320,192,95093,1,0,0:0:0:0:
448,192,95093,1,0,0:0:0:0:
64,192,95200,1,0,0:0:0:0:
192,192,95200,1,0,0:0:0:0:
448,192,95200,1,0,0:0:0:0:
64,192,95307,1,0,0:0:0:0:
192,192,95307,1,0,0:0:0:0:
320,192,95307,1,0,0:0:0:0:
320,192,95415,1,0,0:0:0:0:
448,192,95415,1,0,0:0:0:0:
64,192,95522,1,0,0:0:0:0:
192,192,95522,1,0,0:0:0:0:
448,192,95522,1,0,0:0:0:0:
64,192,95629,1,0,0:0:0:0:
320,192,95629,1,0,0:0:0:0:
192,192,95736,1,0,0:0:0:0:
320,192,95736,1,0,0:0:0:0:
448,192,95736,1,0,0:0:0:0:
64,192,95843,1,0,0:0:0:0:
192,192,95843,1,0,0:0:0:0:
64,192,95950,1,0,0:0:0:0:
320,192,95950,1,0,0:0:0:0:
448,192,95950,1,0,0:0:0:0:
192,192,96057,1,0,0:0:0:0:
320,192,96057,1,0,0:0:0:0:
448,192,96057,1,0,0:0:0:0:
64,192,96165,1,0,0:0:0:0:
192,192,96165,1,0,0:0:0:0:
320,192,96165,1,0,0:0:0:0:
448,192,96165,1,0,0:0:0:0:
64,192,96272,1,0,0:0:0:0:
192,192,96272,1,0,0:0:0:0:
320,192,96379,1,0,0:0:0:0:
448,192,96379,1,0,0:0:0:0:
192,192,96486,1,0,0:0:0:0:
320,192,96486,1,0,0:0:0:0:
64,192,96593,1,0,0:0:0:0:
192,192,96593,1,0,0:0:0:0:
448,192,96593,1,0,0:0:0:0:
64,192,96700,1,0,0:0:0:0:
320,192,96700,1,0,0:0:0:0:
320,192,96807,1,0,0:0:0:0:
448,192,96807,1,0,0:0:0:0:
192,192,96915,1,0,0:0:0:0:
448,192,96915,1,0,0:0:0:0:
64,192,97022,1,0,0:0:0:0:
192,192,97022,1,0,0:0:0:0:
320,192,97022,1,0,0:0:0:0:
320,192,97129,1,0,0:0:0:0:
448,192,97129,1,0,0:0:0:0:
64,192,97236,1,0,0:0:0:0:
192,192,97236,1,0,0:0:0:0:
192,192,97343,1,0,0:0:0:0:
320,192,97343,1,0,0:0:0:0:
64,192,97450,1,0,0:0:0:0:
320,192,97450,1,0,0:0:0:0:
448,192,97450,1,0,0:0:0:0:
192,192,97557,1,0,0:0:0:0:
448,192,97557,1,0,0:0:0:0:
64,192,97665,1,0,0:0:0:0:
192,192,97665,1,0,0:0:0:0:
320,192,97665,1,0,0:0:0:0:
64,192,97772,1,0,0:0:0:0:
448,192,97772,1,0,0:0:0:0:
192,192,97879,1,0,0:0:0:0:
320,192,97879,1,0,0:0:0:0:
448,192,97879,1,0,0:0:0:0:
64,192,97986,1,0,0:0:0:0:
192,192,97986,1,0,0:0:0:0:
64,192,98093,1,0,0:0:0:0:
320,192,98093,1,0,0:0:0:0:
448,192,98093,1,0,0:0:0:0:
192,192,98200,1,0,0:0:0:0:
320,192,98200,1,0,0:0:0:0:
64,192,98307,1,0,0:0:0:0:
192,192,98307,1,0,0:0:0:0:
448,192,98307,1,0,0:0:0:0:
320,192,98415,1,0,0:0:0:0:
448,192,98415,1,0,0:0:0:0:
64,192,98522,1,0,0:0:0:0:
320,192,98522,1,0,0:0:0:0:
192,192,98629,1,0,0:0:0:0:
448,192,98629,1,0,0:0:0:0:
64,192,98736,1,0,0:0:0:0:
192,192,98736,1,0,0:0:0:0:
320,192,98736,1,0,0:0:0:0:
320,192,98843,1,0,0:0:0:0:
448,192,98843,1,0,0:0:0:0:
64,192,98950,1,0,0:0:0:0:
192,192,98950,1,0,0:0:0:0:
192,192,99057,1,0,0:0:0:0:
320,192,99057,1,0,0:0:0:0:
64,192,99165,1,0,0:0:0:0:
320,192,99165,1,0,0:0:0:0:
448,192,99165,1,0,0:0:0:0:
192,192,99272,1,0,0:0:0:0:
448,192,99272,1,0,0:0:0:0:
192,192,99379,1,0,0:0:0:0:
320,192,99379,1,0,0:0:0:0:
64,192,99486,1,0,0:0:0:0:
192,192,99486,1,0,0:0:0:0:
448,192,99486,1,0,0:0:0:0:
64,192,99593,1,0,0:0:0:0:
320,192,99593,1,0,0:0:0:0:
448,192,99593,1,0,0:0:0:0:
192,192,99700,1,0,0:0:0:0:
320,192,99700,1,0,0:0:0:0:
64,192,99807,1,0,0:0:0:0:
192,192,99807,1,0,0:0:0:0:
320,192,99915,1,0,0:0:0:0:
448,192,99915,1,0,0:0:0:0:
64,192,100022,1,0,0:0:0:0:
192,192,100022,1,0,0:0:0:0:
448,192,100022,1,0,0:0:0:0:
192,192,100129,1,0,0:0:0:0:
320,192,100129,1,0,0:0:0:0:
320,192,100236,1,0,0:0:0:0:
448,192,100236,1,0,0:0:0:0:
64,192,100343,1,0,0:0:0:0:
192,192,100343,1,0,0:0:0:0:
64,192,100450,1,0,0:0:0:0:
320,192,100450,1,0,0:0:0:0:
448,192,100450,1,0,0:0:0:0:
192,192,100557,1,0,0:0:0:0:
448,192,100557,1,0,0:0:0:0:
192,192,100665,1,0,0:0:0:0:
320,192,100665,1,0,0:0:0:0:
64,192,100772,1,0,0:0:0:0:
320,192,100772,1,0,0:0:0:0:
64,192,100879,1,0,0:0:0:0:
192,192,100879,1,0,0:0:0:0:
448,192,100879,1,0,0:0:0:0:
320,192,100986,1,0,0:0:0:0:
448,192,100986,1,0,0:0:0:0:
64,192,101093,1,0,0:0:0:0:
192,192,101093,1,0,0:0:0:0:
320,192,101093,1,0,0:0:0:0:
192,192,101200,1,0,0:0:0:0:
320,192,101200,1,0,0:0:0:0:
448,192,101200,1,0,0:0:0:0:
64,192,101307,1,0,0:0:0:0:
320,192,101307,1,0,0:0:0:0:
448,192,101307,1,0,0:0:0:0:
64,192,101415,1,0,0:0:0:0:
192,192,101415,1,0,0:0:0:0:
192,192,101522,1,0,0:0:0:0:
320,192,101522,1,0,0:0:0:0:
448,192,101522,1,0,0:0:0:0:
64,192,101629,1,0,0:0:0:0:
448,192,101629,1,0,0:0:0:0:
64,192,101736,1,0,0:0:0:0:
192,192,101736,1,0,0:0:0:0:
320,192,101736,1,0,0:0:0:0:
320,192,101843,1,0,0:0:0:0:
448,192,101843,1,0,0:0:0:0:
64,192,101950,1,0,0:0:0:0:
192,192,101950,1,0,0:0:0:0:
448,192,101950,1,0,0:0:0:0:
64,192,102057,1,0,0:0:0:0:
192,192,102057,1,0,0:0:0:0:
320,192,102057,1,0,0:0:0:0:
192,192,102165,1,0,0:0:0:0:
320,192,102165,1,0,0:0:0:0:
448,192,102165,1,0,0:0:0:0:
64,192,102272,1,0,0:0:0:0:
448,192,102272,1,0,0:0:0:0:
64,192,102379,1,0,0:0:0:0:
192,192,102379,1,0,0:0:0:0:
320,192,102379,1,0,0:0:0:0:
192,192,102486,1,0,0:0:0:0:
448,192,102486,1,0,0:0:0:0:
64,192,102593,1,0,0:0:0:0:
320,192,102593,1,0,0:0:0:0:
448,192,102593,1,0,0:0:0:0:
192,192,102700,1,0,0:0:0:0:
320,192,102700,1,0,0:0:0:0:
64,192,102807,1,0,0:0:0:0:
192,192,102807,1,0,0:0:0:0:
448,192,102807,1,0,0:0:0:0:
64,192,102915,1,0,0:0:0:0:
320,192,102915,1,0,0:0:0:0:
448,192,102915,1,0,0:0:0:0:
64,192,103022,1,0,0:0:0:0:
192,192,103022,1,0,0:0:0:0:
320,192,103022,1,0,0:0:0:0:
192,192,103129,1,0,0:0:0:0:
448,192,103129,1,0,0:0:0:0:
320,192,103236,1,0,0:0:0:0:
448,192,103236,1,0,0:0:0:0:
64,192,103343,1,0,0:0:0:0:
192,192,103343,1,0,0:0:0:0:
64,192,103450,1,0,0:0:0:0:
320,192,103450,1,0,0:0:0:0:
448,192,103450,1,0,0:0:0:0:
192,192,103557,1,0,0:0:0:0:
320,192,103557,1,0,0:0:0:0:
192,192,103665,1,0,0:0:0:0:
448,192,103665,1,0,0:0:0:0:
64,192,103772,1,0,0:0:0:0:
320,192,103772,1,0,0:0:0:0:
64,192,103879,1,0,0:0:0:0:
192,192,103879,1,0,0:0:0:0:
448,192,103879,1,0,0:0:0:0:
192,192,103986,1,0,0:0:0:0:
320,192,103986,1,0,0:0:0:0:
448,192,103986,1,0,0:0:0:0:
64,192,104093,1,0,0:0:0:0:
192,192,104093,1,0,0:0:0:0:
448,192,104093,1,0,0:0:0:0:
64,192,104200,1,0,0:0:0:0:
320,192,104200,1,0,0:0:0:0:
64,192,104307,1,0,0:0:0:0:
192,192,104307,1,0,0:0:0:0:
448,192,104307,1,0,0:0:0:0:
320,192,104415,1,0,0:0:0:0:
448,192,104415,1,0,0:0:0:0:
64,192,104522,1,0,0:0:0:0:
192,192,104522,1,0,0:0:0:0:
320,192,104522,1,0,0:0:0:0:
192,192,104629,1,0,0:0:0:0:
320,192,104629,1,0,0:0:0:0:
64,192,104736,1,0,0:0:0:0:
192,192,104736,1,0,0:0:0:0:
448,192,104736,1,0,0:0:0:0:
320,192,104843,1,0,0:0:0:0:
448,192,104843,1,0,0:0:0:0:
64,192,104950,1,0,0:0:0:0:
192,192,104950,1,0,0:0:0:0:
320,192,104950,1,0,0:0:0:0:
64,192,105057,1,0,0:0:0:0:
192,192,105057,1,0,0:0:0:0:
64,192,105165,1,0,0:0:0:0:
320,192,105165,1,0,0:0:0:0:
448,192,105165,1,0,0:0:0:0:
192,192,105272,1,0,0:0:0:0:
448,192,105272,1,0,0:0:0:0:
64,192,105379,1,0,0:0:0:0:
192,192,105379,1,0,0:0:0:0:
320,192,105379,1,0,0:0:0:0:
192,192,105486,1,0,0:0:0:0:
320,192,105486,1,0,0:0:0:0:
64,192,105593,1,0,0:0:0:0:
320,192,105593,1,0,0:0:0:0:
448,192,105593,1,0,0:0:0:0:
64,192,105700,1,0,0:0:0:0:
192,192,105700,1,0,0:0:0:0:
192,192,105807,1,0,0:0:0:0:
320,192,105807,1,0,0:0:0:0:
448,192,105807,1,0,0:0:0:0:
192,192,105915,1,0,0:0:0:0:
448,192,105915,1,0,0:0:0:0:
64,192,106022,1,0,0:0:0:0:
320,192,106022,1,0,0:0:0:0:
448,192,106022,1,0,0:0:0:0:
192,192,106129,1,0,0:0:0:0:
320,192,106129,1,0,0:0:0:0:
64,192,106236,1,0,0:0:0:0:
192,192,106236,1,0,0:0:0:0:
448,192,106236,1,0,0:0:0:0:
320,192,106343,1,0,0:0:0:0:
448,192,106343,1,0,0:0:0:0:
64,192,106450,1,0,0:0:0:0:
192,192,106450,1,0,0:0:0:0:
320,192,106450,1,0,0:0:0:0:
192,192,106557,1,0,0:0:0:0:
448,192,106557,1,0,0:0:0:0:
64,192,106665,1,0,0:0:0:0:
448,192,106665,1,0,0:0:0:0:
64,192,106772,1,0,0:0:0:0:
320,192,106772,1,0,0:0:0:0:
192,192,106879,1,0,0:0:0:0:
320,192,106879,1,0,0:0:0:0:
448,192,106879,1,0,0:0:0:0:
64,192,106986,1,0,0:0:0:0:
192,192,106986,1,0,0:0:0:0:
320,192,107093,1,0,0:0:0:0:
448,192,107093,1,0,0:0:0:0:
192,192,107200,1,0,0:0:0:0:
320,192,107200,1,0,0:0:0:0:
64,192,107307,1,0,0:0:0:0:
192,192,107307,1,0,0:0:0:0:
448,192,107307,1,0,0:0:0:0:
320,192,107415,1,0,0:0:0:0:
448,192,107415,1,0,0:0:0:0:
64,192,107522,1,0,0:0:0:0:
192,192,107522,1,0,0:0:0:0:
192,192,107629,1,0,0:0:0:0:
320,192,107629,1,0,0:0:0:0:
64,192,107736,1,0,0:0:0:0:
320,192,107736,1,0,0:0:0:0:
448,192,107736,1,0,0:0:0:0:
64,192,107843,1,0,0:0:0:0:
192,192,107843,1,0,0:0:0:0:
192,192,107950,1,0,0:0:0:0:
448,192,107950,1,0,0:0:0:0:
320,192,108057,1,0,0:0:0:0:
448,192,108057,1,0,0:0:0:0:
64,192,108165,1,0,0:0:0:0:
192,192,108165,1,0,0:0:0:0:
320,192,108165,1,0,0:0:0:0:
64,192,108272,1,0,0:0:0:0:
448,192,108272,1,0,0:0:0:0:
192,192,108379,1,0,0:0:0:0:
320,192,108379,1,0,0:0:0:0:
448,192,108379,1,0,0:0:0:0:
64,192,108486,1,0,0:0:0:0:
192,192,108486,1,0,0:0:0:0:
64,192,108593,1,0,0:0:0:0:
320,192,108593,1,0,0:0:0:0:
448,192,108593,1,0,0:0:0:0:
192,192,108700,1,0,0:0:0:0:
320,192,108700,1,0,0:0:0:0:
64,192,108807,1,0,0:0:0:0:
192,192,108807,1,0,0:0:0:0:
448,192,108807,1,0,0:0:0:0:
320,192,108915,1,0,0:0:0:0:
448,192,108915,1,0,0:0:0:0:
64,192,109022,1,0,0:0:0:0:
192,192,109022,1,0,0:0:0:0:
320,192,109022,1,0,0:0:0:0:
64,192,109129,1,0,0:0:0:0:
192,192,109129,1,0,0:0:0:0:
448,192,109129,1,0,0:0:0:0:
64,192,109236,1,0,0:0:0:0:
320,192,109236,1,0,0:0:0:0:
448,192,109236,1,0,0:0:0:0:
192,192,109343,1,0,0:0:0:0:
320,192,109343,1,0,0:0:0:0:
448,192,109343,1,0,0:0:0:0:
64,192,109450,1,0,0:0:0:0:
192,192,109450,1,0,0:0:0:0:
320,192,109450,1,0,0:0:0:0:
64,192,109557,1,0,0:0:0:0:
192,192,109557,1,0,0:0:0:0:
448,192,109557,1,0,0:0:0:0:
64,192,109665,1,0,0:0:0:0:
320,192,109665,1,0,0:0:0:0:
448,192,109665,1,0,0:0:0:0:
192,192,109772,1,0,0:0:0:0:
320,192,109772,1,0,0:0:0:0:
448,192,109772,1,0,0:0:0:0:
64,192,109879,1,0,0:0:0:0:
192,192,109879,1,0,0:0:0:0:
320,192,109879,1,0,0:0:0:0:
448,192,109879,1,0,0:0:0:0:
192,192,110093,1,0,0:0:0:0:
448,192,110093,1,0,0:0:0:0:
64,192,110200,1,0,0:0:0:0:
320,192,110307,1,0,0:0:0:0:
192,192,110415,1,0,0:0:0:0:
64,192,110522,1,0,0:0:0:0:
320,192,110629,1,0,0:0:0:0:
192,192,110736,1,0,0:0:0:0:
448,192,110843,1,0,0:0:0:0:
64,192,110950,1,0,0:0:0:0:
320,192,110950,1,0,0:0:0:0:
192,192,111165,1,0,0:0:0:0:
448,192,111165,1,0,0:0:0:0:
64,192,111272,1,0,0:0:0:0:
320,192,111379,1,0,0:0:0:0:
192,192,111486,1,0,0:0:0:0:
64,192,111593,1,0,0:0:0:0:
320,192,111700,1,0,0:0:0:0:
192,192,111807,1,0,0:0:0:0:
448,192,111915,1,0,0:0:0:0:
64,192,112022,1,0,0:0:0:0:
320,192,112022,1,0,0:0:0:0:
192,192,112236,1,0,0:0:0:0:
448,192,112236,1,0,0:0:0:0:
64,192,112343,1,0,0:0:0:0:
320,192,112450,1,0,0:0:0:0:
192,192,112557,1,0,0:0:0:0:
64,192,112665,1,0,0:0:0:0:
320,192,112772,1,0,0:0:0:0:
192,192,112879,1,0,0:0:0:0:
448,192,112986,1,0,0:0:0:0:
64,192,113093,1,0,0:0:0:0:
320,192,113093,1,0,0:0:0:0:
192,192,113307,1,0,0:0:0:0:
64,192,113415,1,0,0:0:0:0:
448,192,113522,1,0,0:0:0:0:
192,192,113629,1,0,0:0:0:0:
64,192,113736,1,0,0:0:0:0:
320,192,113843,1,0,0:0:0:0:
192,192,113950,1,0,0:0:0:0:
448,192,114057,1,0,0:0:0:0:
64,192,114165,1,0,0:0:0:0:
320,192,114165,1,0,0:0:0:0:
192,192,114379,1,0,0:0:0:0:
448,192,114379,1,0,0:0:0:0:
64,192,114486,1,0,0:0:0:0:
448,192,114593,1,0,0:0:0:0:
192,192,114700,1,0,0:0:0:0:
64,192,114807,1,0,0:0:0:0:
320,192,114915,1,0,0:0:0:0:
192,192,115022,1,0,0:0:0:0:
448,192,115129,1,0,0:0:0:0:
64,192,115236,1,0,0:0:0:0:
320,192,115236,1,0,0:0:0:0:
192,192,115450,1,0,0:0:0:0:
448,192,115450,1,0,0:0:0:0:
64,192,115557,1,0,0:0:0:0:
448,192,115665,1,0,0:0:0:0:
192,192,115772,1,0,0:0:0:0:
64,192,115879,1,0,0:0:0:0:
320,192,115986,1,0,0:0:0:0:
192,192,116093,1,0,0:0:0:0:
448,192,116200,1,0,0:0:0:0:
64,192,116307,1,0,0:0:0:0:
320,192,116307,1,0,0:0:0:0:
192,192,116522,1,0,0:0:0:0:
448,192,116522,1,0,0:0:0:0:
64,192,116629,1,0,0:0:0:0:
192,192,116843,1,0,0:0:0:0:
448,192,116950,1,0,0:0:0:0:
320,192,117057,1,0,0:0:0:0:
192,192,117165,1,0,0:0:0:0:
448,192,117272,1,0,0:0:0:0:
64,192,117379,1,0,0:0:0:0:
320,192,117379,1,0,0:0:0:0:
192,192,117593,1,0,0:0:0:0:
320,192,117593,1,0,0:0:0:0:
64,192,117700,1,0,0:0:0:0:
448,192,117807,1,0,0:0:0:0:
192,192,117915,1,0,0:0:0:0:
448,192,118022,1,0,0:0:0:0:
320,192,118129,1,0,0:0:0:0:
192,192,118236,1,0,0:0:0:0:
448,192,118343,1,0,0:0:0:0:
64,192,118450,1,0,0:0:0:0:
320,192,118450,1,0,0:0:0:0:
192,192,118665,1,0,0:0:0:0:
320,192,118665,1,0,0:0:0:0:
64,192,118772,1,0,0:0:0:0:
448,192,118879,1,0,0:0:0:0:
192,192,118986,1,0,0:0:0:0:
448,192,119093,1,0,0:0:0:0:
320,192,119200,1,0,0:0:0:0:
192,192,119307,1,0,0:0:0:0:
448,192,119415,1,0,0:0:0:0:
64,192,119522,1,0,0:0:0:0:
320,192,119522,1,0,0:0:0:0:
192,192,119736,1,0,0:0:0:0:
448,192,119736,1,0,0:0:0:0:
