osu file format v14

[General]
AudioFilename: Sd.mp3
AudioLeadIn: 0
PreviewTime: 29135
Countdown: 0
SampleSet: None
StackLeniency: 0.7
Mode: 3
LetterboxInBreaks: 0
SpecialStyle: 0
WidescreenStoryboard: 1

[Editor]
Bookmarks: 854
DistanceSpacing: 0.8
BeatDivisor: 6
GridSize: 16
TimelineZoom: 1.3

[Metadata]
Title:Dan ~ REFORM ~ SpeedMap Pack
TitleUnicode:Dan ~ REFORM ~ SpeedMap Pack
Artist:Various Artists
ArtistUnicode:Various Artists
Creator:DDMythical
Version:Volcanic ~ Delta ~ (Marathon)
Source:ATTang // ATTang's Bad Files
Tags:
BeatmapID:1345823
BeatmapSetID:598858

[Difficulty]
HPDrainRate:8.5
CircleSize:4
OverallDifficulty:9
ApproachRate:5
SliderMultiplier:1.4
SliderTickRate:1

[Events]
//Background and Video events
0,0,"Speed-Delta.png",0,0
//Break Periods
//Storyboard Layer 0 (Background)
//Storyboard Layer 1 (Fail)
//Storyboard Layer 2 (Pass)
//Storyboard Layer 3 (Foreground)
//Storyboard Sound Samples

[TimingPoints]
235,314.136,4,1,0,15,1,0


[HitObjects]
64,192,4004,5,0,0:0:0:0:
320,192,4004,1,0,0:0:0:0:
448,192,4004,1,0,0:0:0:0:
64,192,4161,1,0,0:0:0:0:
448,192,4161,1,0,0:0:0:0:
320,192,4200,1,0,0:0:0:0:
192,192,4240,1,0,0:0:0:0:
64,192,4279,1,0,0:0:0:0:
320,192,4318,1,0,0:0:0:0:
448,192,4318,1,0,0:0:0:0:
64,192,4475,1,0,0:0:0:0:
192,192,4475,1,0,0:0:0:0:
448,192,4475,1,0,0:0:0:0:
64,192,4632,1,0,0:0:0:0:
448,192,4632,1,0,0:0:0:0:
320,192,4672,1,0,0:0:0:0:
192,192,4711,1,0,0:0:0:0:
64,192,4750,1,0,0:0:0:0:
320,192,4789,1,0,0:0:0:0:
448,192,4789,1,0,0:0:0:0:
64,192,4947,1,0,0:0:0:0:
192,192,4947,1,0,0:0:0:0:
320,192,4947,1,0,0:0:0:0:
448,192,4947,1,0,0:0:0:0:
64,192,5104,1,0,0:0:0:0:
192,192,5104,1,0,0:0:0:0:
320,192,5104,1,0,0:0:0:0:
448,192,5104,1,0,0:0:0:0:
64,192,5261,1,0,0:0:0:0:
320,192,5261,1,0,0:0:0:0:
448,192,5261,1,0,0:0:0:0:
64,192,5418,1,0,0:0:0:0:
448,192,5418,1,0,0:0:0:0:
320,192,5457,1,0,0:0:0:0:
192,192,5496,1,0,0:0:0:0:
64,192,5536,1,0,0:0:0:0:
320,192,5575,1,0,0:0:0:0:
448,192,5575,1,0,0:0:0:0:
64,192,5732,1,0,0:0:0:0:
320,192,5732,1,0,0:0:0:0:
448,192,5732,1,0,0:0:0:0:
64,192,5889,1,0,0:0:0:0:
448,192,5889,1,0,0:0:0:0:
320,192,5928,1,0,0:0:0:0:
192,192,5967,1,0,0:0:0:0:
64,192,6007,1,0,0:0:0:0:
320,192,6046,1,0,0:0:0:0:
448,192,6046,1,0,0:0:0:0:
64,192,6203,1,0,0:0:0:0:
192,192,6203,1,0,0:0:0:0:
320,192,6203,1,0,0:0:0:0:
448,192,6203,1,0,0:0:0:0:
64,192,6360,1,0,0:0:0:0:
192,192,6360,1,0,0:0:0:0:
320,192,6360,1,0,0:0:0:0:
448,192,6360,1,0,0:0:0:0:
64,192,6517,1,0,0:0:0:0:
320,192,6517,1,0,0:0:0:0:
448,192,6517,1,0,0:0:0:0:
64,192,6674,1,0,0:0:0:0:
448,192,6674,1,0,0:0:0:0:
320,192,6714,1,0,0:0:0:0:
192,192,6753,1,0,0:0:0:0:
64,192,6792,1,0,0:0:0:0:
320,192,6831,1,0,0:0:0:0:
448,192,6831,1,0,0:0:0:0:
64,192,6988,1,0,0:0:0:0:
320,192,6988,1,0,0:0:0:0:
448,192,6988,1,0,0:0:0:0:
64,192,7145,1,0,0:0:0:0:
448,192,7145,1,0,0:0:0:0:
320,192,7185,1,0,0:0:0:0:
192,192,7224,1,0,0:0:0:0:
64,192,7263,1,0,0:0:0:0:
320,192,7303,1,0,0:0:0:0:
448,192,7303,1,0,0:0:0:0:
64,192,7460,1,0,0:0:0:0:
192,192,7460,1,0,0:0:0:0:
320,192,7460,1,0,0:0:0:0:
448,192,7460,1,0,0:0:0:0:
64,192,7617,1,0,0:0:0:0:
192,192,7617,1,0,0:0:0:0:
320,192,7617,1,0,0:0:0:0:
448,192,7617,1,0,0:0:0:0:
64,192,7774,1,0,0:0:0:0:
192,192,7774,1,0,0:0:0:0:
320,192,7774,1,0,0:0:0:0:
448,192,7774,1,0,0:0:0:0:
64,192,7931,1,0,0:0:0:0:
448,192,7931,1,0,0:0:0:0:
320,192,7970,1,0,0:0:0:0:
192,192,8009,1,0,0:0:0:0:
64,192,8049,1,0,0:0:0:0:
320,192,8088,1,0,0:0:0:0:
448,192,8088,1,0,0:0:0:0:
192,192,8127,1,0,0:0:0:0:
64,192,8166,1,0,0:0:0:0:
320,192,8206,1,0,0:0:0:0:
192,192,8245,1,0,0:0:0:0:
448,192,8245,1,0,0:0:0:0:
64,192,8284,1,0,0:0:0:0:
320,192,8324,1,0,0:0:0:0:
192,192,8363,1,0,0:0:0:0:
64,192,8402,1,0,0:0:0:0:
448,192,8402,1,0,0:0:0:0:
64,192,8559,1,0,0:0:0:0:
192,192,8559,1,0,0:0:0:0:
320,192,8559,1,0,0:0:0:0:
448,192,8559,1,0,0:0:0:0:
64,192,8716,1,0,0:0:0:0:
192,192,8716,1,0,0:0:0:0:
320,192,8716,1,0,0:0:0:0:
448,192,8716,1,0,0:0:0:0:
192,192,8873,1,0,0:0:0:0:
320,192,8873,1,0,0:0:0:0:
64,192,8952,1,0,0:0:0:0:
448,192,8952,1,0,0:0:0:0:
192,192,9030,1,0,0:0:0:0:
320,192,9030,1,0,0:0:0:0:
64,192,9187,1,0,0:0:0:0:
448,192,9187,1,0,0:0:0:0:
320,192,9227,1,0,0:0:0:0:
192,192,9266,1,0,0:0:0:0:
64,192,9305,1,0,0:0:0:0:
320,192,9344,1,0,0:0:0:0:
448,192,9344,1,0,0:0:0:0:
64,192,9502,1,0,0:0:0:0:
192,192,9502,1,0,0:0:0:0:
320,192,9502,1,0,0:0:0:0:
448,192,9502,1,0,0:0:0:0:
64,192,9659,1,0,0:0:0:0:
448,192,9659,1,0,0:0:0:0:
320,192,9698,1,0,0:0:0:0:
192,192,9737,1,0,0:0:0:0:
64,192,9776,1,0,0:0:0:0:
320,192,9816,1,0,0:0:0:0:
448,192,9816,1,0,0:0:0:0:
64,192,9973,1,0,0:0:0:0:
192,192,9973,1,0,0:0:0:0:
320,192,9973,1,0,0:0:0:0:
448,192,9973,1,0,0:0:0:0:
64,192,10130,1,0,0:0:0:0:
192,192,10130,1,0,0:0:0:0:
320,192,10130,1,0,0:0:0:0:
448,192,10130,1,0,0:0:0:0:
64,192,10287,1,0,0:0:0:0:
192,192,10287,1,0,0:0:0:0:
320,192,10287,1,0,0:0:0:0:
448,192,10287,1,0,0:0:0:0:
64,192,10444,1,0,0:0:0:0:
448,192,10444,1,0,0:0:0:0:
320,192,10483,1,0,0:0:0:0:
192,192,10522,1,0,0:0:0:0:
64,192,10562,1,0,0:0:0:0:
320,192,10601,1,0,0:0:0:0:
448,192,10601,1,0,0:0:0:0:
64,192,10758,1,0,0:0:0:0:
192,192,10758,1,0,0:0:0:0:
320,192,10758,1,0,0:0:0:0:
448,192,10758,1,0,0:0:0:0:
64,192,10915,1,0,0:0:0:0:
448,192,10915,1,0,0:0:0:0:
320,192,10954,1,0,0:0:0:0:
192,192,10994,1,0,0:0:0:0:
64,192,11033,1,0,0:0:0:0:
320,192,11072,1,0,0:0:0:0:
448,192,11072,1,0,0:0:0:0:
64,192,11229,1,0,0:0:0:0:
192,192,11229,1,0,0:0:0:0:
320,192,11229,1,0,0:0:0:0:
448,192,11229,1,0,0:0:0:0:
64,192,11386,1,0,0:0:0:0:
192,192,11386,1,0,0:0:0:0:
320,192,11386,1,0,0:0:0:0:
448,192,11386,1,0,0:0:0:0:
64,192,11543,1,0,0:0:0:0:
192,192,11543,1,0,0:0:0:0:
320,192,11543,1,0,0:0:0:0:
448,192,11543,1,0,0:0:0:0:
64,192,11700,1,0,0:0:0:0:
448,192,11700,1,0,0:0:0:0:
320,192,11740,1,0,0:0:0:0:
192,192,11779,1,0,0:0:0:0:
64,192,11818,1,0,0:0:0:0:
320,192,11858,1,0,0:0:0:0:
448,192,11858,1,0,0:0:0:0:
64,192,12015,1,0,0:0:0:0:
192,192,12015,1,0,0:0:0:0:
320,192,12015,1,0,0:0:0:0:
448,192,12015,1,0,0:0:0:0:
64,192,12172,1,0,0:0:0:0:
448,192,12172,1,0,0:0:0:0:
320,192,12211,1,0,0:0:0:0:
192,192,12250,1,0,0:0:0:0:
64,192,12289,1,0,0:0:0:0:
320,192,12329,1,0,0:0:0:0:
448,192,12329,1,0,0:0:0:0:
64,192,12486,1,0,0:0:0:0:
192,192,12486,1,0,0:0:0:0:
320,192,12486,1,0,0:0:0:0:
448,192,12486,1,0,0:0:0:0:
64,192,12643,1,0,0:0:0:0:
192,192,12643,1,0,0:0:0:0:
320,192,12643,1,0,0:0:0:0:
448,192,12643,1,0,0:0:0:0:
64,192,12800,1,0,0:0:0:0:
192,192,12800,1,0,0:0:0:0:
320,192,12800,1,0,0:0:0:0:
448,192,12800,1,0,0:0:0:0:
64,192,12957,1,0,0:0:0:0:
448,192,12957,1,0,0:0:0:0:
320,192,12996,1,0,0:0:0:0:
192,192,13036,1,0,0:0:0:0:
64,192,13075,1,0,0:0:0:0:
320,192,13114,1,0,0:0:0:0:
448,192,13114,1,0,0:0:0:0:
64,192,13271,1,0,0:0:0:0:
192,192,13271,1,0,0:0:0:0:
320,192,13271,1,0,0:0:0:0:
448,192,13271,1,0,0:0:0:0:
64,192,13428,1,0,0:0:0:0:
448,192,13428,1,0,0:0:0:0:
320,192,13467,1,0,0:0:0:0:
192,192,13507,1,0,0:0:0:0:
64,192,13546,1,0,0:0:0:0:
320,192,13585,1,0,0:0:0:0:
448,192,13585,1,0,0:0:0:0:
192,192,13625,1,0,0:0:0:0:
64,192,13664,1,0,0:0:0:0:
320,192,13703,1,0,0:0:0:0:
192,192,13742,1,0,0:0:0:0:
448,192,13742,1,0,0:0:0:0:
64,192,13899,1,0,0:0:0:0:
192,192,13899,1,0,0:0:0:0:
320,192,13899,1,0,0:0:0:0:
448,192,13899,1,0,0:0:0:0:
64,192,14056,1,0,0:0:0:0:
192,192,14056,1,0,0:0:0:0:
320,192,14056,1,0,0:0:0:0:
448,192,14056,1,0,0:0:0:0:
64,192,14214,1,0,0:0:0:0:
448,192,14214,1,0,0:0:0:0:
320,192,14253,1,0,0:0:0:0:
192,192,14292,1,0,0:0:0:0:
64,192,14331,1,0,0:0:0:0:
320,192,14371,1,0,0:0:0:0:
448,192,14371,1,0,0:0:0:0:
64,192,14528,1,0,0:0:0:0:
192,192,14528,1,0,0:0:0:0:
320,192,14528,1,0,0:0:0:0:
448,192,14528,1,0,0:0:0:0:
64,192,14685,1,0,0:0:0:0:
448,192,14685,1,0,0:0:0:0:
320,192,14724,1,0,0:0:0:0:
192,192,14763,1,0,0:0:0:0:
64,192,14803,1,0,0:0:0:0:
320,192,14842,1,0,0:0:0:0:
448,192,14842,1,0,0:0:0:0:
64,192,14999,1,0,0:0:0:0:
192,192,14999,1,0,0:0:0:0:
320,192,14999,1,0,0:0:0:0:
448,192,14999,1,0,0:0:0:0:
64,192,15156,1,0,0:0:0:0:
192,192,15156,1,0,0:0:0:0:
320,192,15156,1,0,0:0:0:0:
448,192,15156,1,0,0:0:0:0:
64,192,15313,1,0,0:0:0:0:
192,192,15313,1,0,0:0:0:0:
320,192,15313,1,0,0:0:0:0:
448,192,15313,1,0,0:0:0:0:
64,192,15470,1,0,0:0:0:0:
448,192,15470,1,0,0:0:0:0:
320,192,15509,1,0,0:0:0:0:
192,192,15549,1,0,0:0:0:0:
64,192,15588,1,0,0:0:0:0:
320,192,15627,1,0,0:0:0:0:
448,192,15627,1,0,0:0:0:0:
64,192,15784,1,0,0:0:0:0:
192,192,15784,1,0,0:0:0:0:
320,192,15784,1,0,0:0:0:0:
448,192,15784,1,0,0:0:0:0:
64,192,15941,1,0,0:0:0:0:
448,192,15941,1,0,0:0:0:0:
320,192,15981,1,0,0:0:0:0:
192,192,16020,1,0,0:0:0:0:
64,192,16059,1,0,0:0:0:0:
320,192,16098,1,0,0:0:0:0:
448,192,16098,1,0,0:0:0:0:
64,192,16255,1,0,0:0:0:0:
192,192,16255,1,0,0:0:0:0:
320,192,16255,1,0,0:0:0:0:
448,192,16255,1,0,0:0:0:0:
64,192,16413,1,0,0:0:0:0:
192,192,16413,1,0,0:0:0:0:
320,192,16413,1,0,0:0:0:0:
448,192,16413,1,0,0:0:0:0:
64,192,16570,1,0,0:0:0:0:
192,192,16570,1,0,0:0:0:0:
320,192,16570,1,0,0:0:0:0:
448,192,16570,1,0,0:0:0:0:
64,192,16727,1,0,0:0:0:0:
448,192,16727,1,0,0:0:0:0:
320,192,16766,1,0,0:0:0:0:
192,192,16805,1,0,0:0:0:0:
64,192,16844,1,0,0:0:0:0:
320,192,16884,1,0,0:0:0:0:
448,192,16884,1,0,0:0:0:0:
64,192,17041,1,0,0:0:0:0:
192,192,17041,1,0,0:0:0:0:
320,192,17041,1,0,0:0:0:0:
448,192,17041,1,0,0:0:0:0:
64,192,17198,1,0,0:0:0:0:
448,192,17198,1,0,0:0:0:0:
320,192,17237,1,0,0:0:0:0:
192,192,17276,1,0,0:0:0:0:
64,192,17316,1,0,0:0:0:0:
320,192,17355,1,0,0:0:0:0:
448,192,17355,1,0,0:0:0:0:
64,192,17512,1,0,0:0:0:0:
192,192,17512,1,0,0:0:0:0:
320,192,17512,1,0,0:0:0:0:
448,192,17512,1,0,0:0:0:0:
64,192,17669,1,0,0:0:0:0:
192,192,17669,1,0,0:0:0:0:
320,192,17669,1,0,0:0:0:0:
448,192,17669,1,0,0:0:0:0:
64,192,17826,1,0,0:0:0:0:
192,192,17826,1,0,0:0:0:0:
320,192,17826,1,0,0:0:0:0:
448,192,17826,1,0,0:0:0:0:
64,192,17983,1,0,0:0:0:0:
448,192,17983,1,0,0:0:0:0:
320,192,18022,1,0,0:0:0:0:
192,192,18062,1,0,0:0:0:0:
64,192,18101,1,0,0:0:0:0:
320,192,18140,1,0,0:0:0:0:
448,192,18140,1,0,0:0:0:0:
320,192,18297,1,0,0:0:0:0:
448,192,18297,1,0,0:0:0:0:
192,192,18337,1,0,0:0:0:0:
64,192,18376,1,0,0:0:0:0:
320,192,18415,1,0,0:0:0:0:
192,192,18454,1,0,0:0:0:0:
448,192,18454,1,0,0:0:0:0:
64,192,18611,1,0,0:0:0:0:
192,192,18611,1,0,0:0:0:0:
320,192,18611,1,0,0:0:0:0:
448,192,18611,1,0,0:0:0:0:
64,192,18769,1,0,0:0:0:0:
192,192,18769,1,0,0:0:0:0:
320,192,18769,1,0,0:0:0:0:
448,192,18769,1,0,0:0:0:0:
320,192,18926,1,0,0:0:0:0:
448,192,18926,1,0,0:0:0:0:
192,192,19004,1,0,0:0:0:0:
64,192,19083,1,0,0:0:0:0:
320,192,19083,1,0,0:0:0:0:
448,192,19083,1,0,0:0:0:0:
64,192,19240,1,0,0:0:0:0:
448,192,19240,1,0,0:0:0:0:
320,192,19279,1,0,0:0:0:0:
192,192,19318,1,0,0:0:0:0:
64,192,19358,1,0,0:0:0:0:
320,192,19397,1,0,0:0:0:0:
448,192,19397,1,0,0:0:0:0:
64,192,19554,1,0,0:0:0:0:
192,192,19554,1,0,0:0:0:0:
320,192,19554,1,0,0:0:0:0:
448,192,19554,1,0,0:0:0:0:
64,192,19711,1,0,0:0:0:0:
448,192,19711,1,0,0:0:0:0:
320,192,19750,1,0,0:0:0:0:
192,192,19789,1,0,0:0:0:0:
64,192,19829,1,0,0:0:0:0:
320,192,19868,1,0,0:0:0:0:
448,192,19868,1,0,0:0:0:0:
64,192,20025,1,0,0:0:0:0:
192,192,20025,1,0,0:0:0:0:
320,192,20025,1,0,0:0:0:0:
448,192,20025,1,0,0:0:0:0:
64,192,20182,1,0,0:0:0:0:
192,192,20182,1,0,0:0:0:0:
320,192,20182,1,0,0:0:0:0:
448,192,20182,1,0,0:0:0:0:
64,192,20339,1,0,0:0:0:0:
192,192,20339,1,0,0:0:0:0:
320,192,20339,1,0,0:0:0:0:
448,192,20339,1,0,0:0:0:0:
64,192,20496,1,0,0:0:0:0:
448,192,20496,1,0,0:0:0:0:
320,192,20536,1,0,0:0:0:0:
192,192,20575,1,0,0:0:0:0:
64,192,20614,1,0,0:0:0:0:
320,192,20653,1,0,0:0:0:0:
448,192,20653,1,0,0:0:0:0:
64,192,20810,1,0,0:0:0:0:
192,192,20810,1,0,0:0:0:0:
320,192,20810,1,0,0:0:0:0:
448,192,20810,1,0,0:0:0:0:
64,192,20967,1,0,0:0:0:0:
448,192,20967,1,0,0:0:0:0:
320,192,21007,1,0,0:0:0:0:
192,192,21046,1,0,0:0:0:0:
64,192,21085,1,0,0:0:0:0:
320,192,21125,1,0,0:0:0:0:
448,192,21125,1,0,0:0:0:0:
64,192,21282,1,0,0:0:0:0:
192,192,21282,1,0,0:0:0:0:
320,192,21282,1,0,0:0:0:0:
448,192,21282,1,0,0:0:0:0:
64,192,21439,1,0,0:0:0:0:
192,192,21439,1,0,0:0:0:0:
320,192,21439,1,0,0:0:0:0:
448,192,21439,1,0,0:0:0:0:
64,192,21596,1,0,0:0:0:0:
192,192,21596,1,0,0:0:0:0:
320,192,21596,1,0,0:0:0:0:
448,192,21596,1,0,0:0:0:0:
64,192,21753,1,0,0:0:0:0:
448,192,21753,1,0,0:0:0:0:
320,192,21792,1,0,0:0:0:0:
192,192,21831,1,0,0:0:0:0:
64,192,21871,1,0,0:0:0:0:
320,192,21910,1,0,0:0:0:0:
448,192,21910,1,0,0:0:0:0:
64,192,22067,1,0,0:0:0:0:
192,192,22067,1,0,0:0:0:0:
320,192,22067,1,0,0:0:0:0:
448,192,22067,1,0,0:0:0:0:
64,192,22224,1,0,0:0:0:0:
448,192,22224,1,0,0:0:0:0:
320,192,22263,1,0,0:0:0:0:
192,192,22303,1,0,0:0:0:0:
64,192,22342,1,0,0:0:0:0:
320,192,22381,1,0,0:0:0:0:
448,192,22381,1,0,0:0:0:0:
64,192,22538,1,0,0:0:0:0:
192,192,22538,1,0,0:0:0:0:
320,192,22538,1,0,0:0:0:0:
448,192,22538,1,0,0:0:0:0:
64,192,22695,1,0,0:0:0:0:
192,192,22695,1,0,0:0:0:0:
320,192,22695,1,0,0:0:0:0:
448,192,22695,1,0,0:0:0:0:
64,192,22852,1,0,0:0:0:0:
192,192,22852,1,0,0:0:0:0:
320,192,22852,1,0,0:0:0:0:
448,192,22852,1,0,0:0:0:0:
64,192,23009,1,0,0:0:0:0:
448,192,23009,1,0,0:0:0:0:
320,192,23049,1,0,0:0:0:0:
192,192,23088,1,0,0:0:0:0:
64,192,23127,1,0,0:0:0:0:
320,192,23166,1,0,0:0:0:0:
448,192,23166,1,0,0:0:0:0:
64,192,23324,1,0,0:0:0:0:
192,192,23324,1,0,0:0:0:0:
320,192,23324,1,0,0:0:0:0:
448,192,23324,1,0,0:0:0:0:
64,192,23481,1,0,0:0:0:0:
448,192,23481,1,0,0:0:0:0:
320,192,23520,1,0,0:0:0:0:
192,192,23559,1,0,0:0:0:0:
64,192,23598,1,0,0:0:0:0:
320,192,23638,1,0,0:0:0:0:
448,192,23638,1,0,0:0:0:0:
192,192,23677,1,0,0:0:0:0:
64,192,23716,1,0,0:0:0:0:
320,192,23755,1,0,0:0:0:0:
192,192,23795,1,0,0:0:0:0:
448,192,23795,1,0,0:0:0:0:
64,192,23952,1,0,0:0:0:0:
192,192,23952,1,0,0:0:0:0:
320,192,23952,1,0,0:0:0:0:
448,192,23952,1,0,0:0:0:0:
64,192,24109,1,0,0:0:0:0:
192,192,24109,1,0,0:0:0:0:
320,192,24109,1,0,0:0:0:0:
448,192,24109,1,0,0:0:0:0:
64,192,24266,1,0,0:0:0:0:
448,192,24266,1,0,0:0:0:0:
320,192,24305,1,0,0:0:0:0:
192,192,24344,1,0,0:0:0:0:
64,192,24384,1,0,0:0:0:0:
320,192,24423,1,0,0:0:0:0:
448,192,24423,1,0,0:0:0:0:
64,192,24580,1,0,0:0:0:0:
192,192,24580,1,0,0:0:0:0:
320,192,24580,1,0,0:0:0:0:
448,192,24580,1,0,0:0:0:0:
64,192,24737,1,0,0:0:0:0:
448,192,24737,1,0,0:0:0:0:
320,192,24776,1,0,0:0:0:0:
192,192,24816,1,0,0:0:0:0:
64,192,24855,1,0,0:0:0:0:
320,192,24894,1,0,0:0:0:0:
448,192,24894,1,0,0:0:0:0:
64,192,25051,1,0,0:0:0:0:
192,192,25051,1,0,0:0:0:0:
320,192,25051,1,0,0:0:0:0:
448,192,25051,1,0,0:0:0:0:
64,192,25208,1,0,0:0:0:0:
192,192,25208,1,0,0:0:0:0:
320,192,25208,1,0,0:0:0:0:
448,192,25208,1,0,0:0:0:0:
64,192,25365,1,0,0:0:0:0:
192,192,25365,1,0,0:0:0:0:
320,192,25365,1,0,0:0:0:0:
448,192,25365,1,0,0:0:0:0:
64,192,25522,1,0,0:0:0:0:
448,192,25522,1,0,0:0:0:0:
320,192,25562,1,0,0:0:0:0:
192,192,25601,1,0,0:0:0:0:
64,192,25640,1,0,0:0:0:0:
320,192,25680,1,0,0:0:0:0:
448,192,25680,1,0,0:0:0:0:
64,192,25837,1,0,0:0:0:0:
192,192,25837,1,0,0:0:0:0:
320,192,25837,1,0,0:0:0:0:
448,192,25837,1,0,0:0:0:0:
64,192,25994,1,0,0:0:0:0:
448,192,25994,1,0,0:0:0:0:
320,192,26033,1,0,0:0:0:0:
192,192,26072,1,0,0:0:0:0:
64,192,26111,1,0,0:0:0:0:
320,192,26151,1,0,0:0:0:0:
448,192,26151,1,0,0:0:0:0:
64,192,26308,1,0,0:0:0:0:
192,192,26308,1,0,0:0:0:0:
320,192,26308,1,0,0:0:0:0:
448,192,26308,1,0,0:0:0:0:
64,192,26465,1,0,0:0:0:0:
192,192,26465,1,0,0:0:0:0:
320,192,26465,1,0,0:0:0:0:
448,192,26465,1,0,0:0:0:0:
64,192,26622,1,0,0:0:0:0:
448,192,26622,1,0,0:0:0:0:
320,192,26661,1,0,0:0:0:0:
192,192,26700,1,0,0:0:0:0:
64,192,26740,1,0,0:0:0:0:
320,192,26779,1,0,0:0:0:0:
448,192,26779,1,0,0:0:0:0:
192,192,26818,1,0,0:0:0:0:
64,192,26858,1,0,0:0:0:0:
320,192,26897,1,0,0:0:0:0:
192,192,26936,1,0,0:0:0:0:
448,192,26936,1,0,0:0:0:0:
64,192,26975,1,0,0:0:0:0:
320,192,27015,1,0,0:0:0:0:
192,192,27054,1,0,0:0:0:0:
64,192,27093,1,0,0:0:0:0:
448,192,27093,1,0,0:0:0:0:
320,192,27132,1,0,0:0:0:0:
192,192,27172,1,0,0:0:0:0:
64,192,27211,1,0,0:0:0:0:
320,192,27250,1,0,0:0:0:0:
448,192,27250,1,0,0:0:0:0:
192,192,27289,1,0,0:0:0:0:
64,192,27329,1,0,0:0:0:0:
320,192,27368,1,0,0:0:0:0:
192,192,27407,1,0,0:0:0:0:
448,192,27407,1,0,0:0:0:0:
64,192,27447,1,0,0:0:0:0:
320,192,27486,1,0,0:0:0:0:
192,192,27525,1,0,0:0:0:0:
64,192,27564,1,0,0:0:0:0:
448,192,27564,1,0,0:0:0:0:
320,192,27604,1,0,0:0:0:0:
192,192,27643,1,0,0:0:0:0:
64,192,27682,1,0,0:0:0:0:
320,192,27721,1,0,0:0:0:0:
448,192,27721,1,0,0:0:0:0:
64,192,27878,1,0,0:0:0:0:
192,192,27878,1,0,0:0:0:0:
320,192,27878,1,0,0:0:0:0:
448,192,27878,1,0,0:0:0:0:
64,192,28036,1,0,0:0:0:0:
448,192,28036,1,0,0:0:0:0:
320,192,28075,1,0,0:0:0:0:
192,192,28114,1,0,0:0:0:0:
64,192,28153,1,0,0:0:0:0:
320,192,28193,1,0,0:0:0:0:
448,192,28193,1,0,0:0:0:0:
64,192,28350,1,0,0:0:0:0:
448,192,28350,1,0,0:0:0:0:
320,192,28389,1,0,0:0:0:0:
192,192,28428,1,0,0:0:0:0:
64,192,28467,1,0,0:0:0:0:
320,192,28507,1,0,0:0:0:0:
448,192,28507,1,0,0:0:0:0:
192,192,28546,1,0,0:0:0:0:
64,192,28585,1,0,0:0:0:0:
320,192,28625,1,0,0:0:0:0:
192,192,28664,1,0,0:0:0:0:
448,192,28664,1,0,0:0:0:0:
64,192,28821,1,0,0:0:0:0:
192,192,28821,1,0,0:0:0:0:
320,192,28821,1,0,0:0:0:0:
448,192,28821,1,0,0:0:0:0:
64,192,28978,1,0,0:0:0:0:
192,192,28978,1,0,0:0:0:0:
320,192,28978,1,0,0:0:0:0:
448,192,28978,1,0,0:0:0:0:
64,192,29135,1,0,0:0:0:0:
448,192,29135,1,0,0:0:0:0:
320,192,29174,1,0,0:0:0:0:
192,192,29214,1,0,0:0:0:0:
64,192,29253,1,0,0:0:0:0:
320,192,29292,1,0,0:0:0:0:
192,192,29331,1,0,0:0:0:0:
448,192,29371,1,0,0:0:0:0:
64,192,29410,1,0,0:0:0:0:
320,192,29449,1,0,0:0:0:0:
192,192,29488,1,0,0:0:0:0:
448,192,29528,1,0,0:0:0:0:
320,192,29567,1,0,0:0:0:0:
192,192,29606,1,0,0:0:0:0:
64,192,29645,1,0,0:0:0:0:
320,192,29685,1,0,0:0:0:0:
192,192,29724,1,0,0:0:0:0:
448,192,29763,1,0,0:0:0:0:
64,192,29803,1,0,0:0:0:0:
320,192,29842,1,0,0:0:0:0:
192,192,29881,1,0,0:0:0:0:
64,192,29920,1,0,0:0:0:0:
448,192,29960,1,0,0:0:0:0:
192,192,29999,1,0,0:0:0:0:
320,192,30038,1,0,0:0:0:0:
64,192,30077,1,0,0:0:0:0:
448,192,30117,1,0,0:0:0:0:
320,192,30156,1,0,0:0:0:0:
192,192,30195,1,0,0:0:0:0:
64,192,30234,1,0,0:0:0:0:
320,192,30274,1,0,0:0:0:0:
192,192,30313,1,0,0:0:0:0:
448,192,30352,1,0,0:0:0:0:
64,192,30392,1,0,0:0:0:0:
320,192,30392,1,0,0:0:0:0:
192,192,30431,1,0,0:0:0:0:
448,192,30470,1,0,0:0:0:0:
320,192,30509,1,0,0:0:0:0:
64,192,30549,1,0,0:0:0:0:
192,192,30588,1,0,0:0:0:0:
448,192,30627,1,0,0:0:0:0:
64,192,30666,1,0,0:0:0:0:
320,192,30706,1,0,0:0:0:0:
192,192,30745,1,0,0:0:0:0:
448,192,30784,1,0,0:0:0:0:
320,192,30824,1,0,0:0:0:0:
192,192,30863,1,0,0:0:0:0:
64,192,30902,1,0,0:0:0:0:
320,192,30941,1,0,0:0:0:0:
192,192,30981,1,0,0:0:0:0:
448,192,31020,1,0,0:0:0:0:
64,192,31059,1,0,0:0:0:0:
320,192,31098,1,0,0:0:0:0:
192,192,31138,1,0,0:0:0:0:
448,192,31177,1,0,0:0:0:0:
64,192,31216,1,0,0:0:0:0:
192,192,31255,1,0,0:0:0:0:
320,192,31295,1,0,0:0:0:0:
64,192,31334,1,0,0:0:0:0:
448,192,31373,1,0,0:0:0:0:
192,192,31413,1,0,0:0:0:0:
320,192,31452,1,0,0:0:0:0:
64,192,31491,1,0,0:0:0:0:
448,192,31530,1,0,0:0:0:0:
320,192,31570,1,0,0:0:0:0:
192,192,31609,1,0,0:0:0:0:
64,192,31648,1,0,0:0:0:0:
448,192,31648,1,0,0:0:0:0:
320,192,31687,1,0,0:0:0:0:
192,192,31727,1,0,0:0:0:0:
64,192,31766,1,0,0:0:0:0:
448,192,31805,1,0,0:0:0:0:
192,192,31844,1,0,0:0:0:0:
320,192,31884,1,0,0:0:0:0:
64,192,31923,1,0,0:0:0:0:
448,192,31962,1,0,0:0:0:0:
320,192,32002,1,0,0:0:0:0:
64,192,32041,1,0,0:0:0:0:
192,192,32080,1,0,0:0:0:0:
448,192,32119,1,0,0:0:0:0:
64,192,32159,1,0,0:0:0:0:
320,192,32198,1,0,0:0:0:0:
192,192,32237,1,0,0:0:0:0:
448,192,32276,1,0,0:0:0:0:
320,192,32316,1,0,0:0:0:0:
192,192,32355,1,0,0:0:0:0:
448,192,32394,1,0,0:0:0:0:
64,192,32433,1,0,0:0:0:0:
320,192,32473,1,0,0:0:0:0:
192,192,32512,1,0,0:0:0:0:
448,192,32551,1,0,0:0:0:0:
64,192,32591,1,0,0:0:0:0:
192,192,32630,1,0,0:0:0:0:
320,192,32669,1,0,0:0:0:0:
448,192,32708,1,0,0:0:0:0:
64,192,32748,1,0,0:0:0:0:
320,192,32787,1,0,0:0:0:0:
192,192,32826,1,0,0:0:0:0:
448,192,32865,1,0,0:0:0:0:
64,192,32905,1,0,0:0:0:0:
320,192,32905,1,0,0:0:0:0:
192,192,32944,1,0,0:0:0:0:
448,192,32983,1,0,0:0:0:0:
320,192,33022,1,0,0:0:0:0:
192,192,33062,1,0,0:0:0:0:
64,192,33101,1,0,0:0:0:0:
320,192,33140,1,0,0:0:0:0:
192,192,33180,1,0,0:0:0:0:
448,192,33219,1,0,0:0:0:0:
64,192,33258,1,0,0:0:0:0:
320,192,33297,1,0,0:0:0:0:
192,192,33337,1,0,0:0:0:0:
448,192,33376,1,0,0:0:0:0:
64,192,33415,1,0,0:0:0:0:
192,192,33454,1,0,0:0:0:0:
320,192,33494,1,0,0:0:0:0:
64,192,33533,1,0,0:0:0:0:
448,192,33572,1,0,0:0:0:0:
192,192,33611,1,0,0:0:0:0:
320,192,33651,1,0,0:0:0:0:
64,192,33690,1,0,0:0:0:0:
448,192,33729,1,0,0:0:0:0:
320,192,33769,1,0,0:0:0:0:
192,192,33808,1,0,0:0:0:0:
64,192,33847,1,0,0:0:0:0:
320,192,33886,1,0,0:0:0:0:
192,192,33926,1,0,0:0:0:0:
448,192,33965,1,0,0:0:0:0:
64,192,34004,1,0,0:0:0:0:
320,192,34043,1,0,0:0:0:0:
192,192,34083,1,0,0:0:0:0:
448,192,34122,1,0,0:0:0:0:
64,192,34161,1,0,0:0:0:0:
320,192,34161,1,0,0:0:0:0:
448,192,34200,1,0,0:0:0:0:
192,192,34240,1,0,0:0:0:0:
320,192,34279,1,0,0:0:0:0:
64,192,34318,1,0,0:0:0:0:
192,192,34358,1,0,0:0:0:0:
320,192,34397,1,0,0:0:0:0:
448,192,34436,1,0,0:0:0:0:
192,192,34475,1,0,0:0:0:0:
320,192,34515,1,0,0:0:0:0:
64,192,34554,1,0,0:0:0:0:
448,192,34593,1,0,0:0:0:0:
320,192,34632,1,0,0:0:0:0:
192,192,34672,1,0,0:0:0:0:
64,192,34711,1,0,0:0:0:0:
320,192,34750,1,0,0:0:0:0:
192,192,34789,1,0,0:0:0:0:
448,192,34829,1,0,0:0:0:0:
64,192,34868,1,0,0:0:0:0:
320,192,34907,1,0,0:0:0:0:
192,192,34947,1,0,0:0:0:0:
64,192,34986,1,0,0:0:0:0:
448,192,35025,1,0,0:0:0:0:
192,192,35064,1,0,0:0:0:0:
320,192,35104,1,0,0:0:0:0:
64,192,35143,1,0,0:0:0:0:
448,192,35182,1,0,0:0:0:0:
320,192,35221,1,0,0:0:0:0:
64,192,35261,1,0,0:0:0:0:
192,192,35300,1,0,0:0:0:0:
448,192,35339,1,0,0:0:0:0:
64,192,35378,1,0,0:0:0:0:
192,192,35418,1,0,0:0:0:0:
320,192,35418,1,0,0:0:0:0:
64,192,35457,1,0,0:0:0:0:
448,192,35496,1,0,0:0:0:0:
320,192,35536,1,0,0:0:0:0:
192,192,35575,1,0,0:0:0:0:
64,192,35614,1,0,0:0:0:0:
320,192,35653,1,0,0:0:0:0:
192,192,35693,1,0,0:0:0:0:
448,192,35732,1,0,0:0:0:0:
64,192,35771,1,0,0:0:0:0:
320,192,35810,1,0,0:0:0:0:
192,192,35850,1,0,0:0:0:0:
448,192,35889,1,0,0:0:0:0:
320,192,35928,1,0,0:0:0:0:
64,192,35967,1,0,0:0:0:0:
192,192,36007,1,0,0:0:0:0:
448,192,36046,1,0,0:0:0:0:
64,192,36085,1,0,0:0:0:0:
320,192,36125,1,0,0:0:0:0:
192,192,36164,1,0,0:0:0:0:
448,192,36203,1,0,0:0:0:0:
320,192,36242,1,0,0:0:0:0:
192,192,36282,1,0,0:0:0:0:
64,192,36321,1,0,0:0:0:0:
320,192,36360,1,0,0:0:0:0:
192,192,36399,1,0,0:0:0:0:
448,192,36439,1,0,0:0:0:0:
64,192,36478,1,0,0:0:0:0:
320,192,36517,1,0,0:0:0:0:
192,192,36556,1,0,0:0:0:0:
64,192,36596,1,0,0:0:0:0:
448,192,36635,1,0,0:0:0:0:
192,192,36674,1,0,0:0:0:0:
320,192,36674,1,0,0:0:0:0:
448,192,36714,1,0,0:0:0:0:
64,192,36753,1,0,0:0:0:0:
320,192,36792,1,0,0:0:0:0:
192,192,36831,1,0,0:0:0:0:
448,192,36871,1,0,0:0:0:0:
64,192,36910,1,0,0:0:0:0:
192,192,36949,1,0,0:0:0:0:
448,192,36988,1,0,0:0:0:0:
320,192,37028,1,0,0:0:0:0:
64,192,37067,1,0,0:0:0:0:
448,192,37106,1,0,0:0:0:0:
192,192,37145,1,0,0:0:0:0:
320,192,37185,1,0,0:0:0:0:
64,192,37224,1,0,0:0:0:0:
192,192,37263,1,0,0:0:0:0:
320,192,37303,1,0,0:0:0:0:
64,192,37342,1,0,0:0:0:0:
448,192,37381,1,0,0:0:0:0:
320,192,37420,1,0,0:0:0:0:
192,192,37460,1,0,0:0:0:0:
64,192,37499,1,0,0:0:0:0:
320,192,37538,1,0,0:0:0:0:
192,192,37577,1,0,0:0:0:0:
448,192,37617,1,0,0:0:0:0:
320,192,37656,1,0,0:0:0:0:
192,192,37695,1,0,0:0:0:0:
64,192,37734,1,0,0:0:0:0:
320,192,37774,1,0,0:0:0:0:
192,192,37813,1,0,0:0:0:0:
448,192,37852,1,0,0:0:0:0:
320,192,37892,1,0,0:0:0:0:
64,192,37931,1,0,0:0:0:0:
192,192,37931,1,0,0:0:0:0:
448,192,37970,1,0,0:0:0:0:
320,192,38009,1,0,0:0:0:0:
192,192,38049,1,0,0:0:0:0:
64,192,38088,1,0,0:0:0:0:
448,192,38088,1,0,0:0:0:0:
320,192,38127,1,0,0:0:0:0:
192,192,38166,1,0,0:0:0:0:
64,192,38206,1,0,0:0:0:0:
192,192,38245,1,0,0:0:0:0:
320,192,38284,1,0,0:0:0:0:
448,192,38324,1,0,0:0:0:0:
320,192,38363,1,0,0:0:0:0:
192,192,38402,1,0,0:0:0:0:
64,192,38441,1,0,0:0:0:0:
192,192,38481,1,0,0:0:0:0:
320,192,38520,1,0,0:0:0:0:
448,192,38559,1,0,0:0:0:0:
320,192,38598,1,0,0:0:0:0:
192,192,38638,1,0,0:0:0:0:
448,192,38677,1,0,0:0:0:0:
320,192,38716,1,0,0:0:0:0:
192,192,38755,1,0,0:0:0:0:
64,192,38795,1,0,0:0:0:0:
320,192,38834,1,0,0:0:0:0:
192,192,38873,1,0,0:0:0:0:
64,192,38913,1,0,0:0:0:0:
448,192,38952,1,0,0:0:0:0:
320,192,38991,1,0,0:0:0:0:
192,192,39030,1,0,0:0:0:0:
64,192,39070,1,0,0:0:0:0:
320,192,39109,1,0,0:0:0:0:
192,192,39148,1,0,0:0:0:0:
64,192,39187,1,0,0:0:0:0:
448,192,39187,1,0,0:0:0:0:
320,192,39227,1,0,0:0:0:0:
192,192,39266,1,0,0:0:0:0:
64,192,39305,1,0,0:0:0:0:
320,192,39344,1,0,0:0:0:0:
192,192,39384,1,0,0:0:0:0:
448,192,39423,1,0,0:0:0:0:
64,192,39462,1,0,0:0:0:0:
320,192,39502,1,0,0:0:0:0:
192,192,39541,1,0,0:0:0:0:
64,192,39580,1,0,0:0:0:0:
448,192,39619,1,0,0:0:0:0:
192,192,39659,1,0,0:0:0:0:
320,192,39698,1,0,0:0:0:0:
64,192,39737,1,0,0:0:0:0:
192,192,39776,1,0,0:0:0:0:
320,192,39816,1,0,0:0:0:0:
448,192,39816,1,0,0:0:0:0:
64,192,39855,1,0,0:0:0:0:
192,192,39894,1,0,0:0:0:0:
320,192,39933,1,0,0:0:0:0:
448,192,39973,1,0,0:0:0:0:
192,192,40012,1,0,0:0:0:0:
320,192,40051,1,0,0:0:0:0:
64,192,40091,1,0,0:0:0:0:
448,192,40130,1,0,0:0:0:0:
192,192,40169,1,0,0:0:0:0:
320,192,40208,1,0,0:0:0:0:
64,192,40248,1,0,0:0:0:0:
448,192,40287,1,0,0:0:0:0:
320,192,40326,1,0,0:0:0:0:
192,192,40365,1,0,0:0:0:0:
64,192,40405,1,0,0:0:0:0:
320,192,40444,1,0,0:0:0:0:
448,192,40444,1,0,0:0:0:0:
192,192,40483,1,0,0:0:0:0:
64,192,40522,1,0,0:0:0:0:
320,192,40562,1,0,0:0:0:0:
192,192,40601,1,0,0:0:0:0:
448,192,40640,1,0,0:0:0:0:
64,192,40680,1,0,0:0:0:0:
320,192,40719,1,0,0:0:0:0:
192,192,40758,1,0,0:0:0:0:
448,192,40797,1,0,0:0:0:0:
320,192,40837,1,0,0:0:0:0:
64,192,40876,1,0,0:0:0:0:
192,192,40915,1,0,0:0:0:0:
448,192,40954,1,0,0:0:0:0:
64,192,40994,1,0,0:0:0:0:
320,192,41033,1,0,0:0:0:0:
192,192,41072,1,0,0:0:0:0:
448,192,41072,1,0,0:0:0:0:
64,192,41111,1,0,0:0:0:0:
320,192,41151,1,0,0:0:0:0:
192,192,41190,1,0,0:0:0:0:
448,192,41229,1,0,0:0:0:0:
320,192,41269,1,0,0:0:0:0:
192,192,41308,1,0,0:0:0:0:
64,192,41347,1,0,0:0:0:0:
320,192,41386,1,0,0:0:0:0:
192,192,41426,1,0,0:0:0:0:
448,192,41465,1,0,0:0:0:0:
64,192,41504,1,0,0:0:0:0:
192,192,41543,1,0,0:0:0:0:
320,192,41583,1,0,0:0:0:0:
64,192,41622,1,0,0:0:0:0:
448,192,41661,1,0,0:0:0:0:
192,192,41700,1,0,0:0:0:0:
320,192,41700,1,0,0:0:0:0:
64,192,41740,1,0,0:0:0:0:
448,192,41779,1,0,0:0:0:0:
192,192,41818,1,0,0:0:0:0:
320,192,41858,1,0,0:0:0:0:
64,192,41897,1,0,0:0:0:0:
448,192,41936,1,0,0:0:0:0:
320,192,41975,1,0,0:0:0:0:
192,192,42015,1,0,0:0:0:0:
64,192,42054,1,0,0:0:0:0:
320,192,42093,1,0,0:0:0:0:
192,192,42132,1,0,0:0:0:0:
448,192,42172,1,0,0:0:0:0:
64,192,42211,1,0,0:0:0:0:
320,192,42250,1,0,0:0:0:0:
192,192,42289,1,0,0:0:0:0:
64,192,42329,1,0,0:0:0:0:
448,192,42329,1,0,0:0:0:0:
320,192,42368,1,0,0:0:0:0:
192,192,42407,1,0,0:0:0:0:
64,192,42447,1,0,0:0:0:0:
448,192,42486,1,0,0:0:0:0:
192,192,42525,1,0,0:0:0:0:
320,192,42564,1,0,0:0:0:0:
64,192,42604,1,0,0:0:0:0:
448,192,42643,1,0,0:0:0:0:
320,192,42682,1,0,0:0:0:0:
192,192,42721,1,0,0:0:0:0:
448,192,42761,1,0,0:0:0:0:
64,192,42800,1,0,0:0:0:0:
320,192,42839,1,0,0:0:0:0:
192,192,42878,1,0,0:0:0:0:
64,192,42918,1,0,0:0:0:0:
320,192,42957,1,0,0:0:0:0:
448,192,42957,1,0,0:0:0:0:
192,192,42996,1,0,0:0:0:0:
64,192,43036,1,0,0:0:0:0:
320,192,43075,1,0,0:0:0:0:
192,192,43114,1,0,0:0:0:0:
448,192,43153,1,0,0:0:0:0:
64,192,43193,1,0,0:0:0:0:
192,192,43232,1,0,0:0:0:0:
320,192,43271,1,0,0:0:0:0:
64,192,43310,1,0,0:0:0:0:
448,192,43350,1,0,0:0:0:0:
192,192,43389,1,0,0:0:0:0:
320,192,43428,1,0,0:0:0:0:
64,192,43467,1,0,0:0:0:0:
448,192,43507,1,0,0:0:0:0:
320,192,43546,1,0,0:0:0:0:
64,192,43585,1,0,0:0:0:0:
192,192,43585,1,0,0:0:0:0:
448,192,43625,1,0,0:0:0:0:
320,192,43664,1,0,0:0:0:0:
192,192,43703,1,0,0:0:0:0:
64,192,43742,1,0,0:0:0:0:
448,192,43782,1,0,0:0:0:0:
192,192,43821,1,0,0:0:0:0:
320,192,43860,1,0,0:0:0:0:
64,192,43899,1,0,0:0:0:0:
448,192,43939,1,0,0:0:0:0:
320,192,43978,1,0,0:0:0:0:
64,192,44017,1,0,0:0:0:0:
192,192,44056,1,0,0:0:0:0:
448,192,44096,1,0,0:0:0:0:
64,192,44135,1,0,0:0:0:0:
320,192,44174,1,0,0:0:0:0:
192,192,44214,1,0,0:0:0:0:
448,192,44214,1,0,0:0:0:0:
64,192,44253,1,0,0:0:0:0:
320,192,44292,1,0,0:0:0:0:
192,192,44331,1,0,0:0:0:0:
448,192,44371,1,0,0:0:0:0:
320,192,44410,1,0,0:0:0:0:
192,192,44449,1,0,0:0:0:0:
64,192,44488,1,0,0:0:0:0:
320,192,44528,1,0,0:0:0:0:
192,192,44567,1,0,0:0:0:0:
448,192,44606,1,0,0:0:0:0:
64,192,44645,1,0,0:0:0:0:
320,192,44685,1,0,0:0:0:0:
192,192,44724,1,0,0:0:0:0:
448,192,44763,1,0,0:0:0:0:
64,192,44803,1,0,0:0:0:0:
192,192,44842,1,0,0:0:0:0:
320,192,44842,1,0,0:0:0:0:
448,192,44881,1,0,0:0:0:0:
64,192,44920,1,0,0:0:0:0:
320,192,44960,1,0,0:0:0:0:
192,192,44999,1,0,0:0:0:0:
448,192,45038,1,0,0:0:0:0:
320,192,45077,1,0,0:0:0:0:
192,192,45117,1,0,0:0:0:0:
448,192,45156,1,0,0:0:0:0:
64,192,45195,1,0,0:0:0:0:
320,192,45234,1,0,0:0:0:0:
192,192,45274,1,0,0:0:0:0:
64,192,45313,1,0,0:0:0:0:
448,192,45352,1,0,0:0:0:0:
192,192,45392,1,0,0:0:0:0:
320,192,45431,1,0,0:0:0:0:
64,192,45470,1,0,0:0:0:0:
448,192,45470,1,0,0:0:0:0:
192,192,45509,1,0,0:0:0:0:
320,192,45549,1,0,0:0:0:0:
448,192,45588,1,0,0:0:0:0:
192,192,45627,1,0,0:0:0:0:
320,192,45666,1,0,0:0:0:0:
64,192,45706,1,0,0:0:0:0:
448,192,45745,1,0,0:0:0:0:
320,192,45784,1,0,0:0:0:0:
192,192,45824,1,0,0:0:0:0:
64,192,45863,1,0,0:0:0:0:
320,192,45902,1,0,0:0:0:0:
192,192,45941,1,0,0:0:0:0:
448,192,45981,1,0,0:0:0:0:
64,192,46020,1,0,0:0:0:0:
192,192,46059,1,0,0:0:0:0:
320,192,46098,1,0,0:0:0:0:
448,192,46098,1,0,0:0:0:0:
64,192,46138,1,0,0:0:0:0:
192,192,46177,1,0,0:0:0:0:
320,192,46216,1,0,0:0:0:0:
64,192,46255,1,0,0:0:0:0:
448,192,46295,1,0,0:0:0:0:
320,192,46334,1,0,0:0:0:0:
192,192,46373,1,0,0:0:0:0:
64,192,46413,1,0,0:0:0:0:
320,192,46452,1,0,0:0:0:0:
192,192,46491,1,0,0:0:0:0:
448,192,46530,1,0,0:0:0:0:
320,192,46570,1,0,0:0:0:0:
64,192,46609,1,0,0:0:0:0:
192,192,46648,1,0,0:0:0:0:
320,192,46687,1,0,0:0:0:0:
64,192,46727,1,0,0:0:0:0:
448,192,46727,1,0,0:0:0:0:
192,192,46766,1,0,0:0:0:0:
320,192,46805,1,0,0:0:0:0:
448,192,46844,1,0,0:0:0:0:
192,192,46884,1,0,0:0:0:0:
320,192,46923,1,0,0:0:0:0:
64,192,46962,1,0,0:0:0:0:
448,192,47002,1,0,0:0:0:0:
192,192,47041,1,0,0:0:0:0:
320,192,47080,1,0,0:0:0:0:
64,192,47119,1,0,0:0:0:0:
448,192,47159,1,0,0:0:0:0:
320,192,47198,1,0,0:0:0:0:
192,192,47237,1,0,0:0:0:0:
64,192,47276,1,0,0:0:0:0:
320,192,47316,1,0,0:0:0:0:
192,192,47355,1,0,0:0:0:0:
448,192,47355,1,0,0:0:0:0:
64,192,47394,1,0,0:0:0:0:
320,192,47433,1,0,0:0:0:0:
192,192,47473,1,0,0:0:0:0:
448,192,47512,1,0,0:0:0:0:
64,192,47551,1,0,0:0:0:0:
320,192,47591,1,0,0:0:0:0:
192,192,47630,1,0,0:0:0:0:
448,192,47669,1,0,0:0:0:0:
64,192,47708,1,0,0:0:0:0:
192,192,47748,1,0,0:0:0:0:
320,192,47787,1,0,0:0:0:0:
448,192,47826,1,0,0:0:0:0:
320,192,47865,1,0,0:0:0:0:
192,192,47905,1,0,0:0:0:0:
64,192,47944,1,0,0:0:0:0:
320,192,47983,1,0,0:0:0:0:
448,192,47983,1,0,0:0:0:0:
192,192,48022,1,0,0:0:0:0:
64,192,48062,1,0,0:0:0:0:
448,192,48101,1,0,0:0:0:0:
320,192,48140,1,0,0:0:0:0:
192,192,48180,1,0,0:0:0:0:
64,192,48219,1,0,0:0:0:0:
320,192,48258,1,0,0:0:0:0:
192,192,48297,1,0,0:0:0:0:
448,192,48297,1,0,0:0:0:0:
64,192,48337,1,0,0:0:0:0:
320,192,48376,1,0,0:0:0:0:
192,192,48415,1,0,0:0:0:0:
64,192,48454,1,0,0:0:0:0:
448,192,48494,1,0,0:0:0:0:
320,192,48533,1,0,0:0:0:0:
192,192,48572,1,0,0:0:0:0:
64,192,48611,1,0,0:0:0:0:
448,192,48611,1,0,0:0:0:0:
320,192,48651,1,0,0:0:0:0:
192,192,48690,1,0,0:0:0:0:
64,192,48729,1,0,0:0:0:0:
320,192,48769,1,0,0:0:0:0:
448,192,48769,1,0,0:0:0:0:
192,192,48808,1,0,0:0:0:0:
64,192,48847,1,0,0:0:0:0:
320,192,48886,1,0,0:0:0:0:
192,192,48926,1,0,0:0:0:0:
448,192,48926,1,0,0:0:0:0:
64,192,48965,1,0,0:0:0:0:
320,192,49004,1,0,0:0:0:0:
192,192,49043,1,0,0:0:0:0:
64,192,49083,1,0,0:0:0:0:
448,192,49122,1,0,0:0:0:0:
320,192,49161,1,0,0:0:0:0:
192,192,49200,1,0,0:0:0:0:
64,192,49240,1,0,0:0:0:0:
448,192,49240,1,0,0:0:0:0:
320,192,49279,1,0,0:0:0:0:
192,192,49318,1,0,0:0:0:0:
64,192,49358,1,0,0:0:0:0:
448,192,49397,1,0,0:0:0:0:
192,192,49436,1,0,0:0:0:0:
320,192,49475,1,0,0:0:0:0:
64,192,49515,1,0,0:0:0:0:
192,192,49554,1,0,0:0:0:0:
448,192,49554,1,0,0:0:0:0:
320,192,49593,1,0,0:0:0:0:
64,192,49632,1,0,0:0:0:0:
192,192,49672,1,0,0:0:0:0:
448,192,49711,1,0,0:0:0:0:
320,192,49750,1,0,0:0:0:0:
192,192,49789,1,0,0:0:0:0:
448,192,49829,1,0,0:0:0:0:
64,192,49868,1,0,0:0:0:0:
320,192,49868,1,0,0:0:0:0:
192,192,49907,1,0,0:0:0:0:
448,192,49947,1,0,0:0:0:0:
320,192,49986,1,0,0:0:0:0:
64,192,50025,1,0,0:0:0:0:
192,192,50064,1,0,0:0:0:0:
320,192,50104,1,0,0:0:0:0:
448,192,50143,1,0,0:0:0:0:
64,192,50182,1,0,0:0:0:0:
192,192,50182,1,0,0:0:0:0:
320,192,50221,1,0,0:0:0:0:
448,192,50261,1,0,0:0:0:0:
192,192,50300,1,0,0:0:0:0:
320,192,50339,1,0,0:0:0:0:
64,192,50378,1,0,0:0:0:0:
448,192,50418,1,0,0:0:0:0:
320,192,50457,1,0,0:0:0:0:
64,192,50496,1,0,0:0:0:0:
192,192,50496,1,0,0:0:0:0:
448,192,50536,1,0,0:0:0:0:
320,192,50575,1,0,0:0:0:0:
192,192,50614,1,0,0:0:0:0:
64,192,50653,1,0,0:0:0:0:
320,192,50693,1,0,0:0:0:0:
192,192,50732,1,0,0:0:0:0:
448,192,50771,1,0,0:0:0:0:
64,192,50810,1,0,0:0:0:0:
320,192,50810,1,0,0:0:0:0:
192,192,50850,1,0,0:0:0:0:
448,192,50889,1,0,0:0:0:0:
320,192,50928,1,0,0:0:0:0:
64,192,50967,1,0,0:0:0:0:
192,192,51007,1,0,0:0:0:0:
320,192,51046,1,0,0:0:0:0:
448,192,51085,1,0,0:0:0:0:
64,192,51125,1,0,0:0:0:0:
192,192,51125,1,0,0:0:0:0:
320,192,51164,1,0,0:0:0:0:
448,192,51203,1,0,0:0:0:0:
64,192,51242,1,0,0:0:0:0:
192,192,51282,1,0,0:0:0:0:
320,192,51321,1,0,0:0:0:0:
448,192,51360,1,0,0:0:0:0:
192,192,51399,1,0,0:0:0:0:
64,192,51439,1,0,0:0:0:0:
320,192,51439,1,0,0:0:0:0:
448,192,51478,1,0,0:0:0:0:
192,192,51517,1,0,0:0:0:0:
320,192,51556,1,0,0:0:0:0:
64,192,51596,1,0,0:0:0:0:
448,192,51635,1,0,0:0:0:0:
320,192,51674,1,0,0:0:0:0:
192,192,51714,1,0,0:0:0:0:
64,192,51753,1,0,0:0:0:0:
448,192,51753,1,0,0:0:0:0:
320,192,51792,1,0,0:0:0:0:
192,192,51831,1,0,0:0:0:0:
64,192,51871,1,0,0:0:0:0:
320,192,51910,1,0,0:0:0:0:
192,192,51949,1,0,0:0:0:0:
448,192,51988,1,0,0:0:0:0:
64,192,52028,1,0,0:0:0:0:
192,192,52067,1,0,0:0:0:0:
320,192,52067,1,0,0:0:0:0:
448,192,52106,1,0,0:0:0:0:
64,192,52145,1,0,0:0:0:0:
320,192,52185,1,0,0:0:0:0:
192,192,52224,1,0,0:0:0:0:
448,192,52263,1,0,0:0:0:0:
64,192,52303,1,0,0:0:0:0:
320,192,52342,1,0,0:0:0:0:
192,192,52381,1,0,0:0:0:0:
448,192,52381,1,0,0:0:0:0:
64,192,52420,1,0,0:0:0:0:
320,192,52460,1,0,0:0:0:0:
192,192,52499,1,0,0:0:0:0:
448,192,52538,1,0,0:0:0:0:
320,192,52577,1,0,0:0:0:0:
192,192,52617,1,0,0:0:0:0:
64,192,52656,1,0,0:0:0:0:
320,192,52695,1,0,0:0:0:0:
448,192,52695,1,0,0:0:0:0:
192,192,52734,1,0,0:0:0:0:
64,192,52774,1,0,0:0:0:0:
320,192,52813,1,0,0:0:0:0:
192,192,52852,1,0,0:0:0:0:
448,192,52892,1,0,0:0:0:0:
64,192,52931,1,0,0:0:0:0:
320,192,52970,1,0,0:0:0:0:
192,192,53009,1,0,0:0:0:0:
448,192,53009,1,0,0:0:0:0:
64,192,53049,1,0,0:0:0:0:
320,192,53088,1,0,0:0:0:0:
192,192,53127,1,0,0:0:0:0:
448,192,53166,1,0,0:0:0:0:
64,192,53206,1,0,0:0:0:0:
320,192,53245,1,0,0:0:0:0:
192,192,53284,1,0,0:0:0:0:
64,192,53324,1,0,0:0:0:0:
448,192,53324,1,0,0:0:0:0:
320,192,53363,1,0,0:0:0:0:
192,192,53402,1,0,0:0:0:0:
64,192,53441,1,0,0:0:0:0:
320,192,53481,1,0,0:0:0:0:
192,192,53520,1,0,0:0:0:0:
448,192,53559,1,0,0:0:0:0:
64,192,53598,1,0,0:0:0:0:
192,192,53638,1,0,0:0:0:0:
320,192,53638,1,0,0:0:0:0:
448,192,53677,1,0,0:0:0:0:
64,192,53716,1,0,0:0:0:0:
320,192,53755,1,0,0:0:0:0:
192,192,53795,1,0,0:0:0:0:
448,192,53834,1,0,0:0:0:0:
64,192,53873,1,0,0:0:0:0:
320,192,53913,1,0,0:0:0:0:
192,192,53952,1,0,0:0:0:0:
448,192,53952,1,0,0:0:0:0:
64,192,53991,1,0,0:0:0:0:
320,192,54030,1,0,0:0:0:0:
192,192,54070,1,0,0:0:0:0:
448,192,54109,1,0,0:0:0:0:
64,192,54148,1,0,0:0:0:0:
192,192,54187,1,0,0:0:0:0:
320,192,54227,1,0,0:0:0:0:
64,192,54266,1,0,0:0:0:0:
448,192,54266,1,0,0:0:0:0:
192,192,54305,1,0,0:0:0:0:
320,192,54344,1,0,0:0:0:0:
448,192,54384,1,0,0:0:0:0:
192,192,54423,1,0,0:0:0:0:
320,192,54462,1,0,0:0:0:0:
64,192,54502,1,0,0:0:0:0:
448,192,54541,1,0,0:0:0:0:
192,192,54580,1,0,0:0:0:0:
320,192,54580,1,0,0:0:0:0:
64,192,54619,1,0,0:0:0:0:
448,192,54659,1,0,0:0:0:0:
192,192,54698,1,0,0:0:0:0:
320,192,54737,1,0,0:0:0:0:
64,192,54776,1,0,0:0:0:0:
448,192,54816,1,0,0:0:0:0:
320,192,54855,1,0,0:0:0:0:
64,192,54894,1,0,0:0:0:0:
192,192,54894,1,0,0:0:0:0:
448,192,54933,1,0,0:0:0:0:
320,192,54973,1,0,0:0:0:0:
192,192,55012,1,0,0:0:0:0:
448,192,55051,1,0,0:0:0:0:
64,192,55091,1,0,0:0:0:0:
320,192,55130,1,0,0:0:0:0:
192,192,55169,1,0,0:0:0:0:
64,192,55208,1,0,0:0:0:0:
448,192,55208,1,0,0:0:0:0:
320,192,55248,1,0,0:0:0:0:
192,192,55287,1,0,0:0:0:0:
64,192,55326,1,0,0:0:0:0:
320,192,55365,1,0,0:0:0:0:
192,192,55405,1,0,0:0:0:0:
448,192,55444,1,0,0:0:0:0:
64,192,55483,1,0,0:0:0:0:
192,192,55522,1,0,0:0:0:0:
320,192,55522,1,0,0:0:0:0:
448,192,55562,1,0,0:0:0:0:
64,192,55601,1,0,0:0:0:0:
320,192,55640,1,0,0:0:0:0:
192,192,55680,1,0,0:0:0:0:
448,192,55719,1,0,0:0:0:0:
320,192,55758,1,0,0:0:0:0:
192,192,55797,1,0,0:0:0:0:
64,192,55837,1,0,0:0:0:0:
448,192,55837,1,0,0:0:0:0:
320,192,55876,1,0,0:0:0:0:
192,192,55915,1,0,0:0:0:0:
64,192,55954,1,0,0:0:0:0:
320,192,55994,1,0,0:0:0:0:
192,192,56033,1,0,0:0:0:0:
448,192,56072,1,0,0:0:0:0:
320,192,56111,1,0,0:0:0:0:
64,192,56151,1,0,0:0:0:0:
192,192,56151,1,0,0:0:0:0:
448,192,56190,1,0,0:0:0:0:
320,192,56229,1,0,0:0:0:0:
192,192,56269,1,0,0:0:0:0:
64,192,56308,1,0,0:0:0:0:
320,192,56347,1,0,0:0:0:0:
192,192,56386,1,0,0:0:0:0:
448,192,56426,1,0,0:0:0:0:
64,192,56465,1,0,0:0:0:0:
320,192,56465,1,0,0:0:0:0:
192,192,56504,1,0,0:0:0:0:
448,192,56543,1,0,0:0:0:0:
64,192,56583,1,0,0:0:0:0:
192,192,56622,1,0,0:0:0:0:
320,192,56661,1,0,0:0:0:0:
64,192,56700,1,0,0:0:0:0:
448,192,56740,1,0,0:0:0:0:
192,192,56779,1,0,0:0:0:0:
320,192,56779,1,0,0:0:0:0:
64,192,56818,1,0,0:0:0:0:
448,192,56858,1,0,0:0:0:0:
192,192,56897,1,0,0:0:0:0:
320,192,56936,1,0,0:0:0:0:
64,192,56975,1,0,0:0:0:0:
192,192,57015,1,0,0:0:0:0:
320,192,57054,1,0,0:0:0:0:
64,192,57093,1,0,0:0:0:0:
448,192,57093,1,0,0:0:0:0:
192,192,57132,1,0,0:0:0:0:
320,192,57172,1,0,0:0:0:0:
448,192,57211,1,0,0:0:0:0:
192,192,57250,1,0,0:0:0:0:
320,192,57289,1,0,0:0:0:0:
64,192,57329,1,0,0:0:0:0:
448,192,57368,1,0,0:0:0:0:
192,192,57407,1,0,0:0:0:0:
320,192,57407,1,0,0:0:0:0:
64,192,57447,1,0,0:0:0:0:
448,192,57486,1,0,0:0:0:0:
192,192,57525,1,0,0:0:0:0:
320,192,57564,1,0,0:0:0:0:
64,192,57604,1,0,0:0:0:0:
448,192,57643,1,0,0:0:0:0:
192,192,57682,1,0,0:0:0:0:
64,192,57721,1,0,0:0:0:0:
320,192,57721,1,0,0:0:0:0:
448,192,57761,1,0,0:0:0:0:
192,192,57800,1,0,0:0:0:0:
320,192,57839,1,0,0:0:0:0:
64,192,57878,1,0,0:0:0:0:
448,192,57918,1,0,0:0:0:0:
320,192,57957,1,0,0:0:0:0:
192,192,57996,1,0,0:0:0:0:
64,192,58036,1,0,0:0:0:0:
448,192,58036,1,0,0:0:0:0:
320,192,58075,1,0,0:0:0:0:
192,192,58114,1,0,0:0:0:0:
64,192,58153,1,0,0:0:0:0:
448,192,58193,1,0,0:0:0:0:
320,192,58232,1,0,0:0:0:0:
192,192,58271,1,0,0:0:0:0:
448,192,58310,1,0,0:0:0:0:
64,192,58350,1,0,0:0:0:0:
320,192,58350,1,0,0:0:0:0:
192,192,58389,1,0,0:0:0:0:
448,192,58428,1,0,0:0:0:0:
320,192,58467,1,0,0:0:0:0:
192,192,58507,1,0,0:0:0:0:
64,192,58546,1,0,0:0:0:0:
448,192,58585,1,0,0:0:0:0:
320,192,58625,1,0,0:0:0:0:
64,192,58664,1,0,0:0:0:0:
192,192,58664,1,0,0:0:0:0:
448,192,58703,1,0,0:0:0:0:
320,192,58742,1,0,0:0:0:0:
192,192,58782,1,0,0:0:0:0:
64,192,58821,1,0,0:0:0:0:
320,192,58860,1,0,0:0:0:0:
192,192,58899,1,0,0:0:0:0:
448,192,58939,1,0,0:0:0:0:
64,192,58978,1,0,0:0:0:0:
320,192,58978,1,0,0:0:0:0:
192,192,59017,1,0,0:0:0:0:
448,192,59056,1,0,0:0:0:0:
320,192,59096,1,0,0:0:0:0:
192,192,59135,1,0,0:0:0:0:
64,192,59174,1,0,0:0:0:0:
320,192,59214,1,0,0:0:0:0:
192,192,59253,1,0,0:0:0:0:
64,192,59292,1,0,0:0:0:0:
448,192,59292,1,0,0:0:0:0:
320,192,59331,1,0,0:0:0:0:
192,192,59371,1,0,0:0:0:0:
64,192,59410,1,0,0:0:0:0:
448,192,59449,1,0,0:0:0:0:
192,192,59488,1,0,0:0:0:0:
320,192,59528,1,0,0:0:0:0:
64,192,59567,1,0,0:0:0:0:
192,192,59606,1,0,0:0:0:0:
448,192,59606,1,0,0:0:0:0:
320,192,59645,1,0,0:0:0:0:
64,192,59685,1,0,0:0:0:0:
192,192,59724,1,0,0:0:0:0:
448,192,59763,1,0,0:0:0:0:
320,192,59803,1,0,0:0:0:0:
192,192,59842,1,0,0:0:0:0:
448,192,59881,1,0,0:0:0:0:
64,192,59920,1,0,0:0:0:0:
320,192,59920,1,0,0:0:0:0:
192,192,59960,1,0,0:0:0:0:
448,192,59999,1,0,0:0:0:0:
320,192,60038,1,0,0:0:0:0:
64,192,60077,1,0,0:0:0:0:
192,192,60117,1,0,0:0:0:0:
320,192,60156,1,0,0:0:0:0:
448,192,60195,1,0,0:0:0:0:
64,192,60234,1,0,0:0:0:0:
192,192,60234,1,0,0:0:0:0:
320,192,60274,1,0,0:0:0:0:
448,192,60313,1,0,0:0:0:0:
192,192,60352,1,0,0:0:0:0:
320,192,60392,1,0,0:0:0:0:
64,192,60431,1,0,0:0:0:0:
448,192,60470,1,0,0:0:0:0:
320,192,60509,1,0,0:0:0:0:
64,192,60549,1,0,0:0:0:0:
192,192,60549,1,0,0:0:0:0:
448,192,60588,1,0,0:0:0:0:
320,192,60627,1,0,0:0:0:0:
192,192,60666,1,0,0:0:0:0:
64,192,60706,1,0,0:0:0:0:
320,192,60745,1,0,0:0:0:0:
192,192,60784,1,0,0:0:0:0:
448,192,60824,1,0,0:0:0:0:
64,192,60863,1,0,0:0:0:0:
320,192,60863,1,0,0:0:0:0:
192,192,60902,1,0,0:0:0:0:
448,192,60941,1,0,0:0:0:0:
320,192,60981,1,0,0:0:0:0:
64,192,61020,1,0,0:0:0:0:
192,192,61059,1,0,0:0:0:0:
320,192,61098,1,0,0:0:0:0:
448,192,61138,1,0,0:0:0:0:
64,192,61177,1,0,0:0:0:0:
192,192,61177,1,0,0:0:0:0:
320,192,61216,1,0,0:0:0:0:
448,192,61255,1,0,0:0:0:0:
64,192,61295,1,0,0:0:0:0:
192,192,61334,1,0,0:0:0:0:
320,192,61373,1,0,0:0:0:0:
448,192,61413,1,0,0:0:0:0:
192,192,61452,1,0,0:0:0:0:
64,192,61491,1,0,0:0:0:0:
320,192,61491,1,0,0:0:0:0:
448,192,61530,1,0,0:0:0:0:
192,192,61570,1,0,0:0:0:0:
320,192,61609,1,0,0:0:0:0:
64,192,61648,1,0,0:0:0:0:
448,192,61687,1,0,0:0:0:0:
320,192,61727,1,0,0:0:0:0:
192,192,61766,1,0,0:0:0:0:
64,192,61805,1,0,0:0:0:0:
448,192,61805,1,0,0:0:0:0:
320,192,61844,1,0,0:0:0:0:
192,192,61884,1,0,0:0:0:0:
64,192,61923,1,0,0:0:0:0:
320,192,61962,1,0,0:0:0:0:
192,192,62002,1,0,0:0:0:0:
448,192,62041,1,0,0:0:0:0:
64,192,62080,1,0,0:0:0:0:
192,192,62119,1,0,0:0:0:0:
320,192,62119,1,0,0:0:0:0:
448,192,62159,1,0,0:0:0:0:
64,192,62198,1,0,0:0:0:0:
320,192,62237,1,0,0:0:0:0:
192,192,62276,1,0,0:0:0:0:
448,192,62316,1,0,0:0:0:0:
64,192,62355,1,0,0:0:0:0:
320,192,62394,1,0,0:0:0:0:
192,192,62433,1,0,0:0:0:0:
448,192,62433,1,0,0:0:0:0:
64,192,62473,1,0,0:0:0:0:
320,192,62512,1,0,0:0:0:0:
192,192,62551,1,0,0:0:0:0:
448,192,62591,1,0,0:0:0:0:
320,192,62630,1,0,0:0:0:0:
192,192,62669,1,0,0:0:0:0:
64,192,62708,1,0,0:0:0:0:
320,192,62748,1,0,0:0:0:0:
448,192,62748,1,0,0:0:0:0:
192,192,62787,1,0,0:0:0:0:
64,192,62826,1,0,0:0:0:0:
320,192,62865,1,0,0:0:0:0:
192,192,62905,1,0,0:0:0:0:
448,192,62944,1,0,0:0:0:0:
64,192,62983,1,0,0:0:0:0:
320,192,63022,1,0,0:0:0:0:
192,192,63062,1,0,0:0:0:0:
448,192,63062,1,0,0:0:0:0:
64,192,63101,1,0,0:0:0:0:
320,192,63140,1,0,0:0:0:0:
192,192,63180,1,0,0:0:0:0:
448,192,63219,1,0,0:0:0:0:
64,192,63258,1,0,0:0:0:0:
320,192,63297,1,0,0:0:0:0:
192,192,63337,1,0,0:0:0:0:
64,192,63376,1,0,0:0:0:0:
448,192,63376,1,0,0:0:0:0:
320,192,63415,1,0,0:0:0:0:
192,192,63454,1,0,0:0:0:0:
64,192,63494,1,0,0:0:0:0:
320,192,63533,1,0,0:0:0:0:
192,192,63572,1,0,0:0:0:0:
448,192,63611,1,0,0:0:0:0:
64,192,63651,1,0,0:0:0:0:
192,192,63690,1,0,0:0:0:0:
320,192,63690,1,0,0:0:0:0:
448,192,63729,1,0,0:0:0:0:
64,192,63769,1,0,0:0:0:0:
320,192,63808,1,0,0:0:0:0:
192,192,63847,1,0,0:0:0:0:
448,192,63886,1,0,0:0:0:0:
64,192,63926,1,0,0:0:0:0:
320,192,63965,1,0,0:0:0:0:
192,192,64004,1,0,0:0:0:0:
448,192,64004,1,0,0:0:0:0:
64,192,64043,1,0,0:0:0:0:
320,192,64083,1,0,0:0:0:0:
192,192,64122,1,0,0:0:0:0:
448,192,64161,1,0,0:0:0:0:
64,192,64200,1,0,0:0:0:0:
192,192,64240,1,0,0:0:0:0:
320,192,64279,1,0,0:0:0:0:
64,192,64318,1,0,0:0:0:0:
448,192,64318,1,0,0:0:0:0:
192,192,64358,1,0,0:0:0:0:
320,192,64397,1,0,0:0:0:0:
448,192,64436,1,0,0:0:0:0:
192,192,64475,1,0,0:0:0:0:
320,192,64515,1,0,0:0:0:0:
64,192,64554,1,0,0:0:0:0:
448,192,64593,1,0,0:0:0:0:
192,192,64632,1,0,0:0:0:0:
320,192,64632,1,0,0:0:0:0:
64,192,64672,1,0,0:0:0:0:
448,192,64711,1,0,0:0:0:0:
192,192,64750,1,0,0:0:0:0:
320,192,64789,1,0,0:0:0:0:
64,192,64829,1,0,0:0:0:0:
448,192,64868,1,0,0:0:0:0:
320,192,64907,1,0,0:0:0:0:
64,192,64947,1,0,0:0:0:0:
192,192,64947,1,0,0:0:0:0:
448,192,64986,1,0,0:0:0:0:
320,192,65025,1,0,0:0:0:0:
192,192,65064,1,0,0:0:0:0:
448,192,65104,1,0,0:0:0:0:
64,192,65143,1,0,0:0:0:0:
320,192,65182,1,0,0:0:0:0:
192,192,65221,1,0,0:0:0:0:
64,192,65261,1,0,0:0:0:0:
448,192,65261,1,0,0:0:0:0:
320,192,65300,1,0,0:0:0:0:
192,192,65339,1,0,0:0:0:0:
64,192,65378,1,0,0:0:0:0:
320,192,65418,1,0,0:0:0:0:
192,192,65457,1,0,0:0:0:0:
448,192,65496,1,0,0:0:0:0:
64,192,65536,1,0,0:0:0:0:
192,192,65575,1,0,0:0:0:0:
320,192,65575,1,0,0:0:0:0:
448,192,65614,1,0,0:0:0:0:
64,192,65653,1,0,0:0:0:0:
320,192,65693,1,0,0:0:0:0:
192,192,65732,1,0,0:0:0:0:
448,192,65771,1,0,0:0:0:0:
320,192,65810,1,0,0:0:0:0:
192,192,65850,1,0,0:0:0:0:
64,192,65889,1,0,0:0:0:0:
448,192,65889,1,0,0:0:0:0:
320,192,65928,1,0,0:0:0:0:
192,192,65967,1,0,0:0:0:0:
64,192,66007,1,0,0:0:0:0:
320,192,66046,1,0,0:0:0:0:
192,192,66085,1,0,0:0:0:0:
448,192,66125,1,0,0:0:0:0:
320,192,66164,1,0,0:0:0:0:
64,192,66203,1,0,0:0:0:0:
192,192,66203,1,0,0:0:0:0:
448,192,66242,1,0,0:0:0:0:
320,192,66282,1,0,0:0:0:0:
192,192,66321,1,0,0:0:0:0:
64,192,66360,1,0,0:0:0:0:
320,192,66399,1,0,0:0:0:0:
192,192,66439,1,0,0:0:0:0:
448,192,66478,1,0,0:0:0:0:
64,192,66517,1,0,0:0:0:0:
320,192,66517,1,0,0:0:0:0:
192,192,66556,1,0,0:0:0:0:
448,192,66596,1,0,0:0:0:0:
64,192,66635,1,0,0:0:0:0:
192,192,66674,1,0,0:0:0:0:
320,192,66714,1,0,0:0:0:0:
64,192,66753,1,0,0:0:0:0:
448,192,66792,1,0,0:0:0:0:
192,192,66831,1,0,0:0:0:0:
320,192,66831,1,0,0:0:0:0:
64,192,66871,1,0,0:0:0:0:
448,192,66910,1,0,0:0:0:0:
192,192,66949,1,0,0:0:0:0:
320,192,66988,1,0,0:0:0:0:
64,192,67028,1,0,0:0:0:0:
192,192,67067,1,0,0:0:0:0:
320,192,67106,1,0,0:0:0:0:
64,192,67145,1,0,0:0:0:0:
448,192,67145,1,0,0:0:0:0:
192,192,67185,1,0,0:0:0:0:
320,192,67224,1,0,0:0:0:0:
448,192,67263,1,0,0:0:0:0:
192,192,67303,1,0,0:0:0:0:
320,192,67342,1,0,0:0:0:0:
64,192,67381,1,0,0:0:0:0:
448,192,67420,1,0,0:0:0:0:
192,192,67460,1,0,0:0:0:0:
320,192,67460,1,0,0:0:0:0:
64,192,67499,1,0,0:0:0:0:
448,192,67538,1,0,0:0:0:0:
192,192,67577,1,0,0:0:0:0:
320,192,67617,1,0,0:0:0:0:
64,192,67656,1,0,0:0:0:0:
448,192,67695,1,0,0:0:0:0:
192,192,67734,1,0,0:0:0:0:
64,192,67774,1,0,0:0:0:0:
320,192,67774,1,0,0:0:0:0:
448,192,67813,1,0,0:0:0:0:
192,192,67852,1,0,0:0:0:0:
320,192,67892,1,0,0:0:0:0:
64,192,67931,1,0,0:0:0:0:
192,192,67970,1,0,0:0:0:0:
448,192,68009,1,0,0:0:0:0:
320,192,68049,1,0,0:0:0:0:
64,192,68088,1,0,0:0:0:0:
192,192,68088,1,0,0:0:0:0:
448,192,68127,1,0,0:0:0:0:
320,192,68166,1,0,0:0:0:0:
192,192,68206,1,0,0:0:0:0:
64,192,68245,1,0,0:0:0:0:
320,192,68284,1,0,0:0:0:0:
192,192,68324,1,0,0:0:0:0:
448,192,68363,1,0,0:0:0:0:
64,192,68402,1,0,0:0:0:0:
320,192,68402,1,0,0:0:0:0:
192,192,68441,1,0,0:0:0:0:
448,192,68481,1,0,0:0:0:0:
320,192,68520,1,0,0:0:0:0:
192,192,68559,1,0,0:0:0:0:
64,192,68598,1,0,0:0:0:0:
320,192,68638,1,0,0:0:0:0:
192,192,68677,1,0,0:0:0:0:
64,192,68716,1,0,0:0:0:0:
448,192,68716,1,0,0:0:0:0:
320,192,68755,1,0,0:0:0:0:
192,192,68795,1,0,0:0:0:0:
64,192,68834,1,0,0:0:0:0:
448,192,68873,1,0,0:0:0:0:
320,192,68913,1,0,0:0:0:0:
192,192,68952,1,0,0:0:0:0:
448,192,68991,1,0,0:0:0:0:
64,192,69030,1,0,0:0:0:0:
320,192,69030,1,0,0:0:0:0:
192,192,69070,1,0,0:0:0:0:
448,192,69109,1,0,0:0:0:0:
320,192,69148,1,0,0:0:0:0:
192,192,69187,1,0,0:0:0:0:
64,192,69227,1,0,0:0:0:0:
320,192,69266,1,0,0:0:0:0:
192,192,69305,1,0,0:0:0:0:
64,192,69344,1,0,0:0:0:0:
448,192,69344,1,0,0:0:0:0:
64,192,69502,1,0,0:0:0:0:
448,192,69502,1,0,0:0:0:0:
320,192,69541,1,0,0:0:0:0:
192,192,69580,1,0,0:0:0:0:
64,192,69619,1,0,0:0:0:0:
320,192,69659,1,0,0:0:0:0:
448,192,69659,1,0,0:0:0:0:
192,192,69816,1,0,0:0:0:0:
320,192,69816,1,0,0:0:0:0:
448,192,69816,1,0,0:0:0:0:
64,192,69973,1,0,0:0:0:0:
192,192,69973,1,0,0:0:0:0:
448,192,69973,1,0,0:0:0:0:
64,192,70130,1,0,0:0:0:0:
192,192,70130,1,0,0:0:0:0:
320,192,70130,1,0,0:0:0:0:
64,192,70287,1,0,0:0:0:0:
192,192,70287,1,0,0:0:0:0:
320,192,70287,1,0,0:0:0:0:
64,192,70444,1,0,0:0:0:0:
320,192,70444,1,0,0:0:0:0:
448,192,70444,1,0,0:0:0:0:
192,192,70601,1,0,0:0:0:0:
320,192,70601,1,0,0:0:0:0:
448,192,70601,1,0,0:0:0:0:
64,192,70758,1,0,0:0:0:0:
448,192,70758,1,0,0:0:0:0:
320,192,70797,1,0,0:0:0:0:
192,192,70837,1,0,0:0:0:0:
64,192,70876,1,0,0:0:0:0:
320,192,70915,1,0,0:0:0:0:
448,192,70915,1,0,0:0:0:0:
64,192,71072,1,0,0:0:0:0:
448,192,71072,1,0,0:0:0:0:
192,192,71111,1,0,0:0:0:0:
320,192,71151,1,0,0:0:0:0:
448,192,71190,1,0,0:0:0:0:
64,192,71229,1,0,0:0:0:0:
192,192,71229,1,0,0:0:0:0:
64,192,71386,1,0,0:0:0:0:
192,192,71386,1,0,0:0:0:0:
448,192,71386,1,0,0:0:0:0:
192,192,71543,1,0,0:0:0:0:
320,192,71543,1,0,0:0:0:0:
448,192,71543,1,0,0:0:0:0:
64,192,71700,1,0,0:0:0:0:
192,192,71700,1,0,0:0:0:0:
320,192,71700,1,0,0:0:0:0:
64,192,71858,1,0,0:0:0:0:
192,192,71858,1,0,0:0:0:0:
320,192,71858,1,0,0:0:0:0:
448,192,71858,1,0,0:0:0:0:
64,192,72015,1,0,0:0:0:0:
448,192,72015,1,0,0:0:0:0:
320,192,72054,1,0,0:0:0:0:
192,192,72093,1,0,0:0:0:0:
64,192,72132,1,0,0:0:0:0:
320,192,72172,1,0,0:0:0:0:
448,192,72172,1,0,0:0:0:0:
64,192,72329,1,0,0:0:0:0:
192,192,72329,1,0,0:0:0:0:
320,192,72329,1,0,0:0:0:0:
192,192,72486,1,0,0:0:0:0:
320,192,72486,1,0,0:0:0:0:
448,192,72486,1,0,0:0:0:0:
64,192,72643,1,0,0:0:0:0:
320,192,72643,1,0,0:0:0:0:
448,192,72643,1,0,0:0:0:0:
64,192,72800,1,0,0:0:0:0:
192,192,72800,1,0,0:0:0:0:
448,192,72800,1,0,0:0:0:0:
64,192,72957,1,0,0:0:0:0:
192,192,72957,1,0,0:0:0:0:
320,192,72957,1,0,0:0:0:0:
64,192,73114,1,0,0:0:0:0:
320,192,73114,1,0,0:0:0:0:
448,192,73114,1,0,0:0:0:0:
64,192,73271,1,0,0:0:0:0:
192,192,73271,1,0,0:0:0:0:
448,192,73271,1,0,0:0:0:0:
64,192,73428,1,0,0:0:0:0:
448,192,73428,1,0,0:0:0:0:
320,192,73467,1,0,0:0:0:0:
192,192,73507,1,0,0:0:0:0:
64,192,73546,1,0,0:0:0:0:
320,192,73585,1,0,0:0:0:0:
448,192,73585,1,0,0:0:0:0:
192,192,73625,1,0,0:0:0:0:
64,192,73664,1,0,0:0:0:0:
320,192,73703,1,0,0:0:0:0:
192,192,73742,1,0,0:0:0:0:
448,192,73742,1,0,0:0:0:0:
64,192,73782,1,0,0:0:0:0:
320,192,73821,1,0,0:0:0:0:
192,192,73860,1,0,0:0:0:0:
64,192,73899,1,0,0:0:0:0:
448,192,73899,1,0,0:0:0:0:
320,192,73939,1,0,0:0:0:0:
192,192,73978,1,0,0:0:0:0:
64,192,74017,1,0,0:0:0:0:
320,192,74056,1,0,0:0:0:0:
448,192,74056,1,0,0:0:0:0:
192,192,74096,1,0,0:0:0:0:
64,192,74135,1,0,0:0:0:0:
320,192,74174,1,0,0:0:0:0:
192,192,74214,1,0,0:0:0:0:
448,192,74214,1,0,0:0:0:0:
64,192,74253,1,0,0:0:0:0:
320,192,74292,1,0,0:0:0:0:
192,192,74331,1,0,0:0:0:0:
64,192,74371,1,0,0:0:0:0:
448,192,74371,1,0,0:0:0:0:
64,192,74528,1,0,0:0:0:0:
448,192,74528,1,0,0:0:0:0:
320,192,74567,1,0,0:0:0:0:
192,192,74606,1,0,0:0:0:0:
64,192,74645,1,0,0:0:0:0:
320,192,74685,1,0,0:0:0:0:
448,192,74685,1,0,0:0:0:0:
64,192,74842,1,0,0:0:0:0:
192,192,74842,1,0,0:0:0:0:
448,192,74842,1,0,0:0:0:0:
192,192,74999,1,0,0:0:0:0:
320,192,74999,1,0,0:0:0:0:
448,192,74999,1,0,0:0:0:0:
64,192,75156,1,0,0:0:0:0:
320,192,75156,1,0,0:0:0:0:
448,192,75156,1,0,0:0:0:0:
64,192,75313,1,0,0:0:0:0:
192,192,75313,1,0,0:0:0:0:
448,192,75313,1,0,0:0:0:0:
64,192,75470,1,0,0:0:0:0:
192,192,75470,1,0,0:0:0:0:
320,192,75470,1,0,0:0:0:0:
64,192,75627,1,0,0:0:0:0:
192,192,75627,1,0,0:0:0:0:
448,192,75627,1,0,0:0:0:0:
64,192,75784,1,0,0:0:0:0:
448,192,75784,1,0,0:0:0:0:
320,192,75824,1,0,0:0:0:0:
192,192,75863,1,0,0:0:0:0:
64,192,75902,1,0,0:0:0:0:
320,192,75941,1,0,0:0:0:0:
448,192,75941,1,0,0:0:0:0:
64,192,76098,1,0,0:0:0:0:
448,192,76098,1,0,0:0:0:0:
192,192,76138,1,0,0:0:0:0:
320,192,76177,1,0,0:0:0:0:
448,192,76216,1,0,0:0:0:0:
64,192,76255,1,0,0:0:0:0:
192,192,76255,1,0,0:0:0:0:
192,192,76413,1,0,0:0:0:0:
320,192,76413,1,0,0:0:0:0:
448,192,76413,1,0,0:0:0:0:
64,192,76570,1,0,0:0:0:0:
192,192,76570,1,0,0:0:0:0:
448,192,76570,1,0,0:0:0:0:
64,192,76727,1,0,0:0:0:0:
192,192,76727,1,0,0:0:0:0:
320,192,76727,1,0,0:0:0:0:
64,192,76884,1,0,0:0:0:0:
192,192,76884,1,0,0:0:0:0:
320,192,76884,1,0,0:0:0:0:
448,192,76884,1,0,0:0:0:0:
64,192,77041,1,0,0:0:0:0:
448,192,77041,1,0,0:0:0:0:
320,192,77080,1,0,0:0:0:0:
192,192,77119,1,0,0:0:0:0:
64,192,77159,1,0,0:0:0:0:
320,192,77198,1,0,0:0:0:0:
448,192,77198,1,0,0:0:0:0:
192,192,77355,1,0,0:0:0:0:
320,192,77355,1,0,0:0:0:0:
448,192,77355,1,0,0:0:0:0:
64,192,77512,1,0,0:0:0:0:
320,192,77512,1,0,0:0:0:0:
448,192,77512,1,0,0:0:0:0:
64,192,77669,1,0,0:0:0:0:
192,192,77669,1,0,0:0:0:0:
448,192,77669,1,0,0:0:0:0:
64,192,77826,1,0,0:0:0:0:
192,192,77826,1,0,0:0:0:0:
320,192,77826,1,0,0:0:0:0:
192,192,77983,1,0,0:0:0:0:
320,192,77983,1,0,0:0:0:0:
448,192,77983,1,0,0:0:0:0:
64,192,78140,1,0,0:0:0:0:
192,192,78140,1,0,0:0:0:0:
320,192,78140,1,0,0:0:0:0:
448,192,78140,1,0,0:0:0:0:
64,192,78297,1,0,0:0:0:0:
192,192,78297,1,0,0:0:0:0:
320,192,78297,1,0,0:0:0:0:
448,192,78297,1,0,0:0:0:0:
64,192,78454,1,0,0:0:0:0:
448,192,78454,1,0,0:0:0:0:
320,192,78494,1,0,0:0:0:0:
192,192,78533,1,0,0:0:0:0:
64,192,78572,1,0,0:0:0:0:
320,192,78611,1,0,0:0:0:0:
448,192,78611,1,0,0:0:0:0:
192,192,78651,1,0,0:0:0:0:
64,192,78690,1,0,0:0:0:0:
320,192,78729,1,0,0:0:0:0:
192,192,78769,1,0,0:0:0:0:
448,192,78769,1,0,0:0:0:0:
64,192,78808,1,0,0:0:0:0:
320,192,78847,1,0,0:0:0:0:
192,192,78886,1,0,0:0:0:0:
64,192,78926,1,0,0:0:0:0:
448,192,78926,1,0,0:0:0:0:
320,192,78965,1,0,0:0:0:0:
192,192,79004,1,0,0:0:0:0:
64,192,79043,1,0,0:0:0:0:
320,192,79083,1,0,0:0:0:0:
448,192,79083,1,0,0:0:0:0:
192,192,79161,1,0,0:0:0:0:
64,192,79240,1,0,0:0:0:0:
448,192,79240,1,0,0:0:0:0:
192,192,79318,1,0,0:0:0:0:
320,192,79397,1,0,0:0:0:0:
448,192,79397,1,0,0:0:0:0:
64,192,79554,1,0,0:0:0:0:
448,192,79554,1,0,0:0:0:0:
320,192,79593,1,0,0:0:0:0:
192,192,79632,1,0,0:0:0:0:
64,192,79672,1,0,0:0:0:0:
320,192,79711,1,0,0:0:0:0:
448,192,79711,1,0,0:0:0:0:
64,192,79868,1,0,0:0:0:0:
192,192,79868,1,0,0:0:0:0:
320,192,79868,1,0,0:0:0:0:
192,192,80025,1,0,0:0:0:0:
320,192,80025,1,0,0:0:0:0:
448,192,80025,1,0,0:0:0:0:
64,192,80182,1,0,0:0:0:0:
320,192,80182,1,0,0:0:0:0:
448,192,80182,1,0,0:0:0:0:
64,192,80339,1,0,0:0:0:0:
192,192,80339,1,0,0:0:0:0:
448,192,80339,1,0,0:0:0:0:
64,192,80496,1,0,0:0:0:0:
192,192,80496,1,0,0:0:0:0:
320,192,80496,1,0,0:0:0:0:
64,192,80653,1,0,0:0:0:0:
192,192,80653,1,0,0:0:0:0:
448,192,80653,1,0,0:0:0:0:
64,192,80810,1,0,0:0:0:0:
448,192,80810,1,0,0:0:0:0:
320,192,80850,1,0,0:0:0:0:
192,192,80889,1,0,0:0:0:0:
64,192,80928,1,0,0:0:0:0:
320,192,80967,1,0,0:0:0:0:
448,192,80967,1,0,0:0:0:0:
64,192,81125,1,0,0:0:0:0:
448,192,81125,1,0,0:0:0:0:
192,192,81164,1,0,0:0:0:0:
320,192,81203,1,0,0:0:0:0:
448,192,81242,1,0,0:0:0:0:
64,192,81282,1,0,0:0:0:0:
192,192,81282,1,0,0:0:0:0:
64,192,81439,1,0,0:0:0:0:
192,192,81439,1,0,0:0:0:0:
320,192,81439,1,0,0:0:0:0:
192,192,81596,1,0,0:0:0:0:
320,192,81596,1,0,0:0:0:0:
448,192,81596,1,0,0:0:0:0:
64,192,81753,1,0,0:0:0:0:
192,192,81753,1,0,0:0:0:0:
448,192,81753,1,0,0:0:0:0:
64,192,81910,1,0,0:0:0:0:
192,192,81910,1,0,0:0:0:0:
320,192,81910,1,0,0:0:0:0:
448,192,81910,1,0,0:0:0:0:
64,192,82067,1,0,0:0:0:0:
448,192,82067,1,0,0:0:0:0:
320,192,82106,1,0,0:0:0:0:
192,192,82145,1,0,0:0:0:0:
64,192,82185,1,0,0:0:0:0:
320,192,82224,1,0,0:0:0:0:
448,192,82224,1,0,0:0:0:0:
64,192,82381,1,0,0:0:0:0:
192,192,82381,1,0,0:0:0:0:
320,192,82381,1,0,0:0:0:0:
64,192,82538,1,0,0:0:0:0:
192,192,82538,1,0,0:0:0:0:
448,192,82538,1,0,0:0:0:0:
192,192,82695,1,0,0:0:0:0:
320,192,82695,1,0,0:0:0:0:
448,192,82695,1,0,0:0:0:0:
64,192,82852,1,0,0:0:0:0:
192,192,82852,1,0,0:0:0:0:
320,192,82852,1,0,0:0:0:0:
64,192,83009,1,0,0:0:0:0:
192,192,83009,1,0,0:0:0:0:
448,192,83009,1,0,0:0:0:0:
192,192,83166,1,0,0:0:0:0:
320,192,83166,1,0,0:0:0:0:
448,192,83166,1,0,0:0:0:0:
64,192,83324,1,0,0:0:0:0:
320,192,83324,1,0,0:0:0:0:
448,192,83324,1,0,0:0:0:0:
64,192,83481,1,0,0:0:0:0:
448,192,83481,1,0,0:0:0:0:
320,192,83520,1,0,0:0:0:0:
192,192,83559,1,0,0:0:0:0:
64,192,83598,1,0,0:0:0:0:
320,192,83638,1,0,0:0:0:0:
448,192,83638,1,0,0:0:0:0:
192,192,83677,1,0,0:0:0:0:
64,192,83716,1,0,0:0:0:0:
320,192,83755,1,0,0:0:0:0:
192,192,83795,1,0,0:0:0:0:
448,192,83795,1,0,0:0:0:0:
64,192,83834,1,0,0:0:0:0:
320,192,83873,1,0,0:0:0:0:
192,192,83913,1,0,0:0:0:0:
64,192,83952,1,0,0:0:0:0:
448,192,83952,1,0,0:0:0:0:
320,192,83991,1,0,0:0:0:0:
192,192,84030,1,0,0:0:0:0:
64,192,84070,1,0,0:0:0:0:
320,192,84109,1,0,0:0:0:0:
448,192,84109,1,0,0:0:0:0:
192,192,84148,1,0,0:0:0:0:
64,192,84187,1,0,0:0:0:0:
320,192,84227,1,0,0:0:0:0:
192,192,84266,1,0,0:0:0:0:
448,192,84266,1,0,0:0:0:0:
64,192,84305,1,0,0:0:0:0:
320,192,84344,1,0,0:0:0:0:
192,192,84384,1,0,0:0:0:0:
64,192,84423,1,0,0:0:0:0:
448,192,84423,1,0,0:0:0:0:
64,192,84580,1,0,0:0:0:0:
448,192,84580,1,0,0:0:0:0:
320,192,84619,1,0,0:0:0:0:
192,192,84659,1,0,0:0:0:0:
64,192,84698,1,0,0:0:0:0:
320,192,84737,1,0,0:0:0:0:
448,192,84737,1,0,0:0:0:0:
64,192,84894,1,0,0:0:0:0:
192,192,84894,1,0,0:0:0:0:
320,192,84894,1,0,0:0:0:0:
192,192,85051,1,0,0:0:0:0:
320,192,85051,1,0,0:0:0:0:
448,192,85051,1,0,0:0:0:0:
64,192,85208,1,0,0:0:0:0:
320,192,85208,1,0,0:0:0:0:
448,192,85208,1,0,0:0:0:0:
64,192,85365,1,0,0:0:0:0:
192,192,85365,1,0,0:0:0:0:
448,192,85365,1,0,0:0:0:0:
64,192,85522,1,0,0:0:0:0:
192,192,85522,1,0,0:0:0:0:
320,192,85522,1,0,0:0:0:0:
192,192,85680,1,0,0:0:0:0:
320,192,85680,1,0,0:0:0:0:
448,192,85680,1,0,0:0:0:0:
64,192,85837,1,0,0:0:0:0:
448,192,85837,1,0,0:0:0:0:
320,192,85876,1,0,0:0:0:0:
192,192,85915,1,0,0:0:0:0:
64,192,85954,1,0,0:0:0:0:
320,192,85994,1,0,0:0:0:0:
448,192,85994,1,0,0:0:0:0:
64,192,86151,1,0,0:0:0:0:
448,192,86151,1,0,0:0:0:0:
192,192,86190,1,0,0:0:0:0:
320,192,86229,1,0,0:0:0:0:
448,192,86269,1,0,0:0:0:0:
64,192,86308,1,0,0:0:0:0:
192,192,86308,1,0,0:0:0:0:
192,192,86465,1,0,0:0:0:0:
320,192,86465,1,0,0:0:0:0:
448,192,86465,1,0,0:0:0:0:
64,192,86622,1,0,0:0:0:0:
320,192,86622,1,0,0:0:0:0:
448,192,86622,1,0,0:0:0:0:
64,192,86779,1,0,0:0:0:0:
192,192,86779,1,0,0:0:0:0:
448,192,86779,1,0,0:0:0:0:
64,192,86936,1,0,0:0:0:0:
192,192,86936,1,0,0:0:0:0:
320,192,86936,1,0,0:0:0:0:
448,192,86936,1,0,0:0:0:0:
64,192,87093,1,0,0:0:0:0:
448,192,87093,1,0,0:0:0:0:
320,192,87132,1,0,0:0:0:0:
192,192,87172,1,0,0:0:0:0:
64,192,87211,1,0,0:0:0:0:
320,192,87250,1,0,0:0:0:0:
448,192,87250,1,0,0:0:0:0:
64,192,87407,1,0,0:0:0:0:
192,192,87407,1,0,0:0:0:0:
320,192,87407,1,0,0:0:0:0:
64,192,87564,1,0,0:0:0:0:
192,192,87564,1,0,0:0:0:0:
448,192,87564,1,0,0:0:0:0:
192,192,87721,1,0,0:0:0:0:
320,192,87721,1,0,0:0:0:0:
448,192,87721,1,0,0:0:0:0:
64,192,87878,1,0,0:0:0:0:
320,192,87878,1,0,0:0:0:0:
448,192,87878,1,0,0:0:0:0:
64,192,88036,1,0,0:0:0:0:
192,192,88036,1,0,0:0:0:0:
448,192,88036,1,0,0:0:0:0:
64,192,88193,1,0,0:0:0:0:
192,192,88193,1,0,0:0:0:0:
320,192,88193,1,0,0:0:0:0:
448,192,88193,1,0,0:0:0:0:
64,192,88350,1,0,0:0:0:0:
192,192,88350,1,0,0:0:0:0:
320,192,88350,1,0,0:0:0:0:
448,192,88350,1,0,0:0:0:0:
64,192,88507,1,0,0:0:0:0:
448,192,88507,1,0,0:0:0:0:
320,192,88546,1,0,0:0:0:0:
192,192,88585,1,0,0:0:0:0:
64,192,88625,1,0,0:0:0:0:
320,192,88664,1,0,0:0:0:0:
448,192,88664,1,0,0:0:0:0:
192,192,88703,1,0,0:0:0:0:
64,192,88742,1,0,0:0:0:0:
320,192,88782,1,0,0:0:0:0:
192,192,88821,1,0,0:0:0:0:
448,192,88821,1,0,0:0:0:0:
64,192,88860,1,0,0:0:0:0:
320,192,88899,1,0,0:0:0:0:
192,192,88939,1,0,0:0:0:0:
64,192,88978,1,0,0:0:0:0:
448,192,88978,1,0,0:0:0:0:
320,192,89017,1,0,0:0:0:0:
192,192,89056,1,0,0:0:0:0:
64,192,89096,1,0,0:0:0:0:
320,192,89135,1,0,0:0:0:0:
448,192,89135,1,0,0:0:0:0:
192,192,89174,1,0,0:0:0:0:
64,192,89214,1,0,0:0:0:0:
320,192,89253,1,0,0:0:0:0:
192,192,89292,1,0,0:0:0:0:
448,192,89292,1,0,0:0:0:0:
64,192,89331,1,0,0:0:0:0:
320,192,89371,1,0,0:0:0:0:
192,192,89410,1,0,0:0:0:0:
64,192,89449,1,0,0:0:0:0:
448,192,89449,1,0,0:0:0:0:
192,192,89606,1,0,0:0:0:0:
320,192,89685,1,0,0:0:0:0:
448,192,89763,1,0,0:0:0:0:
320,192,89920,1,0,0:0:0:0:
64,192,90077,1,0,0:0:0:0:
192,192,90234,1,0,0:0:0:0:
320,192,90313,1,0,0:0:0:0:
448,192,90392,1,0,0:0:0:0:
192,192,90549,1,0,0:0:0:0:
64,192,90706,1,0,0:0:0:0:
192,192,90863,1,0,0:0:0:0:
320,192,90941,1,0,0:0:0:0:
448,192,91020,1,0,0:0:0:0:
320,192,91177,1,0,0:0:0:0:
64,192,91334,1,0,0:0:0:0:
192,192,91491,1,0,0:0:0:0:
320,192,91570,1,0,0:0:0:0:
448,192,91648,1,0,0:0:0:0:
192,192,91805,1,0,0:0:0:0:
64,192,91962,1,0,0:0:0:0:
192,192,92119,1,0,0:0:0:0:
320,192,92198,1,0,0:0:0:0:
448,192,92276,1,0,0:0:0:0:
320,192,92433,1,0,0:0:0:0:
64,192,92590,1,0,0:0:0:0:
192,192,92748,1,0,0:0:0:0:
320,192,92826,1,0,0:0:0:0:
448,192,92905,1,0,0:0:0:0:
192,192,93062,1,0,0:0:0:0:
64,192,93219,1,0,0:0:0:0:
192,192,93533,1,0,0:0:0:0:
64,192,93533,1,0,0:0:0:0:
64,192,93847,1,0,0:0:0:0:
448,192,93847,1,0,0:0:0:0:
320,192,94161,1,0,0:0:0:0:
448,192,94161,1,0,0:0:0:0:
448,192,94475,1,0,0:0:0:0:
64,192,94475,1,0,0:0:0:0:
192,192,94632,1,0,0:0:0:0:
320,192,94711,1,0,0:0:0:0:
448,192,94789,1,0,0:0:0:0:
64,192,94789,1,0,0:0:0:0:
192,192,94947,1,0,0:0:0:0:
320,192,94947,1,0,0:0:0:0:
448,192,95104,1,0,0:0:0:0:
64,192,95104,1,0,0:0:0:0:
192,192,95261,1,0,0:0:0:0:
320,192,95339,1,0,0:0:0:0:
64,192,95418,1,0,0:0:0:0:
448,192,95418,1,0,0:0:0:0:
320,192,95575,1,0,0:0:0:0:
192,192,95575,1,0,0:0:0:0:
64,192,95732,1,0,0:0:0:0:
448,192,95732,1,0,0:0:0:0:
192,192,95889,1,0,0:0:0:0:
320,192,95967,1,0,0:0:0:0:
448,192,96046,1,0,0:0:0:0:
64,192,96046,1,0,0:0:0:0:
192,192,96203,1,0,0:0:0:0:
320,192,96203,1,0,0:0:0:0:
448,192,96360,1,0,0:0:0:0:
64,192,96360,1,0,0:0:0:0:
192,192,96517,1,0,0:0:0:0:
320,192,96596,1,0,0:0:0:0:
64,192,96674,1,0,0:0:0:0:
448,192,96674,1,0,0:0:0:0:
320,192,96831,1,0,0:0:0:0:
192,192,96831,1,0,0:0:0:0:
64,192,96988,1,0,0:0:0:0:
448,192,96988,1,0,0:0:0:0:
192,192,97145,1,0,0:0:0:0:
320,192,97224,1,0,0:0:0:0:
448,192,97303,1,0,0:0:0:0:
64,192,97303,1,0,0:0:0:0:
192,192,97460,1,0,0:0:0:0:
320,192,97460,1,0,0:0:0:0:
448,192,97617,1,0,0:0:0:0:
64,192,97617,1,0,0:0:0:0:
192,192,97774,1,0,0:0:0:0:
320,192,97852,1,0,0:0:0:0:
448,192,97931,1,0,0:0:0:0:
64,192,97931,1,0,0:0:0:0:
192,192,98088,1,0,0:0:0:0:
320,192,98088,1,0,0:0:0:0:
64,192,98245,1,0,0:0:0:0:
448,192,98245,1,0,0:0:0:0:
192,192,98559,5,0,0:0:0:0:
64,192,98559,1,0,0:0:0:0:
448,192,98873,1,0,0:0:0:0:
320,192,98873,1,0,0:0:0:0:
448,192,99187,1,0,0:0:0:0:
64,192,99187,1,0,0:0:0:0:
64,192,99502,5,0,0:0:0:0:
192,192,99502,1,0,0:0:0:0:
320,192,99502,1,0,0:0:0:0:
448,192,99502,1,0,0:0:0:0:
64,192,99659,1,0,0:0:0:0:
448,192,99659,1,0,0:0:0:0:
320,192,99698,1,0,0:0:0:0:
192,192,99737,1,0,0:0:0:0:
64,192,99776,1,0,0:0:0:0:
320,192,99816,1,0,0:0:0:0:
448,192,99816,1,0,0:0:0:0:
64,192,99973,1,0,0:0:0:0:
448,192,99973,1,0,0:0:0:0:
320,192,100012,1,0,0:0:0:0:
192,192,100051,1,0,0:0:0:0:
64,192,100091,1,0,0:0:0:0:
320,192,100130,1,0,0:0:0:0:
448,192,100130,1,0,0:0:0:0:
64,192,100287,1,0,0:0:0:0:
448,192,100287,1,0,0:0:0:0:
320,192,100326,1,0,0:0:0:0:
192,192,100365,1,0,0:0:0:0:
64,192,100405,1,0,0:0:0:0:
320,192,100444,1,0,0:0:0:0:
448,192,100444,1,0,0:0:0:0:
64,192,100601,1,0,0:0:0:0:
448,192,100601,1,0,0:0:0:0:
320,192,100640,1,0,0:0:0:0:
192,192,100680,1,0,0:0:0:0:
64,192,100719,1,0,0:0:0:0:
320,192,100758,1,0,0:0:0:0:
448,192,100758,1,0,0:0:0:0:
64,192,100915,1,0,0:0:0:0:
448,192,100915,1,0,0:0:0:0:
320,192,100954,1,0,0:0:0:0:
192,192,100994,1,0,0:0:0:0:
64,192,101033,1,0,0:0:0:0:
320,192,101072,1,0,0:0:0:0:
448,192,101072,1,0,0:0:0:0:
64,192,101229,1,0,0:0:0:0:
448,192,101229,1,0,0:0:0:0:
320,192,101269,1,0,0:0:0:0:
192,192,101308,1,0,0:0:0:0:
64,192,101347,1,0,0:0:0:0:
320,192,101386,1,0,0:0:0:0:
448,192,101386,1,0,0:0:0:0:
64,192,101543,1,0,0:0:0:0:
448,192,101543,1,0,0:0:0:0:
320,192,101583,1,0,0:0:0:0:
192,192,101622,1,0,0:0:0:0:
64,192,101661,1,0,0:0:0:0:
320,192,101700,1,0,0:0:0:0:
448,192,101700,1,0,0:0:0:0:
64,192,101858,1,0,0:0:0:0:
448,192,101858,1,0,0:0:0:0:
320,192,101897,1,0,0:0:0:0:
192,192,101936,1,0,0:0:0:0:
64,192,101975,1,0,0:0:0:0:
320,192,102015,1,0,0:0:0:0:
448,192,102015,1,0,0:0:0:0:
64,192,102172,1,0,0:0:0:0:
448,192,102172,1,0,0:0:0:0:
320,192,102211,1,0,0:0:0:0:
192,192,102250,1,0,0:0:0:0:
64,192,102289,1,0,0:0:0:0:
320,192,102329,1,0,0:0:0:0:
448,192,102329,1,0,0:0:0:0:
64,192,102486,1,0,0:0:0:0:
448,192,102486,1,0,0:0:0:0:
320,192,102525,1,0,0:0:0:0:
192,192,102564,1,0,0:0:0:0:
64,192,102604,1,0,0:0:0:0:
320,192,102643,1,0,0:0:0:0:
448,192,102643,1,0,0:0:0:0:
64,192,102800,1,0,0:0:0:0:
448,192,102800,1,0,0:0:0:0:
320,192,102839,1,0,0:0:0:0:
192,192,102878,1,0,0:0:0:0:
64,192,102918,1,0,0:0:0:0:
320,192,102957,1,0,0:0:0:0:
448,192,102957,1,0,0:0:0:0:
64,192,103114,1,0,0:0:0:0:
448,192,103114,1,0,0:0:0:0:
320,192,103153,1,0,0:0:0:0:
192,192,103193,1,0,0:0:0:0:
64,192,103232,1,0,0:0:0:0:
320,192,103271,1,0,0:0:0:0:
448,192,103271,1,0,0:0:0:0:
64,192,103428,1,0,0:0:0:0:
448,192,103428,1,0,0:0:0:0:
320,192,103467,1,0,0:0:0:0:
192,192,103507,1,0,0:0:0:0:
64,192,103546,1,0,0:0:0:0:
320,192,103585,1,0,0:0:0:0:
448,192,103585,1,0,0:0:0:0:
64,192,103742,1,0,0:0:0:0:
448,192,103742,1,0,0:0:0:0:
320,192,103782,1,0,0:0:0:0:
192,192,103821,1,0,0:0:0:0:
64,192,103860,1,0,0:0:0:0:
320,192,103899,1,0,0:0:0:0:
448,192,103899,1,0,0:0:0:0:
64,192,104056,1,0,0:0:0:0:
448,192,104056,1,0,0:0:0:0:
320,192,104096,1,0,0:0:0:0:
192,192,104135,1,0,0:0:0:0:
64,192,104174,1,0,0:0:0:0:
320,192,104214,1,0,0:0:0:0:
448,192,104214,1,0,0:0:0:0:
64,192,104371,1,0,0:0:0:0:
448,192,104371,1,0,0:0:0:0:
320,192,104410,1,0,0:0:0:0:
192,192,104449,1,0,0:0:0:0:
64,192,104488,1,0,0:0:0:0:
64,192,104528,1,0,0:0:0:0:
192,192,104528,1,0,0:0:0:0:
320,192,104528,1,0,0:0:0:0:
448,192,104528,1,0,0:0:0:0:
64,192,104685,1,0,0:0:0:0:
192,192,104685,1,0,0:0:0:0:
320,192,104685,1,0,0:0:0:0:
448,192,104685,1,0,0:0:0:0:
64,192,104842,1,0,0:0:0:0:
192,192,104842,1,0,0:0:0:0:
320,192,104842,1,0,0:0:0:0:
448,192,104842,1,0,0:0:0:0:
64,192,104999,1,0,0:0:0:0:
192,192,104999,1,0,0:0:0:0:
320,192,104999,1,0,0:0:0:0:
448,192,104999,1,0,0:0:0:0:
64,192,105156,1,0,0:0:0:0:
192,192,105156,1,0,0:0:0:0:
320,192,105156,1,0,0:0:0:0:
448,192,105156,1,0,0:0:0:0:
64,192,105313,1,0,0:0:0:0:
192,192,105313,1,0,0:0:0:0:
320,192,105313,1,0,0:0:0:0:
448,192,105313,1,0,0:0:0:0:
64,192,105470,1,0,0:0:0:0:
192,192,105470,1,0,0:0:0:0:
320,192,105470,1,0,0:0:0:0:
448,192,105470,1,0,0:0:0:0:
64,192,105627,1,0,0:0:0:0:
192,192,105627,1,0,0:0:0:0:
320,192,105627,1,0,0:0:0:0:
448,192,105627,1,0,0:0:0:0:
64,192,105784,1,0,0:0:0:0:
192,192,105784,1,0,0:0:0:0:
320,192,105784,1,0,0:0:0:0:
448,192,105784,1,0,0:0:0:0:
64,192,105941,1,0,0:0:0:0:
192,192,105941,1,0,0:0:0:0:
320,192,105941,1,0,0:0:0:0:
448,192,105941,1,0,0:0:0:0:
64,192,106098,1,0,0:0:0:0:
192,192,106098,1,0,0:0:0:0:
320,192,106098,1,0,0:0:0:0:
448,192,106098,1,0,0:0:0:0:
64,192,106255,1,0,0:0:0:0:
192,192,106255,1,0,0:0:0:0:
320,192,106255,1,0,0:0:0:0:
448,192,106255,1,0,0:0:0:0:
64,192,106413,1,0,0:0:0:0:
192,192,106413,1,0,0:0:0:0:
320,192,106413,1,0,0:0:0:0:
448,192,106413,1,0,0:0:0:0:
64,192,106570,1,0,0:0:0:0:
192,192,106570,1,0,0:0:0:0:
320,192,106570,1,0,0:0:0:0:
448,192,106570,1,0,0:0:0:0:
64,192,106727,1,0,0:0:0:0:
192,192,106727,1,0,0:0:0:0:
320,192,106727,1,0,0:0:0:0:
448,192,106727,1,0,0:0:0:0:
64,192,106884,1,0,0:0:0:0:
192,192,106884,1,0,0:0:0:0:
320,192,106884,1,0,0:0:0:0:
448,192,106884,1,0,0:0:0:0:
64,192,107041,1,0,0:0:0:0:
192,192,107041,1,0,0:0:0:0:
320,192,107041,1,0,0:0:0:0:
448,192,107041,1,0,0:0:0:0:
64,192,107198,1,0,0:0:0:0:
192,192,107198,1,0,0:0:0:0:
320,192,107198,1,0,0:0:0:0:
448,192,107198,1,0,0:0:0:0:
64,192,107355,1,0,0:0:0:0:
192,192,107355,1,0,0:0:0:0:
320,192,107355,1,0,0:0:0:0:
448,192,107355,1,0,0:0:0:0:
64,192,107512,1,0,0:0:0:0:
192,192,107512,1,0,0:0:0:0:
320,192,107512,1,0,0:0:0:0:
448,192,107512,1,0,0:0:0:0:
64,192,107669,1,0,0:0:0:0:
192,192,107669,1,0,0:0:0:0:
320,192,107669,1,0,0:0:0:0:
448,192,107669,1,0,0:0:0:0:
64,192,107826,1,0,0:0:0:0:
192,192,107826,1,0,0:0:0:0:
320,192,107826,1,0,0:0:0:0:
448,192,107826,1,0,0:0:0:0:
64,192,107983,1,0,0:0:0:0:
192,192,107983,1,0,0:0:0:0:
320,192,107983,1,0,0:0:0:0:
448,192,107983,1,0,0:0:0:0:
64,192,108140,1,0,0:0:0:0:
192,192,108140,1,0,0:0:0:0:
320,192,108140,1,0,0:0:0:0:
448,192,108140,1,0,0:0:0:0:
64,192,108297,1,0,0:0:0:0:
192,192,108297,1,0,0:0:0:0:
320,192,108297,1,0,0:0:0:0:
448,192,108297,1,0,0:0:0:0:
64,192,108454,1,0,0:0:0:0:
192,192,108454,1,0,0:0:0:0:
320,192,108454,1,0,0:0:0:0:
448,192,108454,1,0,0:0:0:0:
64,192,108611,1,0,0:0:0:0:
192,192,108611,1,0,0:0:0:0:
320,192,108611,1,0,0:0:0:0:
448,192,108611,1,0,0:0:0:0:
64,192,108769,1,0,0:0:0:0:
192,192,108769,1,0,0:0:0:0:
320,192,108769,1,0,0:0:0:0:
448,192,108769,1,0,0:0:0:0:
64,192,108926,1,0,0:0:0:0:
192,192,108926,1,0,0:0:0:0:
320,192,108926,1,0,0:0:0:0:
448,192,108926,1,0,0:0:0:0:
64,192,109083,1,0,0:0:0:0:
192,192,109083,1,0,0:0:0:0:
320,192,109083,1,0,0:0:0:0:
448,192,109083,1,0,0:0:0:0:
64,192,109240,1,0,0:0:0:0:
192,192,109240,1,0,0:0:0:0:
320,192,109240,1,0,0:0:0:0:
448,192,109240,1,0,0:0:0:0:
64,192,109397,1,0,0:0:0:0:
192,192,109397,1,0,0:0:0:0:
320,192,109397,1,0,0:0:0:0:
448,192,109397,1,0,0:0:0:0:
192,192,109554,1,0,0:0:0:0:
320,192,109554,1,0,0:0:0:0:
448,192,109554,1,0,0:0:0:0:
64,192,109659,1,0,0:0:0:0:
320,192,109659,1,0,0:0:0:0:
192,192,109763,1,0,0:0:0:0:
448,192,109763,1,0,0:0:0:0:
64,192,109868,1,0,0:0:0:0:
192,192,109868,1,0,0:0:0:0:
320,192,109868,1,0,0:0:0:0:
192,192,109973,1,0,0:0:0:0:
448,192,109973,1,0,0:0:0:0:
64,192,110077,1,0,0:0:0:0:
320,192,110077,1,0,0:0:0:0:
192,192,110182,1,0,0:0:0:0:
320,192,110182,1,0,0:0:0:0:
448,192,110182,1,0,0:0:0:0:
64,192,110287,1,0,0:0:0:0:
320,192,110287,1,0,0:0:0:0:
192,192,110392,1,0,0:0:0:0:
448,192,110392,1,0,0:0:0:0:
64,192,110496,1,0,0:0:0:0:
192,192,110496,1,0,0:0:0:0:
320,192,110496,1,0,0:0:0:0:
64,192,110601,1,0,0:0:0:0:
320,192,110601,1,0,0:0:0:0:
192,192,110706,1,0,0:0:0:0:
448,192,110706,1,0,0:0:0:0:
192,192,110810,1,0,0:0:0:0:
320,192,110810,1,0,0:0:0:0:
448,192,110810,1,0,0:0:0:0:
192,192,110915,1,0,0:0:0:0:
448,192,110915,1,0,0:0:0:0:
64,192,111020,1,0,0:0:0:0:
320,192,111020,1,0,0:0:0:0:
64,192,111125,1,0,0:0:0:0:
192,192,111125,1,0,0:0:0:0:
320,192,111125,1,0,0:0:0:0:
64,192,111229,1,0,0:0:0:0:
320,192,111229,1,0,0:0:0:0:
192,192,111334,1,0,0:0:0:0:
448,192,111334,1,0,0:0:0:0:
192,192,111439,1,0,0:0:0:0:
320,192,111439,1,0,0:0:0:0:
448,192,111439,1,0,0:0:0:0:
192,192,111543,1,0,0:0:0:0:
448,192,111543,1,0,0:0:0:0:
64,192,111648,1,0,0:0:0:0:
320,192,111648,1,0,0:0:0:0:
64,192,111753,1,0,0:0:0:0:
320,192,111753,1,0,0:0:0:0:
448,192,111753,1,0,0:0:0:0:
192,192,111858,1,0,0:0:0:0:
320,192,111962,1,0,0:0:0:0:
64,0,112067,1,0,1:0:0:0:
192,0,112067,1,0,1:0:0:0:
448,0,112119,1,0,1:0:0:0:
320,0,112119,1,0,1:0:0:0:
192,0,112172,1,0,1:0:0:0:
64,0,112172,1,0,1:0:0:0:
320,0,112224,1,0,1:0:0:0:
448,0,112224,1,0,1:0:0:0:
192,0,112276,1,0,1:0:0:0:
64,0,112276,1,0,1:0:0:0:
448,0,112329,1,0,1:0:0:0:
320,0,112329,1,0,1:0:0:0:
192,0,112381,1,0,1:0:0:0:
64,0,112381,1,0,1:0:0:0:
320,0,112433,1,0,1:0:0:0:
448,0,112433,1,0,1:0:0:0:
192,0,112486,1,0,1:0:0:0:
64,0,112486,1,0,1:0:0:0:
320,0,112538,1,0,1:0:0:0:
448,0,112538,1,0,1:0:0:0:
192,0,112590,1,0,1:0:0:0:
64,0,112590,1,0,1:0:0:0:
320,0,112643,1,0,1:0:0:0:
448,0,112643,1,0,1:0:0:0:
192,0,112695,1,0,1:0:0:0:
64,0,112695,1,0,1:0:0:0:
320,0,112748,1,0,1:0:0:0:
448,0,112748,1,0,1:0:0:0:
64,0,112800,1,0,1:0:0:0:
192,0,112800,1,0,1:0:0:0:
320,0,112852,1,0,1:0:0:0:
448,0,112852,1,0,1:0:0:0:
64,0,112905,1,0,1:0:0:0:
192,0,112905,1,0,1:0:0:0:
320,0,112957,1,0,1:0:0:0:
448,0,112957,1,0,1:0:0:0:
192,0,113009,1,0,1:0:0:0:
64,0,113009,1,0,1:0:0:0:
320,0,113062,1,0,1:0:0:0:
448,0,113062,1,0,1:0:0:0:
192,0,113114,1,0,1:0:0:0:
64,0,113114,1,0,1:0:0:0:
320,0,113166,1,0,1:0:0:0:
448,0,113166,1,0,1:0:0:0:
64,0,113219,1,0,1:0:0:0:
192,0,113219,1,0,1:0:0:0:
448,0,113271,1,0,1:0:0:0:
320,0,113271,1,0,1:0:0:0:
192,0,113323,1,0,1:0:0:0:
64,0,113323,1,0,1:0:0:0:
448,0,113376,1,0,1:0:0:0:
320,0,113376,1,0,1:0:0:0:
192,0,113428,1,0,1:0:0:0:
64,0,113428,1,0,1:0:0:0:
448,0,113481,1,0,1:0:0:0:
320,0,113481,1,0,1:0:0:0:
192,0,113533,1,0,1:0:0:0:
64,0,113533,1,0,1:0:0:0:
320,0,113585,1,0,1:0:0:0:
448,0,113585,1,0,1:0:0:0:
192,0,113638,1,0,1:0:0:0:
64,0,113638,1,0,1:0:0:0:
320,0,113690,1,0,1:0:0:0:
448,0,113690,1,0,1:0:0:0:
192,0,113742,1,0,1:0:0:0:
64,0,113742,1,0,1:0:0:0:
320,0,113795,1,0,1:0:0:0:
448,0,113795,1,0,1:0:0:0:
192,0,113847,1,0,1:0:0:0:
64,0,113847,1,0,1:0:0:0:
320,0,113899,1,0,1:0:0:0:
448,0,113899,1,0,1:0:0:0:
64,0,113952,1,0,1:0:0:0:
192,0,113952,1,0,1:0:0:0:
320,0,114004,1,0,1:0:0:0:
448,0,114004,1,0,1:0:0:0:
64,0,114056,1,0,1:0:0:0:
192,0,114056,1,0,1:0:0:0:
320,0,114109,1,0,1:0:0:0:
448,0,114109,1,0,1:0:0:0:
192,0,114161,1,0,1:0:0:0:
64,0,114161,1,0,1:0:0:0:
448,0,114214,1,0,1:0:0:0:
320,0,114214,1,0,1:0:0:0:
192,0,114266,1,0,1:0:0:0:
64,0,114266,1,0,1:0:0:0:
64,192,114580,1,0,0:0:0:0:
448,192,114580,1,0,0:0:0:0:
320,192,114619,1,0,0:0:0:0:
192,192,114659,1,0,0:0:0:0:
64,192,114698,1,0,0:0:0:0:
448,192,114737,1,0,0:0:0:0:
192,192,114776,1,0,0:0:0:0:
320,192,114816,1,0,0:0:0:0:
64,192,114855,1,0,0:0:0:0:
192,192,114894,1,0,0:0:0:0:
448,192,114894,1,0,0:0:0:0:
320,192,114933,1,0,0:0:0:0:
64,192,114973,1,0,0:0:0:0:
192,192,115012,1,0,0:0:0:0:
448,192,115051,1,0,0:0:0:0:
320,192,115091,1,0,0:0:0:0:
192,192,115130,1,0,0:0:0:0:
448,192,115169,1,0,0:0:0:0:
64,192,115208,1,0,0:0:0:0:
320,192,115208,1,0,0:0:0:0:
192,192,115248,1,0,0:0:0:0:
448,192,115287,1,0,0:0:0:0:
320,192,115326,1,0,0:0:0:0:
64,192,115365,1,0,0:0:0:0:
192,192,115405,1,0,0:0:0:0:
320,192,115444,1,0,0:0:0:0:
448,192,115483,1,0,0:0:0:0:
64,192,115522,1,0,0:0:0:0:
192,192,115522,1,0,0:0:0:0:
320,192,115562,1,0,0:0:0:0:
448,192,115601,1,0,0:0:0:0:
192,192,115640,1,0,0:0:0:0:
320,192,115680,1,0,0:0:0:0:
64,192,115719,1,0,0:0:0:0:
448,192,115758,1,0,0:0:0:0:
320,192,115797,1,0,0:0:0:0:
64,192,115837,1,0,0:0:0:0:
192,192,115837,1,0,0:0:0:0:
448,192,115876,1,0,0:0:0:0:
320,192,115915,1,0,0:0:0:0:
192,192,115954,1,0,0:0:0:0:
64,192,115994,1,0,0:0:0:0:
320,192,116033,1,0,0:0:0:0:
192,192,116072,1,0,0:0:0:0:
448,192,116111,1,0,0:0:0:0:
64,192,116151,1,0,0:0:0:0:
320,192,116151,1,0,0:0:0:0:
192,192,116190,1,0,0:0:0:0:
448,192,116229,1,0,0:0:0:0:
320,192,116269,1,0,0:0:0:0:
64,192,116308,1,0,0:0:0:0:
192,192,116347,1,0,0:0:0:0:
320,192,116386,1,0,0:0:0:0:
448,192,116426,1,0,0:0:0:0:
64,192,116465,1,0,0:0:0:0:
192,192,116465,1,0,0:0:0:0:
320,192,116504,1,0,0:0:0:0:
448,192,116543,1,0,0:0:0:0:
64,192,116583,1,0,0:0:0:0:
192,192,116622,1,0,0:0:0:0:
320,192,116661,1,0,0:0:0:0:
448,192,116700,1,0,0:0:0:0:
192,192,116740,1,0,0:0:0:0:
64,192,116779,1,0,0:0:0:0:
320,192,116779,1,0,0:0:0:0:
448,192,116818,1,0,0:0:0:0:
192,192,116858,1,0,0:0:0:0:
320,192,116897,1,0,0:0:0:0:
64,192,116936,1,0,0:0:0:0:
448,192,116975,1,0,0:0:0:0:
320,192,117015,1,0,0:0:0:0:
192,192,117054,1,0,0:0:0:0:
64,192,117093,1,0,0:0:0:0:
448,192,117093,1,0,0:0:0:0:
320,192,117132,1,0,0:0:0:0:
192,192,117172,1,0,0:0:0:0:
64,192,117211,1,0,0:0:0:0:
320,192,117250,1,0,0:0:0:0:
192,192,117289,1,0,0:0:0:0:
448,192,117329,1,0,0:0:0:0:
64,192,117368,1,0,0:0:0:0:
192,192,117407,1,0,0:0:0:0:
320,192,117407,1,0,0:0:0:0:
448,192,117447,1,0,0:0:0:0:
64,192,117486,1,0,0:0:0:0:
320,192,117525,1,0,0:0:0:0:
192,192,117564,1,0,0:0:0:0:
448,192,117604,1,0,0:0:0:0:
64,192,117643,1,0,0:0:0:0:
320,192,117682,1,0,0:0:0:0:
192,192,117721,1,0,0:0:0:0:
448,192,117721,1,0,0:0:0:0:
64,192,117761,1,0,0:0:0:0:
320,192,117800,1,0,0:0:0:0:
192,192,117839,1,0,0:0:0:0:
448,192,117878,1,0,0:0:0:0:
320,192,117918,1,0,0:0:0:0:
192,192,117957,1,0,0:0:0:0:
64,192,117996,1,0,0:0:0:0:
320,192,118036,1,0,0:0:0:0:
448,192,118036,1,0,0:0:0:0:
192,192,118075,1,0,0:0:0:0:
64,192,118114,1,0,0:0:0:0:
320,192,118153,1,0,0:0:0:0:
192,192,118193,1,0,0:0:0:0:
448,192,118232,1,0,0:0:0:0:
64,192,118271,1,0,0:0:0:0:
320,192,118310,1,0,0:0:0:0:
192,192,118350,1,0,0:0:0:0:
448,192,118350,1,0,0:0:0:0:
64,192,118389,1,0,0:0:0:0:
320,192,118428,1,0,0:0:0:0:
192,192,118467,1,0,0:0:0:0:
448,192,118507,1,0,0:0:0:0:
64,192,118546,1,0,0:0:0:0:
320,192,118585,1,0,0:0:0:0:
192,192,118625,1,0,0:0:0:0:
64,192,118664,1,0,0:0:0:0:
448,192,118664,1,0,0:0:0:0:
320,192,118703,1,0,0:0:0:0:
192,192,118742,1,0,0:0:0:0:
64,192,118782,1,0,0:0:0:0:
320,192,118821,1,0,0:0:0:0:
192,192,118860,1,0,0:0:0:0:
448,192,118899,1,0,0:0:0:0:
64,192,118939,1,0,0:0:0:0:
192,192,118978,1,0,0:0:0:0:
320,192,118978,1,0,0:0:0:0:
448,192,119017,1,0,0:0:0:0:
64,192,119056,1,0,0:0:0:0:
320,192,119096,1,0,0:0:0:0:
192,192,119135,1,0,0:0:0:0:
448,192,119174,1,0,0:0:0:0:
64,192,119214,1,0,0:0:0:0:
320,192,119253,1,0,0:0:0:0:
192,192,119292,1,0,0:0:0:0:
448,192,119292,1,0,0:0:0:0:
64,192,119331,1,0,0:0:0:0:
320,192,119371,1,0,0:0:0:0:
192,192,119410,1,0,0:0:0:0:
448,192,119449,1,0,0:0:0:0:
64,192,119488,1,0,0:0:0:0:
192,192,119528,1,0,0:0:0:0:
320,192,119567,1,0,0:0:0:0:
64,192,119606,1,0,0:0:0:0:
448,192,119606,1,0,0:0:0:0:
192,192,119645,1,0,0:0:0:0:
320,192,119685,1,0,0:0:0:0:
448,192,119724,1,0,0:0:0:0:
192,192,119763,1,0,0:0:0:0:
320,192,119803,1,0,0:0:0:0:
64,192,119842,1,0,0:0:0:0:
448,192,119881,1,0,0:0:0:0:
192,192,119920,1,0,0:0:0:0:
320,192,119920,1,0,0:0:0:0:
64,192,119960,1,0,0:0:0:0:
448,192,119999,1,0,0:0:0:0:
192,192,120038,1,0,0:0:0:0:
320,192,120077,1,0,0:0:0:0:
64,192,120117,1,0,0:0:0:0:
448,192,120156,1,0,0:0:0:0:
320,192,120195,1,0,0:0:0:0:
64,192,120234,1,0,0:0:0:0:
192,192,120234,1,0,0:0:0:0:
448,192,120274,1,0,0:0:0:0:
320,192,120313,1,0,0:0:0:0:
192,192,120352,1,0,0:0:0:0:
448,192,120392,1,0,0:0:0:0:
64,192,120431,1,0,0:0:0:0:
320,192,120470,1,0,0:0:0:0:
192,192,120509,1,0,0:0:0:0:
64,192,120549,1,0,0:0:0:0:
448,192,120549,1,0,0:0:0:0:
320,192,120588,1,0,0:0:0:0:
192,192,120627,1,0,0:0:0:0:
64,192,120666,1,0,0:0:0:0:
320,192,120706,1,0,0:0:0:0:
192,192,120745,1,0,0:0:0:0:
448,192,120784,1,0,0:0:0:0:
64,192,120824,1,0,0:0:0:0:
192,192,120863,1,0,0:0:0:0:
320,192,120863,1,0,0:0:0:0:
448,192,120902,1,0,0:0:0:0:
64,192,120941,1,0,0:0:0:0:
320,192,120981,1,0,0:0:0:0:
192,192,121020,1,0,0:0:0:0:
448,192,121059,1,0,0:0:0:0:
320,192,121098,1,0,0:0:0:0:
192,192,121138,1,0,0:0:0:0:
64,192,121177,1,0,0:0:0:0:
448,192,121177,1,0,0:0:0:0:
320,192,121216,1,0,0:0:0:0:
192,192,121255,1,0,0:0:0:0:
64,192,121295,1,0,0:0:0:0:
320,192,121334,1,0,0:0:0:0:
192,192,121373,1,0,0:0:0:0:
448,192,121413,1,0,0:0:0:0:
320,192,121452,1,0,0:0:0:0:
64,192,121491,1,0,0:0:0:0:
192,192,121491,1,0,0:0:0:0:
448,192,121530,1,0,0:0:0:0:
320,192,121570,1,0,0:0:0:0:
192,192,121609,1,0,0:0:0:0:
64,192,121648,1,0,0:0:0:0:
320,192,121687,1,0,0:0:0:0:
192,192,121727,1,0,0:0:0:0:
448,192,121766,1,0,0:0:0:0:
64,192,121805,1,0,0:0:0:0:
320,192,121805,1,0,0:0:0:0:
192,192,121844,1,0,0:0:0:0:
448,192,121884,1,0,0:0:0:0:
64,192,121923,1,0,0:0:0:0:
192,192,121962,1,0,0:0:0:0:
320,192,122002,1,0,0:0:0:0:
64,192,122041,1,0,0:0:0:0:
448,192,122080,1,0,0:0:0:0:
192,192,122119,1,0,0:0:0:0:
320,192,122119,1,0,0:0:0:0:
64,192,122159,1,0,0:0:0:0:
448,192,122198,1,0,0:0:0:0:
192,192,122237,1,0,0:0:0:0:
320,192,122276,1,0,0:0:0:0:
64,192,122316,1,0,0:0:0:0:
192,192,122355,1,0,0:0:0:0:
320,192,122394,1,0,0:0:0:0:
64,192,122433,1,0,0:0:0:0:
448,192,122433,1,0,0:0:0:0:
192,192,122473,1,0,0:0:0:0:
320,192,122512,1,0,0:0:0:0:
448,192,122551,1,0,0:0:0:0:
192,192,122591,1,0,0:0:0:0:
320,192,122630,1,0,0:0:0:0:
64,192,122669,1,0,0:0:0:0:
448,192,122708,1,0,0:0:0:0:
192,192,122748,1,0,0:0:0:0:
320,192,122748,1,0,0:0:0:0:
64,192,122787,1,0,0:0:0:0:
448,192,122826,1,0,0:0:0:0:
192,192,122865,1,0,0:0:0:0:
320,192,122905,1,0,0:0:0:0:
64,192,122944,1,0,0:0:0:0:
448,192,122983,1,0,0:0:0:0:
192,192,123022,1,0,0:0:0:0:
64,192,123062,1,0,0:0:0:0:
320,192,123062,1,0,0:0:0:0:
448,192,123101,1,0,0:0:0:0:
192,192,123140,1,0,0:0:0:0:
320,192,123180,1,0,0:0:0:0:
64,192,123219,1,0,0:0:0:0:
448,192,123258,1,0,0:0:0:0:
320,192,123297,1,0,0:0:0:0:
192,192,123337,1,0,0:0:0:0:
64,192,123376,1,0,0:0:0:0:
448,192,123376,1,0,0:0:0:0:
320,192,123415,1,0,0:0:0:0:
192,192,123454,1,0,0:0:0:0:
64,192,123494,1,0,0:0:0:0:
448,192,123533,1,0,0:0:0:0:
320,192,123572,1,0,0:0:0:0:
192,192,123611,1,0,0:0:0:0:
448,192,123651,1,0,0:0:0:0:
64,192,123690,1,0,0:0:0:0:
320,192,123690,1,0,0:0:0:0:
192,192,123729,1,0,0:0:0:0:
448,192,123769,1,0,0:0:0:0:
320,192,123808,1,0,0:0:0:0:
192,192,123847,1,0,0:0:0:0:
64,192,123886,1,0,0:0:0:0:
448,192,123926,1,0,0:0:0:0:
320,192,123965,1,0,0:0:0:0:
64,192,124004,1,0,0:0:0:0:
192,192,124004,1,0,0:0:0:0:
448,192,124043,1,0,0:0:0:0:
320,192,124083,1,0,0:0:0:0:
192,192,124122,1,0,0:0:0:0:
64,192,124161,1,0,0:0:0:0:
320,192,124200,1,0,0:0:0:0:
192,192,124240,1,0,0:0:0:0:
448,192,124279,1,0,0:0:0:0:
64,192,124318,1,0,0:0:0:0:
320,192,124318,1,0,0:0:0:0:
192,192,124358,1,0,0:0:0:0:
448,192,124397,1,0,0:0:0:0:
320,192,124436,1,0,0:0:0:0:
192,192,124475,1,0,0:0:0:0:
64,192,124515,1,0,0:0:0:0:
320,192,124554,1,0,0:0:0:0:
192,192,124593,1,0,0:0:0:0:
64,192,124632,1,0,0:0:0:0:
448,192,124632,1,0,0:0:0:0:
320,192,124672,1,0,0:0:0:0:
192,192,124711,1,0,0:0:0:0:
64,192,124750,1,0,0:0:0:0:
448,192,124789,1,0,0:0:0:0:
192,192,124829,1,0,0:0:0:0:
320,192,124868,1,0,0:0:0:0:
64,192,124907,1,0,0:0:0:0:
192,192,124947,1,0,0:0:0:0:
448,192,124947,1,0,0:0:0:0:
320,192,124986,1,0,0:0:0:0:
64,192,125025,1,0,0:0:0:0:
192,192,125064,1,0,0:0:0:0:
448,192,125104,1,0,0:0:0:0:
320,192,125143,1,0,0:0:0:0:
192,192,125182,1,0,0:0:0:0:
448,192,125221,1,0,0:0:0:0:
64,192,125261,1,0,0:0:0:0:
320,192,125261,1,0,0:0:0:0:
192,192,125300,1,0,0:0:0:0:
448,192,125339,1,0,0:0:0:0:
320,192,125378,1,0,0:0:0:0:
64,192,125418,1,0,0:0:0:0:
192,192,125457,1,0,0:0:0:0:
320,192,125496,1,0,0:0:0:0:
448,192,125536,1,0,0:0:0:0:
64,192,125575,1,0,0:0:0:0:
192,192,125575,1,0,0:0:0:0:
320,192,125614,1,0,0:0:0:0:
448,192,125653,1,0,0:0:0:0:
192,192,125693,1,0,0:0:0:0:
320,192,125732,1,0,0:0:0:0:
64,192,125771,1,0,0:0:0:0:
448,192,125810,1,0,0:0:0:0:
320,192,125850,1,0,0:0:0:0:
64,192,125889,1,0,0:0:0:0:
192,192,125889,1,0,0:0:0:0:
448,192,125928,1,0,0:0:0:0:
320,192,125967,1,0,0:0:0:0:
192,192,126007,1,0,0:0:0:0:
64,192,126046,1,0,0:0:0:0:
320,192,126085,1,0,0:0:0:0:
192,192,126125,1,0,0:0:0:0:
448,192,126164,1,0,0:0:0:0:
64,192,126203,1,0,0:0:0:0:
320,192,126203,1,0,0:0:0:0:
192,192,126242,1,0,0:0:0:0:
448,192,126282,1,0,0:0:0:0:
320,192,126321,1,0,0:0:0:0:
64,192,126360,1,0,0:0:0:0:
192,192,126399,1,0,0:0:0:0:
320,192,126439,1,0,0:0:0:0:
448,192,126478,1,0,0:0:0:0:
64,192,126517,1,0,0:0:0:0:
192,192,126517,1,0,0:0:0:0:
320,192,126556,1,0,0:0:0:0:
448,192,126596,1,0,0:0:0:0:
64,192,126635,1,0,0:0:0:0:
192,192,126674,1,0,0:0:0:0:
320,192,126714,1,0,0:0:0:0:
448,192,126753,1,0,0:0:0:0:
192,192,126792,1,0,0:0:0:0:
64,192,126831,1,0,0:0:0:0:
320,192,126831,1,0,0:0:0:0:
448,192,126871,1,0,0:0:0:0:
192,192,126910,1,0,0:0:0:0:
320,192,126949,1,0,0:0:0:0:
64,192,126988,1,0,0:0:0:0:
448,192,127028,1,0,0:0:0:0:
320,192,127067,1,0,0:0:0:0:
192,192,127106,1,0,0:0:0:0:
64,192,127145,1,0,0:0:0:0:
448,192,127145,1,0,0:0:0:0:
320,192,127185,1,0,0:0:0:0:
192,192,127224,1,0,0:0:0:0:
64,192,127263,1,0,0:0:0:0:
320,192,127303,1,0,0:0:0:0:
192,192,127342,1,0,0:0:0:0:
448,192,127381,1,0,0:0:0:0:
64,192,127420,1,0,0:0:0:0:
192,192,127460,1,0,0:0:0:0:
320,192,127460,1,0,0:0:0:0:
448,192,127499,1,0,0:0:0:0:
64,192,127538,1,0,0:0:0:0:
320,192,127577,1,0,0:0:0:0:
192,192,127617,1,0,0:0:0:0:
448,192,127656,1,0,0:0:0:0:
64,192,127695,1,0,0:0:0:0:
320,192,127734,1,0,0:0:0:0:
192,192,127774,1,0,0:0:0:0:
448,192,127774,1,0,0:0:0:0:
64,192,127813,1,0,0:0:0:0:
320,192,127852,1,0,0:0:0:0:
192,192,127892,1,0,0:0:0:0:
448,192,127931,1,0,0:0:0:0:
320,192,127970,1,0,0:0:0:0:
192,192,128009,1,0,0:0:0:0:
64,192,128049,1,0,0:0:0:0:
320,192,128088,1,0,0:0:0:0:
448,192,128088,1,0,0:0:0:0:
192,192,128127,1,0,0:0:0:0:
64,192,128166,1,0,0:0:0:0:
320,192,128206,1,0,0:0:0:0:
192,192,128245,1,0,0:0:0:0:
448,192,128284,1,0,0:0:0:0:
64,192,128324,1,0,0:0:0:0:
320,192,128363,1,0,0:0:0:0:
192,192,128402,1,0,0:0:0:0:
448,192,128402,1,0,0:0:0:0:
64,192,128441,1,0,0:0:0:0:
320,192,128481,1,0,0:0:0:0:
192,192,128520,1,0,0:0:0:0:
448,192,128559,1,0,0:0:0:0:
64,192,128598,1,0,0:0:0:0:
320,192,128638,1,0,0:0:0:0:
192,192,128677,1,0,0:0:0:0:
64,192,128716,1,0,0:0:0:0:
448,192,128716,1,0,0:0:0:0:
320,192,128755,1,0,0:0:0:0:
192,192,128795,1,0,0:0:0:0:
64,192,128834,1,0,0:0:0:0:
320,192,128873,1,0,0:0:0:0:
192,192,128913,1,0,0:0:0:0:
448,192,128952,1,0,0:0:0:0:
64,192,128991,1,0,0:0:0:0:
192,192,129030,1,0,0:0:0:0:
320,192,129030,1,0,0:0:0:0:
448,192,129070,1,0,0:0:0:0:
64,192,129109,1,0,0:0:0:0:
320,192,129148,1,0,0:0:0:0:
192,192,129187,1,0,0:0:0:0:
448,192,129227,1,0,0:0:0:0:
64,192,129266,1,0,0:0:0:0:
320,192,129305,1,0,0:0:0:0:
192,192,129344,1,0,0:0:0:0:
448,192,129344,1,0,0:0:0:0:
64,192,129384,1,0,0:0:0:0:
320,192,129423,1,0,0:0:0:0:
192,192,129462,1,0,0:0:0:0:
448,192,129502,1,0,0:0:0:0:
64,192,129541,1,0,0:0:0:0:
192,192,129580,1,0,0:0:0:0:
320,192,129619,1,0,0:0:0:0:
64,192,129659,1,0,0:0:0:0:
448,192,129659,1,0,0:0:0:0:
192,192,129698,1,0,0:0:0:0:
320,192,129737,1,0,0:0:0:0:
448,192,129776,1,0,0:0:0:0:
192,192,129816,1,0,0:0:0:0:
320,192,129855,1,0,0:0:0:0:
64,192,129894,1,0,0:0:0:0:
448,192,129933,1,0,0:0:0:0:
192,192,129973,1,0,0:0:0:0:
320,192,129973,1,0,0:0:0:0:
64,192,130012,1,0,0:0:0:0:
448,192,130051,1,0,0:0:0:0:
192,192,130091,1,0,0:0:0:0:
320,192,130130,1,0,0:0:0:0:
64,192,130169,1,0,0:0:0:0:
448,192,130208,1,0,0:0:0:0:
320,192,130248,1,0,0:0:0:0:
64,192,130287,1,0,0:0:0:0:
192,192,130287,1,0,0:0:0:0:
448,192,130326,1,0,0:0:0:0:
320,192,130365,1,0,0:0:0:0:
192,192,130405,1,0,0:0:0:0:
448,192,130444,1,0,0:0:0:0:
64,192,130483,1,0,0:0:0:0:
320,192,130522,1,0,0:0:0:0:
192,192,130562,1,0,0:0:0:0:
64,192,130601,1,0,0:0:0:0:
448,192,130601,1,0,0:0:0:0:
320,192,130640,1,0,0:0:0:0:
192,192,130680,1,0,0:0:0:0:
64,192,130719,1,0,0:0:0:0:
320,192,130758,1,0,0:0:0:0:
192,192,130797,1,0,0:0:0:0:
448,192,130837,1,0,0:0:0:0:
64,192,130876,1,0,0:0:0:0:
192,192,130915,1,0,0:0:0:0:
320,192,130915,1,0,0:0:0:0:
448,192,130954,1,0,0:0:0:0:
64,192,130994,1,0,0:0:0:0:
320,192,131033,1,0,0:0:0:0:
192,192,131072,1,0,0:0:0:0:
448,192,131111,1,0,0:0:0:0:
320,192,131151,1,0,0:0:0:0:
192,192,131190,1,0,0:0:0:0:
64,192,131229,1,0,0:0:0:0:
448,192,131229,1,0,0:0:0:0:
320,192,131269,1,0,0:0:0:0:
192,192,131308,1,0,0:0:0:0:
64,192,131347,1,0,0:0:0:0:
320,192,131386,1,0,0:0:0:0:
192,192,131426,1,0,0:0:0:0:
448,192,131465,1,0,0:0:0:0:
320,192,131504,1,0,0:0:0:0:
64,192,131543,1,0,0:0:0:0:
192,192,131543,1,0,0:0:0:0:
448,192,131583,1,0,0:0:0:0:
320,192,131622,1,0,0:0:0:0:
192,192,131661,1,0,0:0:0:0:
64,192,131700,1,0,0:0:0:0:
320,192,131740,1,0,0:0:0:0:
192,192,131779,1,0,0:0:0:0:
448,192,131818,1,0,0:0:0:0:
64,192,131858,1,0,0:0:0:0:
320,192,131858,1,0,0:0:0:0:
192,192,131897,1,0,0:0:0:0:
448,192,131936,1,0,0:0:0:0:
64,192,131975,1,0,0:0:0:0:
192,192,132015,1,0,0:0:0:0:
320,192,132054,1,0,0:0:0:0:
64,192,132093,1,0,0:0:0:0:
448,192,132132,1,0,0:0:0:0:
192,192,132172,1,0,0:0:0:0:
320,192,132172,1,0,0:0:0:0:
64,192,132211,1,0,0:0:0:0:
448,192,132250,1,0,0:0:0:0:
192,192,132289,1,0,0:0:0:0:
320,192,132329,1,0,0:0:0:0:
64,192,132368,1,0,0:0:0:0:
192,192,132407,1,0,0:0:0:0:
320,192,132447,1,0,0:0:0:0:
64,192,132486,1,0,0:0:0:0:
448,192,132486,1,0,0:0:0:0:
192,192,132525,1,0,0:0:0:0:
320,192,132564,1,0,0:0:0:0:
448,192,132604,1,0,0:0:0:0:
192,192,132643,1,0,0:0:0:0:
320,192,132682,1,0,0:0:0:0:
64,192,132721,1,0,0:0:0:0:
448,192,132761,1,0,0:0:0:0:
192,192,132800,1,0,0:0:0:0:
320,192,132800,1,0,0:0:0:0:
64,192,132839,1,0,0:0:0:0:
448,192,132878,1,0,0:0:0:0:
192,192,132918,1,0,0:0:0:0:
320,192,132957,1,0,0:0:0:0:
64,192,132996,1,0,0:0:0:0:
448,192,133036,1,0,0:0:0:0:
192,192,133075,1,0,0:0:0:0:
64,192,133114,1,0,0:0:0:0:
320,192,133114,1,0,0:0:0:0:
448,192,133153,1,0,0:0:0:0:
192,192,133193,1,0,0:0:0:0:
320,192,133232,1,0,0:0:0:0:
64,192,133271,1,0,0:0:0:0:
192,192,133310,1,0,0:0:0:0:
448,192,133350,1,0,0:0:0:0:
320,192,133389,1,0,0:0:0:0:
64,192,133428,1,0,0:0:0:0:
192,192,133428,1,0,0:0:0:0:
448,192,133467,1,0,0:0:0:0:
320,192,133507,1,0,0:0:0:0:
192,192,133546,1,0,0:0:0:0:
64,192,133585,1,0,0:0:0:0:
320,192,133625,1,0,0:0:0:0:
192,192,133664,1,0,0:0:0:0:
448,192,133703,1,0,0:0:0:0:
64,192,133742,1,0,0:0:0:0:
320,192,133742,1,0,0:0:0:0:
192,192,133782,1,0,0:0:0:0:
448,192,133821,1,0,0:0:0:0:
320,192,133860,1,0,0:0:0:0:
192,192,133899,1,0,0:0:0:0:
64,192,133939,1,0,0:0:0:0:
320,192,133978,1,0,0:0:0:0:
192,192,134017,1,0,0:0:0:0:
64,192,134056,1,0,0:0:0:0:
448,192,134056,1,0,0:0:0:0:
320,192,134096,1,0,0:0:0:0:
192,192,134135,1,0,0:0:0:0:
64,192,134174,1,0,0:0:0:0:
448,192,134214,1,0,0:0:0:0:
320,192,134253,1,0,0:0:0:0:
192,192,134292,1,0,0:0:0:0:
448,192,134331,1,0,0:0:0:0:
64,192,134371,1,0,0:0:0:0:
320,192,134371,1,0,0:0:0:0:
192,192,134410,1,0,0:0:0:0:
448,192,134449,1,0,0:0:0:0:
320,192,134488,1,0,0:0:0:0:
192,192,134528,1,0,0:0:0:0:
64,192,134567,1,0,0:0:0:0:
320,192,134606,1,0,0:0:0:0:
192,192,134645,1,0,0:0:0:0:
64,192,134685,1,0,0:0:0:0:
448,192,134685,1,0,0:0:0:0:
320,192,134763,1,0,0:0:0:0:
192,192,134842,1,0,0:0:0:0:
448,192,134842,1,0,0:0:0:0:
64,192,134920,1,0,0:0:0:0:
320,192,134920,1,0,0:0:0:0:
192,192,134999,1,0,0:0:0:0:
320,192,135077,1,0,0:0:0:0:
64,192,135156,1,0,0:0:0:0:
192,192,135156,1,0,0:0:0:0:
320,192,135234,1,0,0:0:0:0:
448,192,135234,1,0,0:0:0:0:
192,192,135313,1,0,0:0:0:0:
320,192,135392,1,0,0:0:0:0:
64,192,135470,1,0,0:0:0:0:
448,192,135470,1,0,0:0:0:0:
192,192,135549,1,0,0:0:0:0:
320,192,135549,1,0,0:0:0:0:
64,192,135627,1,0,0:0:0:0:
192,192,135706,1,0,0:0:0:0:
320,192,135784,1,0,0:0:0:0:
448,192,135784,1,0,0:0:0:0:
64,192,135863,1,0,0:0:0:0:
192,192,135863,1,0,0:0:0:0:
320,192,135941,1,0,0:0:0:0:
448,192,136020,1,0,0:0:0:0:
192,192,136098,1,0,0:0:0:0:
320,192,136098,1,0,0:0:0:0:
64,192,136177,1,0,0:0:0:0:
448,192,136177,1,0,0:0:0:0:
192,192,136255,1,0,0:0:0:0:
320,192,136334,1,0,0:0:0:0:
64,192,136413,1,0,0:0:0:0:
448,192,136413,1,0,0:0:0:0:
192,192,136491,1,0,0:0:0:0:
320,192,136491,1,0,0:0:0:0:
64,192,136570,1,0,0:0:0:0:
448,192,136648,1,0,0:0:0:0:
64,192,136727,1,0,0:0:0:0:
320,192,136727,1,0,0:0:0:0:
192,192,136805,1,0,0:0:0:0:
448,192,136805,1,0,0:0:0:0:
64,192,136884,1,0,0:0:0:0:
320,192,136962,1,0,0:0:0:0:
64,192,137041,1,0,0:0:0:0:
192,192,137041,1,0,0:0:0:0:
320,192,137119,1,0,0:0:0:0:
448,192,137119,1,0,0:0:0:0:
