osu file format v14

[General]
AudioFilename: Te.mp3
AudioLeadIn: 0
PreviewTime: 37256
Countdown: 0
SampleSet: None
StackLeniency: 0.7
Mode: 3
LetterboxInBreaks: 0
SpecialStyle: 0
WidescreenStoryboard: 1

[Editor]
DistanceSpacing: 1.1
BeatDivisor: 8
GridSize: 4
TimelineZoom: 1.6

[Metadata]
Title:Dan ~ REFORM ~ TechMap Pack
TitleUnicode:Dan ~ REFORM ~ TechMap Pack
Artist:Various Artists
ArtistUnicode:Various Artists
Creator:DDMythical
Version:Forgotten ~ Epsilon ~ (Marathon)
Source:Shoegazer x Zyph // Yolomania 2
Tags:
BeatmapID:1371088
BeatmapSetID:593983

[Difficulty]
HPDrainRate:8.5
CircleSize:4
OverallDifficulty:9
ApproachRate:5
SliderMultiplier:1.4
SliderTickRate:1

[Events]
//Background and Video events
0,0,"Tech-Epsilon.jpg",0,0
//Break Periods
//Storyboard Layer 0 (Background)
//Storyboard Layer 1 (Fail)
//Storyboard Layer 2 (Pass)
//Storyboard Layer 3 (Foreground)
//Storyboard Sound Samples

[TimingPoints]
1257,171.428571428571,4,1,0,15,1,0


[HitObjects]
192,192,1257,5,0,0:0:0:0:
320,192,1300,1,0,0:0:0:0:
64,192,1343,1,0,0:0:0:0:
448,192,1386,1,0,0:0:0:0:
192,192,1429,1,0,0:0:0:0:
320,192,1471,1,0,0:0:0:0:
64,192,1514,1,0,0:0:0:0:
448,192,1557,1,0,0:0:0:0:
192,192,1600,1,0,0:0:0:0:
320,192,1643,1,0,0:0:0:0:
64,192,1686,1,0,0:0:0:0:
448,192,1729,1,0,0:0:0:0:
192,192,1771,1,0,0:0:0:0:
320,192,1814,1,0,0:0:0:0:
64,192,1857,1,0,0:0:0:0:
448,192,1900,1,0,0:0:0:0:
192,192,1943,1,0,0:0:0:0:
320,192,1986,1,0,0:0:0:0:
64,192,2029,1,0,0:0:0:0:
448,192,2071,1,0,0:0:0:0:
192,192,2114,1,0,0:0:0:0:
320,192,2157,1,0,0:0:0:0:
64,192,2200,1,0,0:0:0:0:
448,192,2243,1,0,0:0:0:0:
192,192,2286,1,0,0:0:0:0:
320,192,2329,1,0,0:0:0:0:
64,192,2371,1,0,0:0:0:0:
448,192,2414,1,0,0:0:0:0:
192,192,2457,1,0,0:0:0:0:
320,192,2500,1,0,0:0:0:0:
64,192,2543,1,0,0:0:0:0:
448,192,2586,1,0,0:0:0:0:
192,192,2629,1,0,0:0:0:0:
320,192,2671,1,0,0:0:0:0:
64,192,2714,1,0,0:0:0:0:
448,192,2757,1,0,0:0:0:0:
320,192,2800,1,0,0:0:0:0:
192,192,2800,1,0,0:0:0:0:
448,192,2971,1,0,0:0:0:0:
64,192,2971,1,0,0:0:0:0:
320,192,3057,1,0,0:0:0:0:
64,192,3100,1,0,0:0:0:0:
192,192,3143,1,0,0:0:0:0:
448,192,3229,1,0,0:0:0:0:
448,192,3314,1,0,0:0:0:0:
320,192,3336,1,0,0:0:0:0:
192,192,3357,1,0,0:0:0:0:
64,192,3379,1,0,0:0:0:0:
448,192,3400,1,0,0:0:0:0:
320,192,3400,1,0,0:0:0:0:
320,192,3486,1,0,0:0:0:0:
192,192,3529,1,0,0:0:0:0:
320,192,3571,1,0,0:0:0:0:
192,192,3614,1,0,0:0:0:0:
448,192,3657,1,0,0:0:0:0:
64,192,3657,1,0,0:0:0:0:
320,192,3743,1,0,0:0:0:0:
64,192,3829,1,0,0:0:0:0:
448,192,3857,1,0,0:0:0:0:
192,192,3886,1,0,0:0:0:0:
320,192,3914,1,0,0:0:0:0:
64,192,3943,1,0,0:0:0:0:
192,192,3972,1,0,0:0:0:0:
320,192,4000,1,0,0:0:0:0:
448,192,4043,1,0,0:0:0:0:
320,192,4086,1,0,0:0:0:0:
192,192,4129,1,0,0:0:0:0:
64,192,4171,1,0,0:0:0:0:
448,192,4214,1,0,0:0:0:0:
192,192,4257,1,0,0:0:0:0:
448,192,4300,1,0,0:0:0:0:
320,192,4343,1,0,0:0:0:0:
64,192,4343,1,0,0:0:0:0:
448,192,4429,1,0,0:0:0:0:
320,192,4450,1,0,0:0:0:0:
192,192,4471,1,0,0:0:0:0:
64,192,4493,1,0,0:0:0:0:
448,192,4514,1,0,0:0:0:0:
320,192,4514,1,0,0:0:0:0:
448,192,4600,1,0,0:0:0:0:
320,192,4686,1,0,0:0:0:0:
192,192,4686,1,0,0:0:0:0:
64,192,4729,1,0,0:0:0:0:
448,192,4771,1,0,0:0:0:0:
320,192,4771,1,0,0:0:0:0:
448,192,4857,1,0,0:0:0:0:
320,192,4900,1,0,0:0:0:0:
192,192,4943,1,0,0:0:0:0:
64,192,4986,1,0,0:0:0:0:
448,192,5029,1,0,0:0:0:0:
320,192,5029,1,0,0:0:0:0:
192,192,5071,1,0,0:0:0:0:
320,192,5114,1,0,0:0:0:0:
192,192,5200,1,0,0:0:0:0:
64,192,5200,1,0,0:0:0:0:
448,192,5286,1,0,0:0:0:0:
192,192,5286,1,0,0:0:0:0:
448,192,5371,1,0,0:0:0:0:
320,192,5371,1,0,0:0:0:0:
64,192,5371,1,0,0:0:0:0:
320,192,5457,1,0,0:0:0:0:
192,192,5457,1,0,0:0:0:0:
192,192,5543,1,0,0:0:0:0:
448,192,5629,1,0,0:0:0:0:
64,192,5714,1,0,0:0:0:0:
192,192,5718,1,0,0:0:0:0:
320,192,5721,1,0,0:0:0:0:
448,192,5725,1,0,0:0:0:0:
192,192,5886,1,0,0:0:0:0:
320,192,5890,1,0,0:0:0:0:
448,192,5893,1,0,0:0:0:0:
64,192,5896,1,0,0:0:0:0:
192,192,6057,1,0,0:0:0:0:
320,192,6100,1,0,0:0:0:0:
192,192,6143,1,0,0:0:0:0:
320,192,6186,1,0,0:0:0:0:
448,192,6229,1,0,0:0:0:0:
64,192,6229,1,0,0:0:0:0:
448,192,6314,1,0,0:0:0:0:
192,192,6314,1,0,0:0:0:0:
64,192,6400,1,0,0:0:0:0:
320,192,6421,1,0,0:0:0:0:
192,192,6443,1,0,0:0:0:0:
448,192,6464,1,0,0:0:0:0:
64,192,6486,1,0,0:0:0:0:
448,192,6571,1,0,0:0:0:0:
320,192,6614,1,0,0:0:0:0:
448,192,6657,1,0,0:0:0:0:
320,192,6700,1,0,0:0:0:0:
192,192,6743,1,0,0:0:0:0:
64,192,6743,1,0,0:0:0:0:
192,192,6914,1,0,0:0:0:0:
64,192,6914,1,0,0:0:0:0:
320,192,7000,1,0,0:0:0:0:
192,192,7000,1,0,0:0:0:0:
320,192,7086,1,0,0:0:0:0:
64,192,7086,1,0,0:0:0:0:
448,192,7129,1,0,0:0:0:0:
192,192,7171,1,0,0:0:0:0:
448,192,7257,1,0,0:0:0:0:
320,192,7257,1,0,0:0:0:0:
64,192,7257,1,0,0:0:0:0:
448,192,7343,1,0,0:0:0:0:
320,192,7343,1,0,0:0:0:0:
192,192,7343,1,0,0:0:0:0:
64,192,7429,1,0,0:0:0:0:
192,192,7443,1,0,0:0:0:0:
320,192,7457,1,0,0:0:0:0:
448,192,7471,1,0,0:0:0:0:
192,192,7514,1,0,0:0:0:0:
64,192,7514,1,0,0:0:0:0:
448,192,7600,1,0,0:0:0:0:
320,192,7600,1,0,0:0:0:0:
192,192,7643,1,0,0:0:0:0:
320,192,7686,1,0,0:0:0:0:
192,192,7729,1,0,0:0:0:0:
448,192,7771,1,0,0:0:0:0:
64,192,7771,1,0,0:0:0:0:
448,192,7857,1,0,0:0:0:0:
320,192,7857,1,0,0:0:0:0:
64,192,7943,1,0,0:0:0:0:
192,192,7964,1,0,0:0:0:0:
320,192,7986,1,0,0:0:0:0:
448,192,8007,1,0,0:0:0:0:
64,192,8029,1,0,0:0:0:0:
192,192,8050,1,0,0:0:0:0:
320,192,8071,1,0,0:0:0:0:
448,192,8093,1,0,0:0:0:0:
64,192,8114,1,0,0:0:0:0:
320,192,8200,1,0,0:0:0:0:
192,192,8200,1,0,0:0:0:0:
448,192,8286,1,0,0:0:0:0:
320,192,8300,1,0,0:0:0:0:
192,192,8315,1,0,0:0:0:0:
64,192,8329,1,0,0:0:0:0:
448,192,8371,1,0,0:0:0:0:
320,192,8371,1,0,0:0:0:0:
448,192,8457,1,0,0:0:0:0:
64,192,8457,1,0,0:0:0:0:
448,192,8543,1,0,0:0:0:0:
320,192,8543,1,0,0:0:0:0:
320,192,8629,1,0,0:0:0:0:
192,192,8629,1,0,0:0:0:0:
448,192,8714,1,0,0:0:0:0:
192,192,8714,1,0,0:0:0:0:
64,192,8714,1,0,0:0:0:0:
448,192,8800,1,0,0:0:0:0:
320,192,8800,1,0,0:0:0:0:
320,192,8886,1,0,0:0:0:0:
192,192,8886,1,0,0:0:0:0:
448,192,8971,1,0,0:0:0:0:
192,192,8971,1,0,0:0:0:0:
64,192,8971,1,0,0:0:0:0:
320,192,9057,1,0,0:0:0:0:
64,192,9057,1,0,0:0:0:0:
448,192,9143,1,0,0:0:0:0:
320,192,9143,1,0,0:0:0:0:
192,192,9143,1,0,0:0:0:0:
448,192,9229,1,0,0:0:0:0:
320,192,9229,1,0,0:0:0:0:
192,192,9229,1,0,0:0:0:0:
448,192,9314,1,0,0:0:0:0:
64,192,9314,1,0,0:0:0:0:
192,192,9357,1,0,0:0:0:0:
320,192,9400,1,0,0:0:0:0:
192,192,9443,1,0,0:0:0:0:
448,192,9486,1,0,0:0:0:0:
320,192,9486,1,0,0:0:0:0:
64,192,9486,1,0,0:0:0:0:
448,192,9571,1,0,0:0:0:0:
64,192,9571,1,0,0:0:0:0:
320,192,9657,1,0,0:0:0:0:
192,192,9657,1,0,0:0:0:0:
64,192,9657,1,0,0:0:0:0:
320,192,9743,1,0,0:0:0:0:
192,192,9743,1,0,0:0:0:0:
448,192,9829,1,0,0:0:0:0:
64,192,9829,1,0,0:0:0:0:
448,192,9914,1,0,0:0:0:0:
64,192,9914,1,0,0:0:0:0:
448,192,10000,1,0,0:0:0:0:
192,192,10000,1,0,0:0:0:0:
320,192,10043,1,0,0:0:0:0:
64,192,10086,1,0,0:0:0:0:
192,192,10129,1,0,0:0:0:0:
448,192,10171,1,0,0:0:0:0:
320,192,10193,1,0,0:0:0:0:
192,192,10214,1,0,0:0:0:0:
64,192,10236,1,0,0:0:0:0:
448,192,10257,1,0,0:0:0:0:
320,192,10279,1,0,0:0:0:0:
192,192,10300,1,0,0:0:0:0:
64,192,10321,1,0,0:0:0:0:
448,192,10343,1,0,0:0:0:0:
320,192,10343,1,0,0:0:0:0:
448,192,10514,1,0,0:0:0:0:
192,192,10514,1,0,0:0:0:0:
64,192,10514,1,0,0:0:0:0:
320,192,10557,1,0,0:0:0:0:
192,192,10600,1,0,0:0:0:0:
448,192,10643,1,0,0:0:0:0:
64,192,10686,1,0,0:0:0:0:
320,192,10729,1,0,0:0:0:0:
448,192,10771,1,0,0:0:0:0:
320,192,10814,1,0,0:0:0:0:
64,192,10857,1,0,0:0:0:0:
192,192,10900,1,0,0:0:0:0:
320,192,10943,1,0,0:0:0:0:
448,192,10986,1,0,0:0:0:0:
64,192,11029,1,0,0:0:0:0:
192,192,11043,1,0,0:0:0:0:
320,192,11057,1,0,0:0:0:0:
448,192,11114,1,0,0:0:0:0:
320,192,11129,1,0,0:0:0:0:
192,192,11143,1,0,0:0:0:0:
192,192,11200,1,0,0:0:0:0:
64,192,11200,1,0,0:0:0:0:
448,192,11286,1,0,0:0:0:0:
64,192,11286,1,0,0:0:0:0:
448,192,11371,1,0,0:0:0:0:
320,192,11371,1,0,0:0:0:0:
192,192,11457,1,0,0:0:0:0:
64,192,11457,1,0,0:0:0:0:
320,192,11543,1,0,0:0:0:0:
64,192,11564,1,0,0:0:0:0:
192,192,11586,1,0,0:0:0:0:
448,192,11607,1,0,0:0:0:0:
320,192,11629,1,0,0:0:0:0:
448,192,11714,1,0,0:0:0:0:
320,192,11800,1,0,0:0:0:0:
192,192,11800,1,0,0:0:0:0:
64,192,11800,1,0,0:0:0:0:
448,192,11971,1,0,0:0:0:0:
320,192,11971,1,0,0:0:0:0:
448,192,12057,1,0,0:0:0:0:
320,192,12057,1,0,0:0:0:0:
64,192,12143,1,0,0:0:0:0:
448,192,12186,1,0,0:0:0:0:
192,192,12229,1,0,0:0:0:0:
64,192,12229,1,0,0:0:0:0:
320,192,12271,1,0,0:0:0:0:
192,192,12314,1,0,0:0:0:0:
448,192,12357,1,0,0:0:0:0:
192,192,12400,1,0,0:0:0:0:
64,192,12400,1,0,0:0:0:0:
448,192,12486,1,0,0:0:0:0:
320,192,12486,1,0,0:0:0:0:
64,192,12486,1,0,0:0:0:0:
320,192,12571,1,0,0:0:0:0:
192,192,12571,1,0,0:0:0:0:
320,192,12657,1,0,0:0:0:0:
192,192,12657,1,0,0:0:0:0:
64,192,12657,1,0,0:0:0:0:
320,192,12743,1,0,0:0:0:0:
64,192,12743,1,0,0:0:0:0:
448,192,12829,1,0,0:0:0:0:
64,192,13000,1,0,0:0:0:0:
192,192,13021,1,0,0:0:0:0:
320,192,13043,1,0,0:0:0:0:
448,192,13064,1,0,0:0:0:0:
64,192,13086,1,0,0:0:0:0:
192,192,13171,1,0,0:0:0:0:
448,192,13257,1,0,0:0:0:0:
320,192,13257,1,0,0:0:0:0:
192,192,13343,1,0,0:0:0:0:
64,192,13343,1,0,0:0:0:0:
448,192,13429,1,0,0:0:0:0:
192,192,13429,1,0,0:0:0:0:
320,192,13471,1,0,0:0:0:0:
64,192,13514,1,0,0:0:0:0:
448,192,13557,1,0,0:0:0:0:
192,192,13600,1,0,0:0:0:0:
320,192,13686,1,0,0:0:0:0:
192,192,13686,1,0,0:0:0:0:
448,192,13771,1,0,0:0:0:0:
192,192,13771,1,0,0:0:0:0:
64,192,13771,1,0,0:0:0:0:
448,192,13857,1,0,0:0:0:0:
320,192,13857,1,0,0:0:0:0:
320,192,13943,1,0,0:0:0:0:
448,192,13943,1,0,0:0:0:0:
64,192,13943,1,0,0:0:0:0:
192,192,13943,1,0,0:0:0:0:
320,192,14029,1,0,0:0:0:0:
448,192,14114,1,0,0:0:0:0:
64,192,14114,1,0,0:0:0:0:
320,192,14200,1,0,0:0:0:0:
192,192,14286,1,0,0:0:0:0:
64,192,14286,1,0,0:0:0:0:
448,192,14329,1,0,0:0:0:0:
64,192,14371,1,0,0:0:0:0:
192,192,14414,1,0,0:0:0:0:
448,192,14457,1,0,0:0:0:0:
320,192,14479,1,0,0:0:0:0:
192,192,14500,1,0,0:0:0:0:
64,192,14521,1,0,0:0:0:0:
448,192,14543,1,0,0:0:0:0:
320,192,14543,1,0,0:0:0:0:
192,192,14629,1,0,0:0:0:0:
64,192,14629,1,0,0:0:0:0:
320,192,14650,1,0,0:0:0:0:
448,192,14671,1,0,0:0:0:0:
192,192,14693,1,0,0:0:0:0:
64,192,14714,1,0,0:0:0:0:
192,192,14800,1,0,0:0:0:0:
64,192,14800,1,0,0:0:0:0:
320,192,14843,1,0,0:0:0:0:
192,192,14886,1,0,0:0:0:0:
320,192,14929,1,0,0:0:0:0:
448,192,14971,1,0,0:0:0:0:
64,192,14971,1,0,0:0:0:0:
448,192,15057,1,0,0:0:0:0:
192,192,15057,1,0,0:0:0:0:
448,192,15143,1,0,0:0:0:0:
320,192,15143,1,0,0:0:0:0:
64,192,15143,1,0,0:0:0:0:
192,192,15229,1,0,0:0:0:0:
64,192,15229,1,0,0:0:0:0:
448,192,15314,1,0,0:0:0:0:
320,192,15329,1,0,0:0:0:0:
192,192,15343,1,0,0:0:0:0:
64,192,15400,1,0,0:0:0:0:
192,192,15415,1,0,0:0:0:0:
320,192,15429,1,0,0:0:0:0:
192,192,15486,1,0,0:0:0:0:
64,192,15486,1,0,0:0:0:0:
448,192,15515,1,0,0:0:0:0:
320,192,15543,1,0,0:0:0:0:
64,192,15571,1,0,0:0:0:0:
192,192,15600,1,0,0:0:0:0:
320,192,15629,1,0,0:0:0:0:
448,192,15657,1,0,0:0:0:0:
64,192,15700,1,0,0:0:0:0:
448,192,15743,1,0,0:0:0:0:
320,192,15743,1,0,0:0:0:0:
192,192,15786,1,0,0:0:0:0:
320,192,15829,1,0,0:0:0:0:
64,192,15829,1,0,0:0:0:0:
448,192,15871,1,0,0:0:0:0:
192,192,15914,1,0,0:0:0:0:
448,192,16000,1,0,0:0:0:0:
64,192,16000,1,0,0:0:0:0:
192,192,16043,1,0,0:0:0:0:
320,192,16086,1,0,0:0:0:0:
448,192,16129,1,0,0:0:0:0:
320,192,16171,1,0,0:0:0:0:
192,192,16171,1,0,0:0:0:0:
64,192,16171,1,0,0:0:0:0:
320,192,16257,1,0,0:0:0:0:
192,192,16257,1,0,0:0:0:0:
64,192,16257,1,0,0:0:0:0:
448,192,16343,1,0,0:0:0:0:
320,192,16343,1,0,0:0:0:0:
448,192,16429,1,0,0:0:0:0:
192,192,16429,1,0,0:0:0:0:
320,192,16514,1,0,0:0:0:0:
192,192,16514,1,0,0:0:0:0:
320,192,16600,1,0,0:0:0:0:
64,192,16600,1,0,0:0:0:0:
192,192,16686,1,0,0:0:0:0:
64,192,16686,1,0,0:0:0:0:
448,192,16729,1,0,0:0:0:0:
64,192,16771,1,0,0:0:0:0:
192,192,16814,1,0,0:0:0:0:
320,192,16857,1,0,0:0:0:0:
448,192,16943,1,0,0:0:0:0:
320,192,16943,1,0,0:0:0:0:
64,192,17029,1,0,0:0:0:0:
320,192,17057,1,0,0:0:0:0:
192,192,17086,1,0,0:0:0:0:
448,192,17114,1,0,0:0:0:0:
64,192,17143,1,0,0:0:0:0:
192,192,17172,1,0,0:0:0:0:
448,192,17200,1,0,0:0:0:0:
320,192,17200,1,0,0:0:0:0:
448,192,17286,1,0,0:0:0:0:
192,192,17286,1,0,0:0:0:0:
64,192,17286,1,0,0:0:0:0:
448,192,17371,1,0,0:0:0:0:
192,192,17371,1,0,0:0:0:0:
64,192,17371,1,0,0:0:0:0:
448,192,17457,1,0,0:0:0:0:
192,192,17457,1,0,0:0:0:0:
64,192,17457,1,0,0:0:0:0:
448,192,17543,1,0,0:0:0:0:
320,192,17543,1,0,0:0:0:0:
192,192,17564,1,0,0:0:0:0:
64,192,17586,1,0,0:0:0:0:
448,192,17607,1,0,0:0:0:0:
320,192,17629,1,0,0:0:0:0:
192,192,17650,1,0,0:0:0:0:
64,192,17671,1,0,0:0:0:0:
448,192,17693,1,0,0:0:0:0:
320,192,17714,1,0,0:0:0:0:
320,192,17800,1,0,0:0:0:0:
64,192,17800,1,0,0:0:0:0:
448,192,17886,1,0,0:0:0:0:
192,192,17886,1,0,0:0:0:0:
320,192,17929,1,0,0:0:0:0:
192,192,17971,1,0,0:0:0:0:
64,192,18014,1,0,0:0:0:0:
448,192,18057,1,0,0:0:0:0:
320,192,18057,1,0,0:0:0:0:
192,192,18143,1,0,0:0:0:0:
64,192,18143,1,0,0:0:0:0:
448,192,18229,1,0,0:0:0:0:
320,192,18257,1,0,0:0:0:0:
192,192,18286,1,0,0:0:0:0:
64,192,18314,1,0,0:0:0:0:
448,192,18343,1,0,0:0:0:0:
320,192,18372,1,0,0:0:0:0:
192,192,18400,1,0,0:0:0:0:
320,192,18429,1,0,0:0:0:0:
448,192,18457,1,0,0:0:0:0:
192,192,18486,1,0,0:0:0:0:
320,192,18543,1,0,0:0:0:0:
64,192,18571,1,0,0:0:0:0:
192,192,18600,1,0,0:0:0:0:
320,192,18629,1,0,0:0:0:0:
448,192,18657,1,0,0:0:0:0:
64,192,18686,1,0,0:0:0:0:
192,192,18715,1,0,0:0:0:0:
320,192,18743,1,0,0:0:0:0:
192,192,18772,1,0,0:0:0:0:
64,192,18800,1,0,0:0:0:0:
448,192,18829,1,0,0:0:0:0:
320,192,18857,1,0,0:0:0:0:
192,192,18886,1,0,0:0:0:0:
448,192,18914,1,0,0:0:0:0:
64,192,18914,1,0,0:0:0:0:
320,192,18957,1,0,0:0:0:0:
192,192,19000,1,0,0:0:0:0:
320,192,19043,1,0,0:0:0:0:
192,192,19086,1,0,0:0:0:0:
64,192,19086,1,0,0:0:0:0:
448,192,19171,1,0,0:0:0:0:
320,192,19171,1,0,0:0:0:0:
64,192,19257,1,0,0:0:0:0:
192,192,19268,1,0,0:0:0:0:
320,192,19279,1,0,0:0:0:0:
448,192,19289,1,0,0:0:0:0:
448,192,19429,1,0,0:0:0:0:
320,192,19429,1,0,0:0:0:0:
192,192,19471,1,0,0:0:0:0:
64,192,19514,1,0,0:0:0:0:
448,192,19600,1,0,0:0:0:0:
192,192,19600,1,0,0:0:0:0:
448,192,19686,1,0,0:0:0:0:
320,192,19686,1,0,0:0:0:0:
448,192,19771,1,0,0:0:0:0:
64,192,19771,1,0,0:0:0:0:
448,192,19857,1,0,0:0:0:0:
64,192,19857,1,0,0:0:0:0:
64,192,19943,1,0,0:0:0:0:
192,192,19964,1,0,0:0:0:0:
320,192,19986,1,0,0:0:0:0:
448,192,20007,1,0,0:0:0:0:
192,192,20029,1,0,0:0:0:0:
64,192,20029,1,0,0:0:0:0:
448,192,20114,1,0,0:0:0:0:
320,192,20136,1,0,0:0:0:0:
192,192,20157,1,0,0:0:0:0:
448,192,20179,1,0,0:0:0:0:
448,192,20286,1,0,0:0:0:0:
320,192,20286,1,0,0:0:0:0:
320,192,20371,1,0,0:0:0:0:
192,192,20371,1,0,0:0:0:0:
448,192,20457,1,0,0:0:0:0:
64,192,20457,1,0,0:0:0:0:
320,192,20500,1,0,0:0:0:0:
192,192,20500,1,0,0:0:0:0:
448,192,20543,1,0,0:0:0:0:
64,192,20543,1,0,0:0:0:0:
192,192,20586,1,0,0:0:0:0:
448,192,20629,1,0,0:0:0:0:
320,192,20650,1,0,0:0:0:0:
64,192,20671,1,0,0:0:0:0:
192,192,20693,1,0,0:0:0:0:
448,192,20714,1,0,0:0:0:0:
320,192,20800,1,0,0:0:0:0:
192,192,20829,1,0,0:0:0:0:
64,192,20857,1,0,0:0:0:0:
448,192,20886,1,0,0:0:0:0:
192,192,20915,1,0,0:0:0:0:
320,192,20943,1,0,0:0:0:0:
64,192,20971,1,0,0:0:0:0:
448,192,21000,1,0,0:0:0:0:
192,192,21029,1,0,0:0:0:0:
320,192,21057,1,0,0:0:0:0:
64,192,21086,1,0,0:0:0:0:
192,192,21115,1,0,0:0:0:0:
448,192,21143,1,0,0:0:0:0:
320,192,21143,1,0,0:0:0:0:
320,192,21229,1,0,0:0:0:0:
64,192,21229,1,0,0:0:0:0:
320,192,21314,1,0,0:0:0:0:
192,192,21314,1,0,0:0:0:0:
448,192,21400,1,0,0:0:0:0:
192,192,21400,1,0,0:0:0:0:
448,192,21486,1,0,0:0:0:0:
64,192,21486,1,0,0:0:0:0:
192,192,21529,1,0,0:0:0:0:
320,192,21571,1,0,0:0:0:0:
64,192,21614,1,0,0:0:0:0:
448,192,21657,1,0,0:0:0:0:
320,192,21657,1,0,0:0:0:0:
192,192,21700,1,0,0:0:0:0:
64,192,21700,1,0,0:0:0:0:
448,192,21743,1,0,0:0:0:0:
320,192,21743,1,0,0:0:0:0:
448,192,21829,1,0,0:0:0:0:
192,192,21829,1,0,0:0:0:0:
64,192,21829,1,0,0:0:0:0:
448,192,21914,1,0,0:0:0:0:
320,192,21914,1,0,0:0:0:0:
192,192,21914,1,0,0:0:0:0:
192,192,22000,1,0,0:0:0:0:
64,192,22000,1,0,0:0:0:0:
448,192,22086,1,0,0:0:0:0:
320,192,22086,1,0,0:0:0:0:
64,192,22129,1,0,0:0:0:0:
448,192,22171,1,0,0:0:0:0:
192,192,22171,1,0,0:0:0:0:
448,192,22257,1,0,0:0:0:0:
192,192,22257,1,0,0:0:0:0:
320,192,22343,1,0,0:0:0:0:
64,192,22343,1,0,0:0:0:0:
192,192,22429,1,0,0:0:0:0:
64,192,22514,1,0,0:0:0:0:
448,192,22536,1,0,0:0:0:0:
192,192,22557,1,0,0:0:0:0:
320,192,22579,1,0,0:0:0:0:
64,192,22600,1,0,0:0:0:0:
448,192,22621,1,0,0:0:0:0:
192,192,22643,1,0,0:0:0:0:
320,192,22664,1,0,0:0:0:0:
64,192,22686,1,0,0:0:0:0:
192,192,22771,1,0,0:0:0:0:
448,192,22857,1,0,0:0:0:0:
320,192,22857,1,0,0:0:0:0:
448,192,22943,1,0,0:0:0:0:
320,192,22957,1,0,0:0:0:0:
64,192,23029,1,0,0:0:0:0:
192,192,23043,1,0,0:0:0:0:
320,192,23057,1,0,0:0:0:0:
448,192,23071,1,0,0:0:0:0:
64,192,23114,1,0,0:0:0:0:
192,192,23129,1,0,0:0:0:0:
320,192,23143,1,0,0:0:0:0:
448,192,23157,1,0,0:0:0:0:
192,192,23200,1,0,0:0:0:0:
320,192,23243,1,0,0:0:0:0:
192,192,23286,1,0,0:0:0:0:
320,192,23329,1,0,0:0:0:0:
448,192,23371,1,0,0:0:0:0:
64,192,23371,1,0,0:0:0:0:
448,192,23457,1,0,0:0:0:0:
192,192,23457,1,0,0:0:0:0:
448,192,23543,1,0,0:0:0:0:
320,192,23543,1,0,0:0:0:0:
320,192,23629,1,0,0:0:0:0:
192,192,23629,1,0,0:0:0:0:
320,192,23714,1,0,0:0:0:0:
64,192,23714,1,0,0:0:0:0:
448,192,23800,1,0,0:0:0:0:
192,192,23800,1,0,0:0:0:0:
64,192,23886,1,0,0:0:0:0:
192,192,23929,1,0,0:0:0:0:
320,192,23971,1,0,0:0:0:0:
448,192,24014,1,0,0:0:0:0:
192,192,24057,1,0,0:0:0:0:
64,192,24057,1,0,0:0:0:0:
448,192,24143,1,0,0:0:0:0:
192,192,24143,1,0,0:0:0:0:
448,192,24229,1,0,0:0:0:0:
64,192,24229,1,0,0:0:0:0:
448,192,24314,1,0,0:0:0:0:
192,192,24314,1,0,0:0:0:0:
448,192,24400,1,0,0:0:0:0:
320,192,24400,1,0,0:0:0:0:
192,192,24443,1,0,0:0:0:0:
64,192,24486,1,0,0:0:0:0:
448,192,24529,1,0,0:0:0:0:
320,192,24529,1,0,0:0:0:0:
192,192,24571,1,0,0:0:0:0:
64,192,24593,1,0,0:0:0:0:
448,192,24614,1,0,0:0:0:0:
320,192,24636,1,0,0:0:0:0:
192,192,24657,1,0,0:0:0:0:
64,192,24657,1,0,0:0:0:0:
192,192,24743,1,0,0:0:0:0:
448,192,24772,1,0,0:0:0:0:
320,192,24800,1,0,0:0:0:0:
64,192,24829,1,0,0:0:0:0:
192,192,24857,1,0,0:0:0:0:
320,192,24886,1,0,0:0:0:0:
448,192,24914,1,0,0:0:0:0:
64,192,24914,1,0,0:0:0:0:
192,192,24957,1,0,0:0:0:0:
448,192,25000,1,0,0:0:0:0:
64,192,25000,1,0,0:0:0:0:
192,192,25043,1,0,0:0:0:0:
448,192,25086,1,0,0:0:0:0:
320,192,25086,1,0,0:0:0:0:
448,192,25171,1,0,0:0:0:0:
320,192,25171,1,0,0:0:0:0:
448,192,25257,1,0,0:0:0:0:
320,192,25257,1,0,0:0:0:0:
192,192,25257,1,0,0:0:0:0:
448,192,25429,1,0,0:0:0:0:
192,192,25429,1,0,0:0:0:0:
64,192,25429,1,0,0:0:0:0:
320,192,25600,1,0,0:0:0:0:
192,192,25600,1,0,0:0:0:0:
448,192,25643,1,0,0:0:0:0:
64,192,25686,1,0,0:0:0:0:
448,192,25729,1,0,0:0:0:0:
320,192,25771,1,0,0:0:0:0:
64,192,25771,1,0,0:0:0:0:
192,192,25857,1,0,0:0:0:0:
192,192,25943,1,0,0:0:0:0:
64,192,25943,1,0,0:0:0:0:
448,192,26029,1,0,0:0:0:0:
320,192,26029,1,0,0:0:0:0:
448,192,26114,1,0,0:0:0:0:
320,192,26125,1,0,0:0:0:0:
192,192,26136,1,0,0:0:0:0:
64,192,26146,1,0,0:0:0:0:
448,192,26200,1,0,0:0:0:0:
320,192,26200,1,0,0:0:0:0:
448,192,26286,1,0,0:0:0:0:
64,192,26286,1,0,0:0:0:0:
448,192,26371,1,0,0:0:0:0:
320,192,26371,1,0,0:0:0:0:
448,192,26457,1,0,0:0:0:0:
192,192,26457,1,0,0:0:0:0:
320,192,26543,1,0,0:0:0:0:
64,192,26543,1,0,0:0:0:0:
448,192,26629,1,0,0:0:0:0:
192,192,26629,1,0,0:0:0:0:
64,192,26629,1,0,0:0:0:0:
448,192,26714,1,0,0:0:0:0:
320,192,26714,1,0,0:0:0:0:
192,192,26714,1,0,0:0:0:0:
192,192,26800,1,0,0:0:0:0:
64,192,26800,1,0,0:0:0:0:
192,192,26886,1,0,0:0:0:0:
64,192,26886,1,0,0:0:0:0:
192,192,26971,1,0,0:0:0:0:
64,192,26971,1,0,0:0:0:0:
320,192,27014,1,0,0:0:0:0:
448,192,27057,1,0,0:0:0:0:
320,192,27100,1,0,0:0:0:0:
448,192,27143,1,0,0:0:0:0:
192,192,27143,1,0,0:0:0:0:
64,192,27143,1,0,0:0:0:0:
448,192,27229,1,0,0:0:0:0:
320,192,27229,1,0,0:0:0:0:
192,192,27314,1,0,0:0:0:0:
64,192,27314,1,0,0:0:0:0:
192,192,27386,1,0,0:0:0:0:
64,192,27386,1,0,0:0:0:0:
448,192,27486,1,0,0:0:0:0:
320,192,27486,1,0,0:0:0:0:
448,192,27571,1,0,0:0:0:0:
320,192,27571,1,0,0:0:0:0:
448,192,27657,1,0,0:0:0:0:
64,192,27657,1,0,0:0:0:0:
448,192,27729,1,0,0:0:0:0:
64,192,27729,1,0,0:0:0:0:
448,192,27829,1,0,0:0:0:0:
192,192,27829,1,0,0:0:0:0:
320,192,27871,1,0,0:0:0:0:
64,192,27914,1,0,0:0:0:0:
320,192,27957,1,0,0:0:0:0:
192,192,28000,1,0,0:0:0:0:
64,192,28000,1,0,0:0:0:0:
448,192,28086,1,0,0:0:0:0:
448,192,28171,1,0,0:0:0:0:
320,192,28171,1,0,0:0:0:0:
64,192,28171,1,0,0:0:0:0:
192,192,28257,1,0,0:0:0:0:
448,192,28343,1,0,0:0:0:0:
320,192,28343,1,0,0:0:0:0:
64,192,28343,1,0,0:0:0:0:
192,192,28429,1,0,0:0:0:0:
448,192,28514,1,0,0:0:0:0:
320,192,28514,1,0,0:0:0:0:
64,192,28514,1,0,0:0:0:0:
448,192,28686,1,0,0:0:0:0:
192,192,28686,1,0,0:0:0:0:
448,192,28771,1,0,0:0:0:0:
192,192,28771,1,0,0:0:0:0:
64,192,28857,1,0,0:0:0:0:
320,192,28900,1,0,0:0:0:0:
192,192,28943,1,0,0:0:0:0:
320,192,28986,1,0,0:0:0:0:
64,192,29029,1,0,0:0:0:0:
192,192,29057,1,0,0:0:0:0:
320,192,29086,1,0,0:0:0:0:
448,192,29114,1,0,0:0:0:0:
64,192,29114,1,0,0:0:0:0:
192,192,29143,1,0,0:0:0:0:
320,192,29172,1,0,0:0:0:0:
64,192,29200,1,0,0:0:0:0:
448,192,29229,1,0,0:0:0:0:
192,192,29257,1,0,0:0:0:0:
320,192,29286,1,0,0:0:0:0:
64,192,29315,1,0,0:0:0:0:
448,192,29343,1,0,0:0:0:0:
320,192,29371,1,0,0:0:0:0:
192,192,29400,1,0,0:0:0:0:
64,192,29429,1,0,0:0:0:0:
448,192,29457,1,0,0:0:0:0:
192,192,29486,1,0,0:0:0:0:
320,192,29515,1,0,0:0:0:0:
64,192,29543,1,0,0:0:0:0:
320,192,29572,1,0,0:0:0:0:
192,192,29600,1,0,0:0:0:0:
448,192,29629,1,0,0:0:0:0:
64,192,29657,1,0,0:0:0:0:
320,192,29686,1,0,0:0:0:0:
192,192,29714,1,0,0:0:0:0:
448,192,29743,1,0,0:0:0:0:
64,192,29772,1,0,0:0:0:0:
192,192,29800,1,0,0:0:0:0:
320,192,29829,1,0,0:0:0:0:
64,192,29857,1,0,0:0:0:0:
448,192,29886,1,0,0:0:0:0:
320,192,29907,1,0,0:0:0:0:
192,192,29929,1,0,0:0:0:0:
64,192,29950,1,0,0:0:0:0:
448,192,29971,1,0,0:0:0:0:
320,192,29993,1,0,0:0:0:0:
192,192,30014,1,0,0:0:0:0:
64,192,30036,1,0,0:0:0:0:
448,192,30057,1,0,0:0:0:0:
320,192,30079,1,0,0:0:0:0:
192,192,30100,1,0,0:0:0:0:
64,192,30121,1,0,0:0:0:0:
448,192,30143,1,0,0:0:0:0:
320,192,30164,1,0,0:0:0:0:
192,192,30186,1,0,0:0:0:0:
64,192,30207,1,0,0:0:0:0:
448,192,30229,1,0,0:0:0:0:
320,192,30250,1,0,0:0:0:0:
192,192,30271,1,0,0:0:0:0:
64,192,30293,1,0,0:0:0:0:
448,192,30314,1,0,0:0:0:0:
320,192,30336,1,0,0:0:0:0:
192,192,30357,1,0,0:0:0:0:
64,192,30379,1,0,0:0:0:0:
448,192,30400,1,0,0:0:0:0:
320,192,30400,1,0,0:0:0:0:
448,192,30472,1,0,0:0:0:0:
192,192,30472,1,0,0:0:0:0:
448,192,30571,1,0,0:0:0:0:
64,192,30571,1,0,0:0:0:0:
192,192,30614,1,0,0:0:0:0:
448,192,30657,1,0,0:0:0:0:
192,192,30700,1,0,0:0:0:0:
448,192,30743,1,0,0:0:0:0:
320,192,30743,1,0,0:0:0:0:
320,192,30829,1,0,0:0:0:0:
192,192,30829,1,0,0:0:0:0:
64,192,30829,1,0,0:0:0:0:
448,192,30914,1,0,0:0:0:0:
192,192,30914,1,0,0:0:0:0:
320,192,30957,1,0,0:0:0:0:
448,192,31000,1,0,0:0:0:0:
64,192,31000,1,0,0:0:0:0:
448,192,31086,1,0,0:0:0:0:
192,192,31086,1,0,0:0:0:0:
64,192,31086,1,0,0:0:0:0:
448,192,31257,1,0,0:0:0:0:
64,192,31257,1,0,0:0:0:0:
448,192,31343,1,0,0:0:0:0:
64,192,31343,1,0,0:0:0:0:
448,192,31429,1,0,0:0:0:0:
320,192,31429,1,0,0:0:0:0:
320,192,31600,1,0,0:0:0:0:
192,192,31600,1,0,0:0:0:0:
192,192,31771,1,0,0:0:0:0:
64,192,31771,1,0,0:0:0:0:
192,192,31857,1,0,0:0:0:0:
64,192,31857,1,0,0:0:0:0:
320,192,31943,1,0,0:0:0:0:
64,192,31943,1,0,0:0:0:0:
320,192,32029,1,0,0:0:0:0:
64,192,32029,1,0,0:0:0:0:
320,192,32114,1,0,0:0:0:0:
192,192,32114,1,0,0:0:0:0:
320,192,32200,1,0,0:0:0:0:
192,192,32200,1,0,0:0:0:0:
448,192,32286,1,0,0:0:0:0:
192,192,32286,1,0,0:0:0:0:
448,192,32371,1,0,0:0:0:0:
192,192,32371,1,0,0:0:0:0:
448,192,32457,1,0,0:0:0:0:
320,192,32457,1,0,0:0:0:0:
448,192,32529,1,0,0:0:0:0:
320,192,32529,1,0,0:0:0:0:
448,192,32629,1,0,0:0:0:0:
64,192,32629,1,0,0:0:0:0:
192,192,32714,1,0,0:0:0:0:
320,192,32757,1,0,0:0:0:0:
64,192,32800,1,0,0:0:0:0:
448,192,32843,1,0,0:0:0:0:
320,192,32886,1,0,0:0:0:0:
192,192,32886,1,0,0:0:0:0:
448,192,32971,1,0,0:0:0:0:
320,192,32971,1,0,0:0:0:0:
448,192,33057,1,0,0:0:0:0:
320,192,33057,1,0,0:0:0:0:
448,192,33143,1,0,0:0:0:0:
64,192,33143,1,0,0:0:0:0:
448,192,33215,1,0,0:0:0:0:
64,192,33215,1,0,0:0:0:0:
320,192,33314,1,0,0:0:0:0:
64,192,33314,1,0,0:0:0:0:
448,192,33400,1,0,0:0:0:0:
320,192,33400,1,0,0:0:0:0:
448,192,33486,1,0,0:0:0:0:
192,192,33486,1,0,0:0:0:0:
64,192,33486,1,0,0:0:0:0:
448,192,33571,1,0,0:0:0:0:
320,192,33571,1,0,0:0:0:0:
64,192,33571,1,0,0:0:0:0:
320,192,33657,1,0,0:0:0:0:
192,192,33657,1,0,0:0:0:0:
448,192,33743,1,0,0:0:0:0:
320,192,33743,1,0,0:0:0:0:
448,192,33829,1,0,0:0:0:0:
64,192,33829,1,0,0:0:0:0:
448,192,33914,1,0,0:0:0:0:
192,192,33914,1,0,0:0:0:0:
448,192,34000,1,0,0:0:0:0:
64,192,34000,1,0,0:0:0:0:
320,192,34043,1,0,0:0:0:0:
192,192,34086,1,0,0:0:0:0:
320,192,34129,1,0,0:0:0:0:
448,192,34171,1,0,0:0:0:0:
192,192,34171,1,0,0:0:0:0:
64,192,34171,1,0,0:0:0:0:
192,192,34257,1,0,0:0:0:0:
448,192,34343,1,0,0:0:0:0:
320,192,34343,1,0,0:0:0:0:
192,192,34386,1,0,0:0:0:0:
320,192,34429,1,0,0:0:0:0:
192,192,34471,1,0,0:0:0:0:
448,192,34514,1,0,0:0:0:0:
64,192,34514,1,0,0:0:0:0:
192,192,34600,1,0,0:0:0:0:
64,192,34600,1,0,0:0:0:0:
448,192,34686,1,0,0:0:0:0:
320,192,34686,1,0,0:0:0:0:
320,192,34771,1,0,0:0:0:0:
64,192,34771,1,0,0:0:0:0:
448,192,34857,1,0,0:0:0:0:
320,192,34857,1,0,0:0:0:0:
192,192,34872,1,0,0:0:0:0:
64,192,34886,1,0,0:0:0:0:
448,192,34943,1,0,0:0:0:0:
320,192,34957,1,0,0:0:0:0:
64,192,34972,1,0,0:0:0:0:
320,192,35029,1,0,0:0:0:0:
192,192,35029,1,0,0:0:0:0:
448,192,35114,1,0,0:0:0:0:
320,192,35114,1,0,0:0:0:0:
192,192,35114,1,0,0:0:0:0:
448,192,35200,1,0,0:0:0:0:
64,192,35200,1,0,0:0:0:0:
448,192,35286,1,0,0:0:0:0:
320,192,35286,1,0,0:0:0:0:
192,192,35371,1,0,0:0:0:0:
64,192,35371,1,0,0:0:0:0:
192,192,35457,1,0,0:0:0:0:
64,192,35457,1,0,0:0:0:0:
192,192,35543,1,0,0:0:0:0:
64,192,35543,1,0,0:0:0:0:
192,192,35629,1,0,0:0:0:0:
64,192,35629,1,0,0:0:0:0:
192,192,35714,1,0,0:0:0:0:
64,192,35714,1,0,0:0:0:0:
192,192,35800,1,0,0:0:0:0:
64,192,35800,1,0,0:0:0:0:
192,192,35886,1,0,0:0:0:0:
64,192,35886,1,0,0:0:0:0:
192,192,35971,1,0,0:0:0:0:
64,192,35971,1,0,0:0:0:0:
192,192,36057,1,0,0:0:0:0:
192,192,36143,1,0,0:0:0:0:
192,192,36229,1,0,0:0:0:0:
192,192,36314,1,0,0:0:0:0:
192,192,36400,1,0,0:0:0:0:
192,192,36486,1,0,0:0:0:0:
192,192,36571,1,0,0:0:0:0:
192,192,36657,1,0,0:0:0:0:
192,192,36743,1,0,0:0:0:0:
192,192,36829,1,0,0:0:0:0:
64,192,36871,1,0,0:0:0:0:
192,192,36914,1,0,0:0:0:0:
192,192,37000,1,0,0:0:0:0:
192,192,37086,1,0,0:0:0:0:
192,192,37171,1,0,0:0:0:0:
192,192,37257,1,0,0:0:0:0:
192,192,37343,1,0,0:0:0:0:
192,192,37429,1,0,0:0:0:0:
192,192,37514,1,0,0:0:0:0:
192,192,37600,1,0,0:0:0:0:
192,192,37686,1,0,0:0:0:0:
192,192,37771,1,0,0:0:0:0:
192,192,37857,1,0,0:0:0:0:
320,192,37943,1,0,0:0:0:0:
320,192,38200,1,0,0:0:0:0:
320,192,38457,1,0,0:0:0:0:
448,192,38629,1,0,0:0:0:0:
448,192,38886,1,0,0:0:0:0:
448,192,39143,1,0,0:0:0:0:
192,192,39314,1,0,0:0:0:0:
192,192,39571,1,0,0:0:0:0:
192,192,39829,1,0,0:0:0:0:
448,192,40000,1,0,0:0:0:0:
448,192,40257,1,0,0:0:0:0:
448,192,40514,1,0,0:0:0:0:
320,192,40686,1,0,0:0:0:0:
320,192,40943,1,0,0:0:0:0:
320,192,41200,1,0,0:0:0:0:
192,192,41371,1,0,0:0:0:0:
192,192,41629,1,0,0:0:0:0:
192,192,41886,1,0,0:0:0:0:
64,192,42057,1,0,0:0:0:0:
64,192,42314,1,0,0:0:0:0:
64,192,42571,1,0,0:0:0:0:
192,192,42743,1,0,0:0:0:0:
192,192,43000,1,0,0:0:0:0:
320,192,43171,1,0,0:0:0:0:
192,192,43257,1,0,0:0:0:0:
64,192,43429,1,0,0:0:0:0:
64,192,43686,1,0,0:0:0:0:
64,192,43943,1,0,0:0:0:0:
448,192,44114,1,0,0:0:0:0:
448,192,44371,1,0,0:0:0:0:
320,192,44457,1,0,0:0:0:0:
320,192,44543,1,0,0:0:0:0:
320,192,44629,1,0,0:0:0:0:
320,192,44714,1,0,0:0:0:0:
320,192,44800,1,0,0:0:0:0:
320,192,44886,1,0,0:0:0:0:
320,192,44971,1,0,0:0:0:0:
320,192,45057,1,0,0:0:0:0:
448,192,45100,1,0,0:0:0:0:
320,192,45143,1,0,0:0:0:0:
320,192,45229,1,0,0:0:0:0:
320,192,45314,1,0,0:0:0:0:
320,192,45400,1,0,0:0:0:0:
320,192,45486,1,0,0:0:0:0:
320,192,45571,1,0,0:0:0:0:
320,192,45657,1,0,0:0:0:0:
320,192,45743,1,0,0:0:0:0:
320,192,45829,1,0,0:0:0:0:
320,192,45914,1,0,0:0:0:0:
320,192,46000,1,0,0:0:0:0:
320,192,46086,1,0,0:0:0:0:
320,192,46171,1,0,0:0:0:0:
320,192,46257,1,0,0:0:0:0:
320,192,46343,1,0,0:0:0:0:
320,192,46429,1,0,0:0:0:0:
320,192,46514,1,0,0:0:0:0:
192,192,46557,1,0,0:0:0:0:
320,192,46600,1,0,0:0:0:0:
192,192,46643,1,0,0:0:0:0:
320,192,46686,1,0,0:0:0:0:
192,192,46729,1,0,0:0:0:0:
320,192,46771,1,0,0:0:0:0:
192,192,46814,1,0,0:0:0:0:
448,192,46857,1,0,0:0:0:0:
64,192,46857,1,0,0:0:0:0:
192,192,46943,1,0,0:0:0:0:
64,192,46943,1,0,0:0:0:0:
320,192,47029,1,0,0:0:0:0:
192,192,47029,1,0,0:0:0:0:
448,192,47114,1,0,0:0:0:0:
192,192,47114,1,0,0:0:0:0:
448,192,47200,1,0,0:0:0:0:
320,192,47200,1,0,0:0:0:0:
320,192,47286,1,0,0:0:0:0:
64,192,47286,1,0,0:0:0:0:
320,192,47371,1,0,0:0:0:0:
192,192,47371,1,0,0:0:0:0:
448,192,47414,1,0,0:0:0:0:
64,192,47457,1,0,0:0:0:0:
448,192,47500,1,0,0:0:0:0:
192,192,47543,1,0,0:0:0:0:
64,192,47543,1,0,0:0:0:0:
448,192,47629,1,0,0:0:0:0:
320,192,47629,1,0,0:0:0:0:
448,192,47714,1,0,0:0:0:0:
320,192,47714,1,0,0:0:0:0:
192,192,47714,1,0,0:0:0:0:
320,192,47800,1,0,0:0:0:0:
192,192,47800,1,0,0:0:0:0:
64,192,47886,1,0,0:0:0:0:
192,192,47900,1,0,0:0:0:0:
320,192,47915,1,0,0:0:0:0:
448,192,47929,1,0,0:0:0:0:
64,192,47971,1,0,0:0:0:0:
448,192,48057,1,0,0:0:0:0:
320,192,48072,1,0,0:0:0:0:
192,192,48086,1,0,0:0:0:0:
64,192,48100,1,0,0:0:0:0:
448,192,48143,1,0,0:0:0:0:
448,192,48229,1,0,0:0:0:0:
64,192,48229,1,0,0:0:0:0:
448,192,48314,1,0,0:0:0:0:
320,192,48314,1,0,0:0:0:0:
320,192,48400,1,0,0:0:0:0:
192,192,48400,1,0,0:0:0:0:
448,192,48486,1,0,0:0:0:0:
320,192,48486,1,0,0:0:0:0:
64,192,48486,1,0,0:0:0:0:
448,192,48571,1,0,0:0:0:0:
320,192,48571,1,0,0:0:0:0:
192,192,48614,1,0,0:0:0:0:
64,192,48657,1,0,0:0:0:0:
320,192,48700,1,0,0:0:0:0:
448,192,48743,1,0,0:0:0:0:
192,192,48743,1,0,0:0:0:0:
448,192,48829,1,0,0:0:0:0:
192,192,48829,1,0,0:0:0:0:
448,192,48914,1,0,0:0:0:0:
320,192,48914,1,0,0:0:0:0:
64,192,48957,1,0,0:0:0:0:
192,192,49000,1,0,0:0:0:0:
64,192,49043,1,0,0:0:0:0:
320,192,49086,1,0,0:0:0:0:
192,192,49086,1,0,0:0:0:0:
448,192,49171,1,0,0:0:0:0:
192,192,49171,1,0,0:0:0:0:
64,192,49171,1,0,0:0:0:0:
448,192,49257,1,0,0:0:0:0:
320,192,49257,1,0,0:0:0:0:
192,192,49343,1,0,0:0:0:0:
64,192,49343,1,0,0:0:0:0:
448,192,49429,1,0,0:0:0:0:
320,192,49429,1,0,0:0:0:0:
192,192,49429,1,0,0:0:0:0:
448,192,49514,1,0,0:0:0:0:
320,192,49514,1,0,0:0:0:0:
64,192,49514,1,0,0:0:0:0:
320,192,49600,1,0,0:0:0:0:
64,192,49600,1,0,0:0:0:0:
192,192,49643,1,0,0:0:0:0:
64,192,49686,1,0,0:0:0:0:
192,192,49729,1,0,0:0:0:0:
448,192,49771,1,0,0:0:0:0:
320,192,49771,1,0,0:0:0:0:
320,192,49857,1,0,0:0:0:0:
64,192,49857,1,0,0:0:0:0:
448,192,49943,1,0,0:0:0:0:
320,192,49986,1,0,0:0:0:0:
192,192,50029,1,0,0:0:0:0:
64,192,50029,1,0,0:0:0:0:
448,192,50114,1,0,0:0:0:0:
320,192,50114,1,0,0:0:0:0:
64,192,50114,1,0,0:0:0:0:
448,192,50200,1,0,0:0:0:0:
192,192,50200,1,0,0:0:0:0:
448,192,50286,1,0,0:0:0:0:
320,192,50286,1,0,0:0:0:0:
64,192,50286,1,0,0:0:0:0:
192,192,50371,1,0,0:0:0:0:
64,192,50371,1,0,0:0:0:0:
320,192,50457,1,0,0:0:0:0:
192,192,50500,1,0,0:0:0:0:
64,192,50543,1,0,0:0:0:0:
192,192,50586,1,0,0:0:0:0:
448,192,50629,1,0,0:0:0:0:
320,192,50629,1,0,0:0:0:0:
192,192,50671,1,0,0:0:0:0:
448,192,50714,1,0,0:0:0:0:
320,192,50729,1,0,0:0:0:0:
192,192,50743,1,0,0:0:0:0:
448,192,50800,1,0,0:0:0:0:
64,192,50829,1,0,0:0:0:0:
192,192,50843,1,0,0:0:0:0:
320,192,50857,1,0,0:0:0:0:
448,192,50886,1,0,0:0:0:0:
448,192,50971,1,0,0:0:0:0:
64,192,50971,1,0,0:0:0:0:
320,192,51057,1,0,0:0:0:0:
192,192,51057,1,0,0:0:0:0:
448,192,51143,1,0,0:0:0:0:
192,192,51143,1,0,0:0:0:0:
64,192,51143,1,0,0:0:0:0:
320,192,51229,1,0,0:0:0:0:
192,192,51229,1,0,0:0:0:0:
448,192,51314,1,0,0:0:0:0:
192,192,51314,1,0,0:0:0:0:
64,192,51314,1,0,0:0:0:0:
448,192,51400,1,0,0:0:0:0:
320,192,51400,1,0,0:0:0:0:
192,192,51486,1,0,0:0:0:0:
64,192,51486,1,0,0:0:0:0:
448,192,51571,1,0,0:0:0:0:
192,192,51571,1,0,0:0:0:0:
64,192,51657,1,0,0:0:0:0:
192,192,51700,1,0,0:0:0:0:
320,192,51743,1,0,0:0:0:0:
448,192,51786,1,0,0:0:0:0:
192,192,51829,1,0,0:0:0:0:
64,192,51871,1,0,0:0:0:0:
192,192,51914,1,0,0:0:0:0:
64,192,51957,1,0,0:0:0:0:
448,192,52000,1,0,0:0:0:0:
320,192,52000,1,0,0:0:0:0:
448,192,52086,1,0,0:0:0:0:
320,192,52086,1,0,0:0:0:0:
448,192,52171,1,0,0:0:0:0:
320,192,52171,1,0,0:0:0:0:
448,192,52257,1,0,0:0:0:0:
320,192,52257,1,0,0:0:0:0:
448,192,52343,1,0,0:0:0:0:
192,192,52343,1,0,0:0:0:0:
320,192,52429,1,0,0:0:0:0:
192,192,52429,1,0,0:0:0:0:
320,192,52514,1,0,0:0:0:0:
64,192,52514,1,0,0:0:0:0:
192,192,52600,1,0,0:0:0:0:
64,192,52600,1,0,0:0:0:0:
448,192,52686,1,0,0:0:0:0:
320,192,52686,1,0,0:0:0:0:
192,192,52686,1,0,0:0:0:0:
320,192,52771,1,0,0:0:0:0:
192,192,52771,1,0,0:0:0:0:
64,192,52771,1,0,0:0:0:0:
448,192,52857,1,0,0:0:0:0:
64,192,52943,1,0,0:0:0:0:
192,192,52964,1,0,0:0:0:0:
320,192,52986,1,0,0:0:0:0:
448,192,53007,1,0,0:0:0:0:
64,192,53029,1,0,0:0:0:0:
192,192,53114,1,0,0:0:0:0:
64,192,53114,1,0,0:0:0:0:
320,192,53200,1,0,0:0:0:0:
192,192,53200,1,0,0:0:0:0:
448,192,53286,1,0,0:0:0:0:
320,192,53286,1,0,0:0:0:0:
448,192,53371,1,0,0:0:0:0:
192,192,53371,1,0,0:0:0:0:
192,192,53457,1,0,0:0:0:0:
64,192,53457,1,0,0:0:0:0:
448,192,53543,1,0,0:0:0:0:
320,192,53543,1,0,0:0:0:0:
64,192,53543,1,0,0:0:0:0:
320,192,53629,1,0,0:0:0:0:
192,192,53629,1,0,0:0:0:0:
192,192,53714,1,0,0:0:0:0:
64,192,53714,1,0,0:0:0:0:
320,192,53757,1,0,0:0:0:0:
192,192,53800,1,0,0:0:0:0:
320,192,53843,1,0,0:0:0:0:
448,192,53886,1,0,0:0:0:0:
64,192,53886,1,0,0:0:0:0:
448,192,53971,1,0,0:0:0:0:
320,192,53971,1,0,0:0:0:0:
192,192,53971,1,0,0:0:0:0:
64,192,54057,1,0,0:0:0:0:
448,192,54143,1,0,0:0:0:0:
320,192,54143,1,0,0:0:0:0:
192,192,54143,1,0,0:0:0:0:
64,192,54229,1,0,0:0:0:0:
192,192,54314,1,0,0:0:0:0:
64,192,54314,1,0,0:0:0:0:
448,192,54400,1,0,0:0:0:0:
64,192,54486,1,0,0:0:0:0:
320,192,54507,1,0,0:0:0:0:
192,192,54529,1,0,0:0:0:0:
448,192,54550,1,0,0:0:0:0:
64,192,54571,1,0,0:0:0:0:
320,192,54614,1,0,0:0:0:0:
448,192,54657,1,0,0:0:0:0:
192,192,54700,1,0,0:0:0:0:
320,192,54743,1,0,0:0:0:0:
64,192,54743,1,0,0:0:0:0:
448,192,54829,1,0,0:0:0:0:
320,192,54829,1,0,0:0:0:0:
192,192,54914,1,0,0:0:0:0:
64,192,54914,1,0,0:0:0:0:
192,192,55000,1,0,0:0:0:0:
64,192,55000,1,0,0:0:0:0:
448,192,55086,1,0,0:0:0:0:
320,192,55086,1,0,0:0:0:0:
320,192,55171,1,0,0:0:0:0:
192,192,55171,1,0,0:0:0:0:
448,192,55257,1,0,0:0:0:0:
192,192,55257,1,0,0:0:0:0:
192,192,55343,1,0,0:0:0:0:
64,192,55343,1,0,0:0:0:0:
192,192,55429,1,0,0:0:0:0:
64,192,55429,1,0,0:0:0:0:
320,192,55471,1,0,0:0:0:0:
448,192,55514,1,0,0:0:0:0:
192,192,55514,1,0,0:0:0:0:
320,192,55557,1,0,0:0:0:0:
448,192,55600,1,0,0:0:0:0:
64,192,55600,1,0,0:0:0:0:
192,192,55629,1,0,0:0:0:0:
320,192,55657,1,0,0:0:0:0:
64,192,55686,1,0,0:0:0:0:
448,192,55715,1,0,0:0:0:0:
192,192,55743,1,0,0:0:0:0:
448,192,55771,1,0,0:0:0:0:
320,192,55771,1,0,0:0:0:0:
192,192,55857,1,0,0:0:0:0:
64,192,55857,1,0,0:0:0:0:
320,192,55943,1,0,0:0:0:0:
192,192,55943,1,0,0:0:0:0:
448,192,55986,1,0,0:0:0:0:
192,192,56029,1,0,0:0:0:0:
64,192,56071,1,0,0:0:0:0:
448,192,56114,1,0,0:0:0:0:
320,192,56114,1,0,0:0:0:0:
192,192,56114,1,0,0:0:0:0:
192,192,56200,1,0,0:0:0:0:
64,192,56200,1,0,0:0:0:0:
448,192,56286,1,0,0:0:0:0:
320,192,56300,1,0,0:0:0:0:
192,192,56315,1,0,0:0:0:0:
64,192,56386,1,0,0:0:0:0:
192,192,56400,1,0,0:0:0:0:
320,192,56414,1,0,0:0:0:0:
448,192,56457,1,0,0:0:0:0:
64,192,56457,1,0,0:0:0:0:
320,192,56543,1,0,0:0:0:0:
192,192,56543,1,0,0:0:0:0:
448,192,56629,1,0,0:0:0:0:
320,192,56629,1,0,0:0:0:0:
64,192,56671,1,0,0:0:0:0:
192,192,56714,1,0,0:0:0:0:
320,192,56757,1,0,0:0:0:0:
448,192,56800,1,0,0:0:0:0:
192,192,56843,1,0,0:0:0:0:
320,192,56886,1,0,0:0:0:0:
64,192,56929,1,0,0:0:0:0:
448,192,56971,1,0,0:0:0:0:
192,192,56971,1,0,0:0:0:0:
320,192,57014,1,0,0:0:0:0:
192,192,57057,1,0,0:0:0:0:
320,192,57100,1,0,0:0:0:0:
448,192,57143,1,0,0:0:0:0:
64,192,57143,1,0,0:0:0:0:
64,192,57250,1,0,0:0:0:0:
320,192,57271,1,0,0:0:0:0:
192,192,57293,1,0,0:0:0:0:
448,192,57314,1,0,0:0:0:0:
64,192,57314,1,0,0:0:0:0:
448,192,57400,1,0,0:0:0:0:
64,192,57400,1,0,0:0:0:0:
448,192,57486,1,0,0:0:0:0:
320,192,57486,1,0,0:0:0:0:
64,192,57529,1,0,0:0:0:0:
320,192,57571,1,0,0:0:0:0:
64,192,57614,1,0,0:0:0:0:
448,192,57657,1,0,0:0:0:0:
192,192,57657,1,0,0:0:0:0:
448,192,57743,1,0,0:0:0:0:
320,192,57743,1,0,0:0:0:0:
320,192,57829,1,0,0:0:0:0:
192,192,57829,1,0,0:0:0:0:
64,192,57829,1,0,0:0:0:0:
192,192,57914,1,0,0:0:0:0:
64,192,57914,1,0,0:0:0:0:
448,192,58000,1,0,0:0:0:0:
320,192,58000,1,0,0:0:0:0:
320,192,58086,1,0,0:0:0:0:
192,192,58086,1,0,0:0:0:0:
448,192,58171,1,0,0:0:0:0:
192,192,58171,1,0,0:0:0:0:
448,192,58257,1,0,0:0:0:0:
64,192,58257,1,0,0:0:0:0:
448,192,58343,1,0,0:0:0:0:
192,192,58343,1,0,0:0:0:0:
192,192,58429,1,0,0:0:0:0:
64,192,58429,1,0,0:0:0:0:
320,192,58471,1,0,0:0:0:0:
448,192,58514,1,0,0:0:0:0:
192,192,58514,1,0,0:0:0:0:
448,192,58600,1,0,0:0:0:0:
320,192,58600,1,0,0:0:0:0:
192,192,58686,1,0,0:0:0:0:
64,192,58686,1,0,0:0:0:0:
320,192,58704,1,0,0:0:0:0:
448,192,58721,1,0,0:0:0:0:
64,192,58739,1,0,0:0:0:0:
192,192,58757,1,0,0:0:0:0:
320,192,58771,1,0,0:0:0:0:
448,192,58790,1,0,0:0:0:0:
64,192,58807,1,0,0:0:0:0:
192,192,58821,1,0,0:0:0:0:
320,192,58840,1,0,0:0:0:0:
448,192,58857,1,0,0:0:0:0:
448,192,58943,1,0,0:0:0:0:
320,192,58943,1,0,0:0:0:0:
64,192,58943,1,0,0:0:0:0:
320,192,59029,1,0,0:0:0:0:
192,192,59029,1,0,0:0:0:0:
320,192,59114,1,0,0:0:0:0:
192,192,59114,1,0,0:0:0:0:
448,192,59200,1,0,0:0:0:0:
320,192,59200,1,0,0:0:0:0:
192,192,59243,1,0,0:0:0:0:
320,192,59286,1,0,0:0:0:0:
448,192,59329,1,0,0:0:0:0:
320,192,59371,1,0,0:0:0:0:
192,192,59371,1,0,0:0:0:0:
64,192,59371,1,0,0:0:0:0:
192,192,59457,1,0,0:0:0:0:
64,192,59457,1,0,0:0:0:0:
448,192,59543,1,0,0:0:0:0:
192,192,59586,1,0,0:0:0:0:
64,192,59586,1,0,0:0:0:0:
192,192,59671,1,0,0:0:0:0:
64,192,59671,1,0,0:0:0:0:
448,192,59714,1,0,0:0:0:0:
320,192,59714,1,0,0:0:0:0:
448,192,59800,1,0,0:0:0:0:
192,192,59800,1,0,0:0:0:0:
448,192,59886,1,0,0:0:0:0:
320,192,59886,1,0,0:0:0:0:
64,192,59886,1,0,0:0:0:0:
192,192,59971,1,0,0:0:0:0:
64,192,59971,1,0,0:0:0:0:
448,192,60057,1,0,0:0:0:0:
64,192,60057,1,0,0:0:0:0:
192,192,60086,1,0,0:0:0:0:
320,192,60115,1,0,0:0:0:0:
64,192,60143,1,0,0:0:0:0:
448,192,60172,1,0,0:0:0:0:
192,192,60200,1,0,0:0:0:0:
320,192,60229,1,0,0:0:0:0:
64,192,60257,1,0,0:0:0:0:
448,192,60286,1,0,0:0:0:0:
320,192,60314,1,0,0:0:0:0:
192,192,60343,1,0,0:0:0:0:
64,192,60372,1,0,0:0:0:0:
448,192,60400,1,0,0:0:0:0:
192,192,60429,1,0,0:0:0:0:
64,192,60457,1,0,0:0:0:0:
448,192,60486,1,0,0:0:0:0:
192,192,60515,1,0,0:0:0:0:
320,192,60543,1,0,0:0:0:0:
64,192,60571,1,0,0:0:0:0:
448,192,60593,1,0,0:0:0:0:
192,192,60614,1,0,0:0:0:0:
320,192,60636,1,0,0:0:0:0:
448,192,60657,1,0,0:0:0:0:
64,192,60657,1,0,0:0:0:0:
448,192,60743,1,0,0:0:0:0:
320,192,60743,1,0,0:0:0:0:
192,192,60829,1,0,0:0:0:0:
64,192,60829,1,0,0:0:0:0:
192,192,60914,1,0,0:0:0:0:
64,192,60914,1,0,0:0:0:0:
320,192,60957,1,0,0:0:0:0:
448,192,61000,1,0,0:0:0:0:
192,192,61000,1,0,0:0:0:0:
320,192,61086,1,0,0:0:0:0:
192,192,61086,1,0,0:0:0:0:
448,192,61129,1,0,0:0:0:0:
64,192,61171,1,0,0:0:0:0:
320,192,61214,1,0,0:0:0:0:
448,192,61257,1,0,0:0:0:0:
192,192,61257,1,0,0:0:0:0:
448,192,61343,1,0,0:0:0:0:
320,192,61343,1,0,0:0:0:0:
448,192,61429,1,0,0:0:0:0:
320,192,61429,1,0,0:0:0:0:
320,192,61557,1,0,0:0:0:0:
64,192,61557,1,0,0:0:0:0:
448,192,61600,1,0,0:0:0:0:
192,192,61600,1,0,0:0:0:0:
320,192,61686,1,0,0:0:0:0:
64,192,61686,1,0,0:0:0:0:
320,192,61771,1,0,0:0:0:0:
192,192,61771,1,0,0:0:0:0:
448,192,61857,1,0,0:0:0:0:
320,192,61857,1,0,0:0:0:0:
448,192,61943,1,0,0:0:0:0:
320,192,61943,1,0,0:0:0:0:
320,192,62029,1,0,0:0:0:0:
192,192,62029,1,0,0:0:0:0:
320,192,62114,1,0,0:0:0:0:
64,192,62114,1,0,0:0:0:0:
192,192,62157,1,0,0:0:0:0:
448,192,62200,1,0,0:0:0:0:
320,192,62243,1,0,0:0:0:0:
192,192,62286,1,0,0:0:0:0:
64,192,62329,1,0,0:0:0:0:
192,192,62371,1,0,0:0:0:0:
320,192,62414,1,0,0:0:0:0:
448,192,62457,1,0,0:0:0:0:
192,192,62457,1,0,0:0:0:0:
448,192,62543,1,0,0:0:0:0:
192,192,62543,1,0,0:0:0:0:
448,192,62629,1,0,0:0:0:0:
320,192,62629,1,0,0:0:0:0:
64,192,62629,1,0,0:0:0:0:
448,192,62714,1,0,0:0:0:0:
192,192,62714,1,0,0:0:0:0:
448,192,62800,1,0,0:0:0:0:
192,192,62800,1,0,0:0:0:0:
448,192,62886,1,0,0:0:0:0:
320,192,62886,1,0,0:0:0:0:
320,192,62971,1,0,0:0:0:0:
64,192,62971,1,0,0:0:0:0:
448,192,63057,1,0,0:0:0:0:
192,192,63057,1,0,0:0:0:0:
448,192,63143,1,0,0:0:0:0:
192,192,63143,1,0,0:0:0:0:
320,192,63229,1,0,0:0:0:0:
192,192,63229,1,0,0:0:0:0:
448,192,63314,1,0,0:0:0:0:
192,192,63314,1,0,0:0:0:0:
64,192,63314,1,0,0:0:0:0:
320,192,63357,1,0,0:0:0:0:
448,192,63400,1,0,0:0:0:0:
64,192,63400,1,0,0:0:0:0:
192,192,63443,1,0,0:0:0:0:
64,192,63486,1,0,0:0:0:0:
448,192,63571,1,0,0:0:0:0:
320,192,63571,1,0,0:0:0:0:
320,192,63657,1,0,0:0:0:0:
64,192,63657,1,0,0:0:0:0:
448,192,63700,1,0,0:0:0:0:
192,192,63743,1,0,0:0:0:0:
64,192,63786,1,0,0:0:0:0:
448,192,63829,1,0,0:0:0:0:
192,192,63829,1,0,0:0:0:0:
320,192,63871,1,0,0:0:0:0:
448,192,63914,1,0,0:0:0:0:
64,192,63914,1,0,0:0:0:0:
192,192,63957,1,0,0:0:0:0:
448,192,64000,1,0,0:0:0:0:
320,192,64000,1,0,0:0:0:0:
448,192,64086,1,0,0:0:0:0:
192,192,64086,1,0,0:0:0:0:
64,192,64171,1,0,0:0:0:0:
192,192,64193,1,0,0:0:0:0:
320,192,64214,1,0,0:0:0:0:
448,192,64236,1,0,0:0:0:0:
64,192,64257,1,0,0:0:0:0:
192,192,64279,1,0,0:0:0:0:
320,192,64300,1,0,0:0:0:0:
448,192,64321,1,0,0:0:0:0:
64,192,64343,1,0,0:0:0:0:
320,192,64372,1,0,0:0:0:0:
192,192,64400,1,0,0:0:0:0:
448,192,64429,1,0,0:0:0:0:
64,192,64457,1,0,0:0:0:0:
320,192,64486,1,0,0:0:0:0:
448,192,64514,1,0,0:0:0:0:
192,192,64557,1,0,0:0:0:0:
64,192,64557,1,0,0:0:0:0:
320,192,64600,1,0,0:0:0:0:
192,192,64643,1,0,0:0:0:0:
64,192,64643,1,0,0:0:0:0:
448,192,64686,1,0,0:0:0:0:
320,192,64686,1,0,0:0:0:0:
320,192,64771,1,0,0:0:0:0:
64,192,64771,1,0,0:0:0:0:
448,192,64857,1,0,0:0:0:0:
320,192,64857,1,0,0:0:0:0:
192,192,64943,1,0,0:0:0:0:
64,192,64943,1,0,0:0:0:0:
448,192,65029,1,0,0:0:0:0:
64,192,65029,1,0,0:0:0:0:
320,192,65071,1,0,0:0:0:0:
192,192,65071,1,0,0:0:0:0:
448,192,65114,1,0,0:0:0:0:
64,192,65114,1,0,0:0:0:0:
192,192,65157,1,0,0:0:0:0:
448,192,65200,1,0,0:0:0:0:
320,192,65200,1,0,0:0:0:0:
448,192,65286,1,0,0:0:0:0:
192,192,65286,1,0,0:0:0:0:
448,192,65371,1,0,0:0:0:0:
64,192,65371,1,0,0:0:0:0:
320,192,65457,1,0,0:0:0:0:
192,192,65457,1,0,0:0:0:0:
192,192,65543,1,0,0:0:0:0:
64,192,65543,1,0,0:0:0:0:
448,192,65629,1,0,0:0:0:0:
320,192,65629,1,0,0:0:0:0:
64,192,65714,1,0,0:0:0:0:
192,192,65743,1,0,0:0:0:0:
320,192,65772,1,0,0:0:0:0:
448,192,65800,1,0,0:0:0:0:
64,192,65829,1,0,0:0:0:0:
320,192,65857,1,0,0:0:0:0:
192,192,65886,1,0,0:0:0:0:
448,192,65915,1,0,0:0:0:0:
64,192,65943,1,0,0:0:0:0:
320,192,65971,1,0,0:0:0:0:
448,192,66000,1,0,0:0:0:0:
192,192,66029,1,0,0:0:0:0:
320,192,66057,1,0,0:0:0:0:
64,192,66057,1,0,0:0:0:0:
448,192,66143,1,0,0:0:0:0:
320,192,66143,1,0,0:0:0:0:
448,192,66229,1,0,0:0:0:0:
320,192,66257,1,0,0:0:0:0:
192,192,66286,1,0,0:0:0:0:
448,192,66314,1,0,0:0:0:0:
320,192,66336,1,0,0:0:0:0:
64,192,66357,1,0,0:0:0:0:
192,192,66379,1,0,0:0:0:0:
448,192,66400,1,0,0:0:0:0:
320,192,66400,1,0,0:0:0:0:
448,192,66486,1,0,0:0:0:0:
320,192,66486,1,0,0:0:0:0:
448,192,66571,1,0,0:0:0:0:
64,192,66571,1,0,0:0:0:0:
192,192,66614,1,0,0:0:0:0:
320,192,66657,1,0,0:0:0:0:
448,192,66700,1,0,0:0:0:0:
192,192,66743,1,0,0:0:0:0:
64,192,66743,1,0,0:0:0:0:
448,192,66829,1,0,0:0:0:0:
192,192,66829,1,0,0:0:0:0:
448,192,66914,1,0,0:0:0:0:
320,192,66914,1,0,0:0:0:0:
64,192,67000,1,0,0:0:0:0:
448,192,67043,1,0,0:0:0:0:
192,192,67086,1,0,0:0:0:0:
64,192,67086,1,0,0:0:0:0:
448,192,67129,1,0,0:0:0:0:
192,192,67171,1,0,0:0:0:0:
448,192,67257,1,0,0:0:0:0:
320,192,67257,1,0,0:0:0:0:
320,192,67343,1,0,0:0:0:0:
192,192,67343,1,0,0:0:0:0:
64,192,67429,1,0,0:0:0:0:
320,192,67450,1,0,0:0:0:0:
192,192,67471,1,0,0:0:0:0:
448,192,67493,1,0,0:0:0:0:
64,192,67514,1,0,0:0:0:0:
448,192,67600,1,0,0:0:0:0:
192,192,67621,1,0,0:0:0:0:
320,192,67643,1,0,0:0:0:0:
64,192,67664,1,0,0:0:0:0:
448,192,67686,1,0,0:0:0:0:
320,192,67729,1,0,0:0:0:0:
192,192,67771,1,0,0:0:0:0:
64,192,67771,1,0,0:0:0:0:
320,192,67857,1,0,0:0:0:0:
448,192,67900,1,0,0:0:0:0:
192,192,67943,1,0,0:0:0:0:
64,192,67943,1,0,0:0:0:0:
320,192,68029,1,0,0:0:0:0:
448,192,68114,1,0,0:0:0:0:
320,192,68114,1,0,0:0:0:0:
64,192,68114,1,0,0:0:0:0:
448,192,68200,1,0,0:0:0:0:
320,192,68200,1,0,0:0:0:0:
64,192,68200,1,0,0:0:0:0:
192,192,68286,1,0,0:0:0:0:
64,192,68371,1,0,0:0:0:0:
320,192,68457,1,0,0:0:0:0:
192,192,68457,1,0,0:0:0:0:
448,192,68500,1,0,0:0:0:0:
192,192,68543,1,0,0:0:0:0:
64,192,68543,1,0,0:0:0:0:
448,192,68629,1,0,0:0:0:0:
320,192,68629,1,0,0:0:0:0:
320,192,68714,1,0,0:0:0:0:
192,192,68714,1,0,0:0:0:0:
448,192,68800,1,0,0:0:0:0:
192,192,68800,1,0,0:0:0:0:
64,192,68800,1,0,0:0:0:0:
448,192,68886,1,0,0:0:0:0:
320,192,68886,1,0,0:0:0:0:
192,192,68886,1,0,0:0:0:0:
320,192,68971,1,0,0:0:0:0:
64,192,68971,1,0,0:0:0:0:
192,192,69014,1,0,0:0:0:0:
448,192,69057,1,0,0:0:0:0:
192,192,69100,1,0,0:0:0:0:
448,192,69143,1,0,0:0:0:0:
320,192,69143,1,0,0:0:0:0:
320,192,69229,1,0,0:0:0:0:
192,192,69229,1,0,0:0:0:0:
448,192,69314,1,0,0:0:0:0:
64,192,69314,1,0,0:0:0:0:
320,192,69400,1,0,0:0:0:0:
192,192,69400,1,0,0:0:0:0:
448,192,69486,1,0,0:0:0:0:
192,192,69515,1,0,0:0:0:0:
320,192,69543,1,0,0:0:0:0:
64,192,69571,1,0,0:0:0:0:
192,192,69593,1,0,0:0:0:0:
320,192,69614,1,0,0:0:0:0:
448,192,69636,1,0,0:0:0:0:
64,192,69657,1,0,0:0:0:0:
320,192,69743,1,0,0:0:0:0:
192,192,69743,1,0,0:0:0:0:
448,192,69829,1,0,0:0:0:0:
192,192,69871,1,0,0:0:0:0:
64,192,69871,1,0,0:0:0:0:
320,192,69914,1,0,0:0:0:0:
448,192,70000,1,0,0:0:0:0:
320,192,70000,1,0,0:0:0:0:
192,192,70000,1,0,0:0:0:0:
320,192,70086,1,0,0:0:0:0:
192,192,70086,1,0,0:0:0:0:
448,192,70171,1,0,0:0:0:0:
64,192,70171,1,0,0:0:0:0:
192,192,70214,1,0,0:0:0:0:
320,192,70257,1,0,0:0:0:0:
192,192,70300,1,0,0:0:0:0:
320,192,70343,1,0,0:0:0:0:
64,192,70429,1,0,0:0:0:0:
192,192,70471,1,0,0:0:0:0:
448,192,70514,1,0,0:0:0:0:
320,192,70514,1,0,0:0:0:0:
64,192,70600,1,0,0:0:0:0:
192,192,70643,1,0,0:0:0:0:
448,192,70686,1,0,0:0:0:0:
320,192,70686,1,0,0:0:0:0:
448,192,70771,1,0,0:0:0:0:
192,192,70771,1,0,0:0:0:0:
448,192,70857,1,0,0:0:0:0:
64,192,70857,1,0,0:0:0:0:
320,192,70900,1,0,0:0:0:0:
448,192,70943,1,0,0:0:0:0:
192,192,70986,1,0,0:0:0:0:
448,192,71029,1,0,0:0:0:0:
320,192,71029,1,0,0:0:0:0:
64,192,71071,1,0,0:0:0:0:
320,192,71114,1,0,0:0:0:0:
64,192,71157,1,0,0:0:0:0:
448,192,71200,1,0,0:0:0:0:
192,192,71200,1,0,0:0:0:0:
448,192,71286,1,0,0:0:0:0:
320,192,71286,1,0,0:0:0:0:
320,192,71371,1,0,0:0:0:0:
64,192,71371,1,0,0:0:0:0:
192,192,71414,1,0,0:0:0:0:
320,192,71457,1,0,0:0:0:0:
448,192,71500,1,0,0:0:0:0:
320,192,71543,1,0,0:0:0:0:
192,192,71543,1,0,0:0:0:0:
64,192,71543,1,0,0:0:0:0:
448,192,71629,1,0,0:0:0:0:
320,192,71629,1,0,0:0:0:0:
64,192,71629,1,0,0:0:0:0:
448,192,71714,1,0,0:0:0:0:
320,192,71729,1,0,0:0:0:0:
192,192,71743,1,0,0:0:0:0:
448,192,71800,1,0,0:0:0:0:
320,192,71886,1,0,0:0:0:0:
192,192,71886,1,0,0:0:0:0:
64,192,71886,1,0,0:0:0:0:
320,192,71971,1,0,0:0:0:0:
192,192,71971,1,0,0:0:0:0:
64,192,71971,1,0,0:0:0:0:
448,192,72057,1,0,0:0:0:0:
64,192,72057,1,0,0:0:0:0:
320,192,72143,1,0,0:0:0:0:
192,192,72143,1,0,0:0:0:0:
448,192,72229,1,0,0:0:0:0:
192,192,72229,1,0,0:0:0:0:
320,192,72314,1,0,0:0:0:0:
64,192,72314,1,0,0:0:0:0:
448,192,72400,1,0,0:0:0:0:
320,192,72400,1,0,0:0:0:0:
192,192,72400,1,0,0:0:0:0:
192,192,72486,1,0,0:0:0:0:
64,192,72486,1,0,0:0:0:0:
448,192,72571,1,0,0:0:0:0:
320,192,72571,1,0,0:0:0:0:
320,192,72657,1,0,0:0:0:0:
192,192,72657,1,0,0:0:0:0:
448,192,72743,1,0,0:0:0:0:
320,192,72743,1,0,0:0:0:0:
320,192,72829,1,0,0:0:0:0:
64,192,72829,1,0,0:0:0:0:
448,192,72914,1,0,0:0:0:0:
64,192,72914,1,0,0:0:0:0:
320,192,72957,1,0,0:0:0:0:
192,192,73000,1,0,0:0:0:0:
64,192,73043,1,0,0:0:0:0:
448,192,73086,1,0,0:0:0:0:
320,192,73129,1,0,0:0:0:0:
192,192,73171,1,0,0:0:0:0:
64,192,73214,1,0,0:0:0:0:
192,192,73257,1,0,0:0:0:0:
320,192,73300,1,0,0:0:0:0:
448,192,73343,1,0,0:0:0:0:
64,192,73386,1,0,0:0:0:0:
448,192,73429,1,0,0:0:0:0:
192,192,73450,1,0,0:0:0:0:
320,192,73471,1,0,0:0:0:0:
64,192,73493,1,0,0:0:0:0:
448,192,73514,1,0,0:0:0:0:
192,192,73536,1,0,0:0:0:0:
320,192,73557,1,0,0:0:0:0:
64,192,73579,1,0,0:0:0:0:
448,192,73600,1,0,0:0:0:0:
192,192,73600,1,0,0:0:0:0:
448,192,73686,1,0,0:0:0:0:
320,192,73686,1,0,0:0:0:0:
192,192,73686,1,0,0:0:0:0:
448,192,73771,1,0,0:0:0:0:
64,192,73771,1,0,0:0:0:0:
192,192,73814,1,0,0:0:0:0:
320,192,73857,1,0,0:0:0:0:
64,192,73900,1,0,0:0:0:0:
448,192,73943,1,0,0:0:0:0:
192,192,73943,1,0,0:0:0:0:
320,192,74029,1,0,0:0:0:0:
64,192,74029,1,0,0:0:0:0:
448,192,74114,1,0,0:0:0:0:
320,192,74114,1,0,0:0:0:0:
192,192,74114,1,0,0:0:0:0:
448,192,74200,1,0,0:0:0:0:
192,192,74200,1,0,0:0:0:0:
448,192,74286,1,0,0:0:0:0:
192,192,74286,1,0,0:0:0:0:
448,192,74371,1,0,0:0:0:0:
192,192,74371,1,0,0:0:0:0:
320,192,74457,1,0,0:0:0:0:
192,192,74457,1,0,0:0:0:0:
320,192,74543,1,0,0:0:0:0:
64,192,74543,1,0,0:0:0:0:
448,192,74629,1,0,0:0:0:0:
320,192,74629,1,0,0:0:0:0:
64,192,74629,1,0,0:0:0:0:
448,192,74714,1,0,0:0:0:0:
320,192,74714,1,0,0:0:0:0:
64,192,74714,1,0,0:0:0:0:
192,192,74800,1,0,0:0:0:0:
448,192,74886,1,0,0:0:0:0:
320,192,74886,1,0,0:0:0:0:
64,192,74886,1,0,0:0:0:0:
192,192,74929,1,0,0:0:0:0:
448,192,74971,1,0,0:0:0:0:
320,192,74986,1,0,0:0:0:0:
192,192,75000,1,0,0:0:0:0:
64,192,75014,1,0,0:0:0:0:
320,192,75057,1,0,0:0:0:0:
448,192,75072,1,0,0:0:0:0:
64,192,75100,1,0,0:0:0:0:
192,192,75115,1,0,0:0:0:0:
448,192,75143,1,0,0:0:0:0:
320,192,75143,1,0,0:0:0:0:
64,192,75229,1,0,0:0:0:0:
192,192,75271,1,0,0:0:0:0:
320,192,75314,1,0,0:0:0:0:
64,192,75314,1,0,0:0:0:0:
448,192,75400,1,0,0:0:0:0:
320,192,75400,1,0,0:0:0:0:
192,192,75486,1,0,0:0:0:0:
64,192,75486,1,0,0:0:0:0:
320,192,75529,1,0,0:0:0:0:
448,192,75571,1,0,0:0:0:0:
64,192,75614,1,0,0:0:0:0:
320,192,75657,1,0,0:0:0:0:
192,192,75657,1,0,0:0:0:0:
448,192,75743,1,0,0:0:0:0:
320,192,75743,1,0,0:0:0:0:
448,192,75829,1,0,0:0:0:0:
64,192,75829,1,0,0:0:0:0:
448,192,75914,1,0,0:0:0:0:
320,192,75914,1,0,0:0:0:0:
192,192,75914,1,0,0:0:0:0:
448,192,76000,1,0,0:0:0:0:
320,192,76000,1,0,0:0:0:0:
192,192,76086,1,0,0:0:0:0:
64,192,76086,1,0,0:0:0:0:
448,192,76171,1,0,0:0:0:0:
320,192,76171,1,0,0:0:0:0:
320,192,76257,1,0,0:0:0:0:
192,192,76257,1,0,0:0:0:0:
448,192,76343,1,0,0:0:0:0:
64,192,76343,1,0,0:0:0:0:
192,192,76386,1,0,0:0:0:0:
320,192,76429,1,0,0:0:0:0:
192,192,76471,1,0,0:0:0:0:
448,192,76514,1,0,0:0:0:0:
64,192,76514,1,0,0:0:0:0:
192,192,76600,1,0,0:0:0:0:
320,192,76643,1,0,0:0:0:0:
448,192,76686,1,0,0:0:0:0:
64,192,76686,1,0,0:0:0:0:
448,192,76771,1,0,0:0:0:0:
64,192,76771,1,0,0:0:0:0:
448,192,76857,1,0,0:0:0:0:
320,192,76857,1,0,0:0:0:0:
192,192,76857,1,0,0:0:0:0:
320,192,76943,1,0,0:0:0:0:
192,192,76943,1,0,0:0:0:0:
448,192,77029,1,0,0:0:0:0:
192,192,77029,1,0,0:0:0:0:
64,192,77029,1,0,0:0:0:0:
320,192,77114,1,0,0:0:0:0:
192,192,77114,1,0,0:0:0:0:
448,192,77200,1,0,0:0:0:0:
320,192,77200,1,0,0:0:0:0:
320,192,77286,1,0,0:0:0:0:
192,192,77286,1,0,0:0:0:0:
320,192,77371,1,0,0:0:0:0:
64,192,77371,1,0,0:0:0:0:
448,192,77457,1,0,0:0:0:0:
192,192,77457,1,0,0:0:0:0:
320,192,77543,1,0,0:0:0:0:
64,192,77543,1,0,0:0:0:0:
448,192,77629,1,0,0:0:0:0:
320,192,77629,1,0,0:0:0:0:
64,192,77629,1,0,0:0:0:0:
64,192,77714,1,0,0:0:0:0:
192,192,77743,1,0,0:0:0:0:
320,192,77772,1,0,0:0:0:0:
64,192,77800,1,0,0:0:0:0:
448,192,77829,1,0,0:0:0:0:
192,192,77857,1,0,0:0:0:0:
320,192,77886,1,0,0:0:0:0:
448,192,77907,1,0,0:0:0:0:
64,192,77929,1,0,0:0:0:0:
192,192,77950,1,0,0:0:0:0:
320,192,77971,1,0,0:0:0:0:
448,192,77993,1,0,0:0:0:0:
64,192,78014,1,0,0:0:0:0:
192,192,78036,1,0,0:0:0:0:
448,192,78057,1,0,0:0:0:0:
320,192,78057,1,0,0:0:0:0:
320,192,78143,1,0,0:0:0:0:
192,192,78143,1,0,0:0:0:0:
192,192,78229,1,0,0:0:0:0:
64,192,78229,1,0,0:0:0:0:
448,192,78314,1,0,0:0:0:0:
192,192,78314,1,0,0:0:0:0:
448,192,78400,1,0,0:0:0:0:
64,192,78400,1,0,0:0:0:0:
320,192,78429,1,0,0:0:0:0:
192,192,78457,1,0,0:0:0:0:
448,192,78486,1,0,0:0:0:0:
64,192,78515,1,0,0:0:0:0:
192,192,78543,1,0,0:0:0:0:
448,192,78571,1,0,0:0:0:0:
320,192,78571,1,0,0:0:0:0:
192,192,78657,1,0,0:0:0:0:
64,192,78657,1,0,0:0:0:0:
448,192,78743,1,0,0:0:0:0:
320,192,78743,1,0,0:0:0:0:
64,192,78743,1,0,0:0:0:0:
320,192,78829,1,0,0:0:0:0:
192,192,78829,1,0,0:0:0:0:
448,192,78914,1,0,0:0:0:0:
320,192,78914,1,0,0:0:0:0:
320,192,79000,1,0,0:0:0:0:
192,192,79000,1,0,0:0:0:0:
64,192,79000,1,0,0:0:0:0:
192,192,79086,1,0,0:0:0:0:
64,192,79086,1,0,0:0:0:0:
448,192,79171,1,0,0:0:0:0:
320,192,79171,1,0,0:0:0:0:
320,192,79257,1,0,0:0:0:0:
192,192,79257,1,0,0:0:0:0:
320,192,79343,1,0,0:0:0:0:
64,192,79343,1,0,0:0:0:0:
448,192,79429,1,0,0:0:0:0:
192,192,79429,1,0,0:0:0:0:
320,192,79514,1,0,0:0:0:0:
192,192,79514,1,0,0:0:0:0:
320,192,79600,1,0,0:0:0:0:
64,192,79600,1,0,0:0:0:0:
192,192,79686,1,0,0:0:0:0:
64,192,79686,1,0,0:0:0:0:
448,192,79771,1,0,0:0:0:0:
64,192,79771,1,0,0:0:0:0:
320,192,79814,1,0,0:0:0:0:
192,192,79857,1,0,0:0:0:0:
320,192,79900,1,0,0:0:0:0:
192,192,79943,1,0,0:0:0:0:
64,192,79943,1,0,0:0:0:0:
448,192,80029,1,0,0:0:0:0:
320,192,80029,1,0,0:0:0:0:
192,192,80029,1,0,0:0:0:0:
320,192,80114,1,0,0:0:0:0:
192,192,80114,1,0,0:0:0:0:
448,192,80200,1,0,0:0:0:0:
64,192,80200,1,0,0:0:0:0:
448,192,80286,1,0,0:0:0:0:
320,192,80286,1,0,0:0:0:0:
320,192,80371,1,0,0:0:0:0:
192,192,80371,1,0,0:0:0:0:
64,192,80457,1,0,0:0:0:0:
192,192,80486,1,0,0:0:0:0:
320,192,80515,1,0,0:0:0:0:
64,192,80543,1,0,0:0:0:0:
448,192,80572,1,0,0:0:0:0:
320,192,80600,1,0,0:0:0:0:
192,192,80629,1,0,0:0:0:0:
64,192,80629,1,0,0:0:0:0:
448,192,80714,1,0,0:0:0:0:
320,192,80714,1,0,0:0:0:0:
320,192,80800,1,0,0:0:0:0:
192,192,80800,1,0,0:0:0:0:
448,192,80886,1,0,0:0:0:0:
192,192,80886,1,0,0:0:0:0:
448,192,80971,1,0,0:0:0:0:
64,192,80971,1,0,0:0:0:0:
448,192,81057,1,0,0:0:0:0:
320,192,81057,1,0,0:0:0:0:
320,192,81143,1,0,0:0:0:0:
192,192,81143,1,0,0:0:0:0:
64,192,81143,1,0,0:0:0:0:
320,192,81229,1,0,0:0:0:0:
192,192,81229,1,0,0:0:0:0:
448,192,81314,1,0,0:0:0:0:
192,192,81314,1,0,0:0:0:0:
448,192,81400,1,0,0:0:0:0:
320,192,81400,1,0,0:0:0:0:
448,192,81486,1,0,0:0:0:0:
64,192,81486,1,0,0:0:0:0:
320,192,81571,1,0,0:0:0:0:
192,192,81571,1,0,0:0:0:0:
448,192,81657,1,0,0:0:0:0:
64,192,81657,1,0,0:0:0:0:
192,192,81700,1,0,0:0:0:0:
320,192,81743,1,0,0:0:0:0:
448,192,81786,1,0,0:0:0:0:
192,192,81829,1,0,0:0:0:0:
64,192,81829,1,0,0:0:0:0:
448,192,81914,1,0,0:0:0:0:
320,192,81914,1,0,0:0:0:0:
64,192,81914,1,0,0:0:0:0:
320,192,82000,1,0,0:0:0:0:
192,192,82000,1,0,0:0:0:0:
448,192,82086,1,0,0:0:0:0:
320,192,82086,1,0,0:0:0:0:
64,192,82171,1,0,0:0:0:0:
320,192,82193,1,0,0:0:0:0:
192,192,82214,1,0,0:0:0:0:
448,192,82236,1,0,0:0:0:0:
320,192,82257,1,0,0:0:0:0:
192,192,82343,1,0,0:0:0:0:
64,192,82343,1,0,0:0:0:0:
320,192,82386,1,0,0:0:0:0:
192,192,82429,1,0,0:0:0:0:
64,192,82429,1,0,0:0:0:0:
448,192,82514,1,0,0:0:0:0:
320,192,82514,1,0,0:0:0:0:
320,192,82600,1,0,0:0:0:0:
192,192,82600,1,0,0:0:0:0:
320,192,82686,1,0,0:0:0:0:
64,192,82686,1,0,0:0:0:0:
192,192,82729,1,0,0:0:0:0:
320,192,82771,1,0,0:0:0:0:
448,192,82814,1,0,0:0:0:0:
320,192,82857,1,0,0:0:0:0:
192,192,82857,1,0,0:0:0:0:
64,192,82857,1,0,0:0:0:0:
448,192,82943,1,0,0:0:0:0:
320,192,82943,1,0,0:0:0:0:
320,192,83029,1,0,0:0:0:0:
192,192,83029,1,0,0:0:0:0:
64,192,83029,1,0,0:0:0:0:
192,192,83114,1,0,0:0:0:0:
64,192,83114,1,0,0:0:0:0:
448,192,83200,1,0,0:0:0:0:
320,192,83200,1,0,0:0:0:0:
448,192,83371,1,0,0:0:0:0:
64,192,83371,1,0,0:0:0:0:
320,192,83386,1,0,0:0:0:0:
192,192,83457,1,0,0:0:0:0:
64,192,83457,1,0,0:0:0:0:
320,192,83472,1,0,0:0:0:0:
448,192,83543,1,0,0:0:0:0:
64,192,83543,1,0,0:0:0:0:
448,192,83714,1,0,0:0:0:0:
320,192,83714,1,0,0:0:0:0:
192,192,83714,1,0,0:0:0:0:
320,192,83800,1,0,0:0:0:0:
64,192,83800,1,0,0:0:0:0:
448,192,83886,1,0,0:0:0:0:
64,192,83886,1,0,0:0:0:0:
192,192,83971,1,0,0:0:0:0:
64,192,83971,1,0,0:0:0:0:
448,192,84057,1,0,0:0:0:0:
320,192,84057,1,0,0:0:0:0:
192,192,84057,1,0,0:0:0:0:
448,192,84143,1,0,0:0:0:0:
320,192,84143,1,0,0:0:0:0:
64,192,84143,1,0,0:0:0:0:
448,192,84229,1,0,0:0:0:0:
64,192,84229,1,0,0:0:0:0:
192,192,84271,1,0,0:0:0:0:
320,192,84314,1,0,0:0:0:0:
448,192,84357,1,0,0:0:0:0:
320,192,84400,1,0,0:0:0:0:
64,192,84400,1,0,0:0:0:0:
320,192,84486,1,0,0:0:0:0:
192,192,84486,1,0,0:0:0:0:
192,192,84571,1,0,0:0:0:0:
64,192,84571,1,0,0:0:0:0:
320,192,84614,1,0,0:0:0:0:
448,192,84657,1,0,0:0:0:0:
320,192,84700,1,0,0:0:0:0:
448,192,84743,1,0,0:0:0:0:
192,192,84743,1,0,0:0:0:0:
448,192,84829,1,0,0:0:0:0:
320,192,84829,1,0,0:0:0:0:
320,192,84914,1,0,0:0:0:0:
192,192,84914,1,0,0:0:0:0:
448,192,84957,1,0,0:0:0:0:
192,192,85000,1,0,0:0:0:0:
64,192,85000,1,0,0:0:0:0:
320,192,85043,1,0,0:0:0:0:
448,192,85086,1,0,0:0:0:0:
192,192,85086,1,0,0:0:0:0:
64,192,85129,1,0,0:0:0:0:
448,192,85171,1,0,0:0:0:0:
320,192,85171,1,0,0:0:0:0:
192,192,85214,1,0,0:0:0:0:
448,192,85257,1,0,0:0:0:0:
64,192,85257,1,0,0:0:0:0:
448,192,85343,1,0,0:0:0:0:
320,192,85343,1,0,0:0:0:0:
448,192,85429,1,0,0:0:0:0:
64,192,85429,1,0,0:0:0:0:
448,192,85514,1,0,0:0:0:0:
320,192,85514,1,0,0:0:0:0:
192,192,85514,1,0,0:0:0:0:
320,192,85600,1,0,0:0:0:0:
64,192,85600,1,0,0:0:0:0:
192,192,85686,1,0,0:0:0:0:
64,192,85686,1,0,0:0:0:0:
448,192,85771,1,0,0:0:0:0:
320,192,85771,1,0,0:0:0:0:
320,192,85857,1,0,0:0:0:0:
192,192,85857,1,0,0:0:0:0:
448,192,85943,1,0,0:0:0:0:
192,192,85964,1,0,0:0:0:0:
320,192,85986,1,0,0:0:0:0:
64,192,86007,1,0,0:0:0:0:
448,192,86029,1,0,0:0:0:0:
192,192,86050,1,0,0:0:0:0:
320,192,86071,1,0,0:0:0:0:
64,192,86093,1,0,0:0:0:0:
448,192,86114,1,0,0:0:0:0:
320,192,86200,1,0,0:0:0:0:
192,192,86200,1,0,0:0:0:0:
64,192,86272,1,0,0:0:0:0:
448,192,86286,1,0,0:0:0:0:
320,192,86286,1,0,0:0:0:0:
320,192,86371,1,0,0:0:0:0:
192,192,86371,1,0,0:0:0:0:
448,192,86457,1,0,0:0:0:0:
320,192,86457,1,0,0:0:0:0:
192,192,86475,1,0,0:0:0:0:
64,192,86493,1,0,0:0:0:0:
448,192,86511,1,0,0:0:0:0:
320,192,86529,1,0,0:0:0:0:
192,192,86543,1,0,0:0:0:0:
64,192,86561,1,0,0:0:0:0:
448,192,86579,1,0,0:0:0:0:
320,192,86593,1,0,0:0:0:0:
192,192,86611,1,0,0:0:0:0:
64,192,86629,1,0,0:0:0:0:
320,192,86671,1,0,0:0:0:0:
448,192,86714,1,0,0:0:0:0:
64,192,86714,1,0,0:0:0:0:
320,192,86757,1,0,0:0:0:0:
192,192,86800,1,0,0:0:0:0:
64,192,86800,1,0,0:0:0:0:
448,192,86886,1,0,0:0:0:0:
192,192,86886,1,0,0:0:0:0:
448,192,86971,1,0,0:0:0:0:
320,192,86971,1,0,0:0:0:0:
192,192,87057,1,0,0:0:0:0:
64,192,87057,1,0,0:0:0:0:
448,192,87143,1,0,0:0:0:0:
192,192,87143,1,0,0:0:0:0:
64,192,87143,1,0,0:0:0:0:
320,192,87229,1,0,0:0:0:0:
192,192,87229,1,0,0:0:0:0:
448,192,87314,1,0,0:0:0:0:
64,192,87314,1,0,0:0:0:0:
192,192,87357,1,0,0:0:0:0:
320,192,87400,1,0,0:0:0:0:
64,192,87443,1,0,0:0:0:0:
448,192,87486,1,0,0:0:0:0:
192,192,87486,1,0,0:0:0:0:
448,192,87571,1,0,0:0:0:0:
320,192,87571,1,0,0:0:0:0:
64,192,87614,1,0,0:0:0:0:
448,192,87657,1,0,0:0:0:0:
192,192,87657,1,0,0:0:0:0:
448,192,87743,1,0,0:0:0:0:
320,192,87743,1,0,0:0:0:0:
192,192,87786,1,0,0:0:0:0:
320,192,87829,1,0,0:0:0:0:
64,192,87829,1,0,0:0:0:0:
448,192,87914,1,0,0:0:0:0:
320,192,87914,1,0,0:0:0:0:
448,192,88000,1,0,0:0:0:0:
192,192,88000,1,0,0:0:0:0:
64,192,88000,1,0,0:0:0:0:
320,192,88086,1,0,0:0:0:0:
192,192,88086,1,0,0:0:0:0:
448,192,88171,1,0,0:0:0:0:
320,192,88171,1,0,0:0:0:0:
320,192,88257,1,0,0:0:0:0:
64,192,88257,1,0,0:0:0:0:
320,192,88343,1,0,0:0:0:0:
192,192,88343,1,0,0:0:0:0:
448,192,88429,1,0,0:0:0:0:
192,192,88429,1,0,0:0:0:0:
64,192,88429,1,0,0:0:0:0:
448,192,88514,1,0,0:0:0:0:
320,192,88514,1,0,0:0:0:0:
448,192,88600,1,0,0:0:0:0:
192,192,88600,1,0,0:0:0:0:
320,192,88643,1,0,0:0:0:0:
448,192,88686,1,0,0:0:0:0:
64,192,88686,1,0,0:0:0:0:
448,192,88771,1,0,0:0:0:0:
320,192,88814,1,0,0:0:0:0:
64,192,88857,1,0,0:0:0:0:
192,192,88879,1,0,0:0:0:0:
320,192,88900,1,0,0:0:0:0:
448,192,88921,1,0,0:0:0:0:
64,192,88943,1,0,0:0:0:0:
192,192,88964,1,0,0:0:0:0:
448,192,88986,1,0,0:0:0:0:
320,192,89007,1,0,0:0:0:0:
192,192,89029,1,0,0:0:0:0:
64,192,89029,1,0,0:0:0:0:
448,192,89114,1,0,0:0:0:0:
320,192,89114,1,0,0:0:0:0:
64,192,89114,1,0,0:0:0:0:
320,192,89200,1,0,0:0:0:0:
192,192,89200,1,0,0:0:0:0:
448,192,89286,1,0,0:0:0:0:
192,192,89286,1,0,0:0:0:0:
448,192,89371,1,0,0:0:0:0:
64,192,89371,1,0,0:0:0:0:
192,192,89414,1,0,0:0:0:0:
448,192,89457,1,0,0:0:0:0:
320,192,89457,1,0,0:0:0:0:
192,192,89500,1,0,0:0:0:0:
320,192,89543,1,0,0:0:0:0:
64,192,89543,1,0,0:0:0:0:
448,192,89629,1,0,0:0:0:0:
320,192,89629,1,0,0:0:0:0:
448,192,89714,1,0,0:0:0:0:
192,192,89757,1,0,0:0:0:0:
64,192,89757,1,0,0:0:0:0:
320,192,89800,1,0,0:0:0:0:
192,192,89843,1,0,0:0:0:0:
64,192,89843,1,0,0:0:0:0:
448,192,89886,1,0,0:0:0:0:
320,192,89971,1,0,0:0:0:0:
64,192,89971,1,0,0:0:0:0:
448,192,90057,1,0,0:0:0:0:
192,192,90057,1,0,0:0:0:0:
448,192,90143,1,0,0:0:0:0:
320,192,90143,1,0,0:0:0:0:
64,192,90229,1,0,0:0:0:0:
320,192,90257,1,0,0:0:0:0:
192,192,90286,1,0,0:0:0:0:
448,192,90314,1,0,0:0:0:0:
64,192,90343,1,0,0:0:0:0:
320,192,90372,1,0,0:0:0:0:
448,192,90400,1,0,0:0:0:0:
192,192,90429,1,0,0:0:0:0:
320,192,90457,1,0,0:0:0:0:
64,192,90486,1,0,0:0:0:0:
192,192,90515,1,0,0:0:0:0:
320,192,90543,1,0,0:0:0:0:
448,192,90571,1,0,0:0:0:0:
64,192,90600,1,0,0:0:0:0:
320,192,90629,1,0,0:0:0:0:
192,192,90657,1,0,0:0:0:0:
448,192,90686,1,0,0:0:0:0:
320,192,90715,1,0,0:0:0:0:
64,192,90743,1,0,0:0:0:0:
448,192,90764,1,0,0:0:0:0:
192,192,90786,1,0,0:0:0:0:
320,192,90807,1,0,0:0:0:0:
448,192,90829,1,0,0:0:0:0:
64,192,90829,1,0,0:0:0:0:
448,192,90914,1,0,0:0:0:0:
192,192,90914,1,0,0:0:0:0:
320,192,91000,1,0,0:0:0:0:
64,192,91000,1,0,0:0:0:0:
448,192,91086,1,0,0:0:0:0:
320,192,91086,1,0,0:0:0:0:
320,192,91171,1,0,0:0:0:0:
192,192,91171,1,0,0:0:0:0:
448,192,91214,1,0,0:0:0:0:
192,192,91257,1,0,0:0:0:0:
64,192,91257,1,0,0:0:0:0:
320,192,91343,1,0,0:0:0:0:
64,192,91343,1,0,0:0:0:0:
192,192,91386,1,0,0:0:0:0:
448,192,91429,1,0,0:0:0:0:
64,192,91429,1,0,0:0:0:0:
448,192,91514,1,0,0:0:0:0:
320,192,91514,1,0,0:0:0:0:
448,192,91600,1,0,0:0:0:0:
320,192,91600,1,0,0:0:0:0:
192,192,91672,1,0,0:0:0:0:
320,192,91686,1,0,0:0:0:0:
64,192,91686,1,0,0:0:0:0:
192,192,91771,1,0,0:0:0:0:
64,192,91771,1,0,0:0:0:0:
448,192,91857,1,0,0:0:0:0:
320,192,91857,1,0,0:0:0:0:
320,192,91943,1,0,0:0:0:0:
192,192,91943,1,0,0:0:0:0:
192,192,92029,1,0,0:0:0:0:
64,192,92029,1,0,0:0:0:0:
448,192,92114,1,0,0:0:0:0:
320,192,92114,1,0,0:0:0:0:
448,192,92200,1,0,0:0:0:0:
320,192,92200,1,0,0:0:0:0:
192,192,92286,1,0,0:0:0:0:
64,192,92286,1,0,0:0:0:0:
320,192,92329,1,0,0:0:0:0:
448,192,92371,1,0,0:0:0:0:
192,192,92371,1,0,0:0:0:0:
64,192,92414,1,0,0:0:0:0:
448,192,92457,1,0,0:0:0:0:
320,192,92457,1,0,0:0:0:0:
192,192,92500,1,0,0:0:0:0:
320,192,92543,1,0,0:0:0:0:
192,192,92586,1,0,0:0:0:0:
448,192,92629,1,0,0:0:0:0:
64,192,92629,1,0,0:0:0:0:
320,192,92714,1,0,0:0:0:0:
192,192,92714,1,0,0:0:0:0:
448,192,92800,1,0,0:0:0:0:
320,192,92800,1,0,0:0:0:0:
192,192,92800,1,0,0:0:0:0:
448,192,92886,1,0,0:0:0:0:
192,192,92886,1,0,0:0:0:0:
320,192,92971,1,0,0:0:0:0:
64,192,92971,1,0,0:0:0:0:
448,192,93057,1,0,0:0:0:0:
320,192,93057,1,0,0:0:0:0:
192,192,93143,1,0,0:0:0:0:
64,192,93143,1,0,0:0:0:0:
320,192,93229,1,0,0:0:0:0:
64,192,93229,1,0,0:0:0:0:
448,192,93314,1,0,0:0:0:0:
320,192,93314,1,0,0:0:0:0:
320,192,93400,1,0,0:0:0:0:
192,192,93400,1,0,0:0:0:0:
448,192,93443,1,0,0:0:0:0:
320,192,93486,1,0,0:0:0:0:
64,192,93486,1,0,0:0:0:0:
192,192,93529,1,0,0:0:0:0:
448,192,93571,1,0,0:0:0:0:
320,192,93571,1,0,0:0:0:0:
192,192,93614,1,0,0:0:0:0:
320,192,93657,1,0,0:0:0:0:
64,192,93657,1,0,0:0:0:0:
448,192,93743,1,0,0:0:0:0:
320,192,93743,1,0,0:0:0:0:
64,192,93829,1,0,0:0:0:0:
64,192,93871,1,0,0:0:0:0:
448,192,93914,1,0,0:0:0:0:
320,192,93914,1,0,0:0:0:0:
192,192,94000,1,0,0:0:0:0:
64,192,94000,1,0,0:0:0:0:
320,192,94043,1,0,0:0:0:0:
448,192,94086,1,0,0:0:0:0:
320,192,94129,1,0,0:0:0:0:
448,192,94171,1,0,0:0:0:0:
64,192,94171,1,0,0:0:0:0:
320,192,94257,1,0,0:0:0:0:
192,192,94257,1,0,0:0:0:0:
448,192,94343,1,0,0:0:0:0:
320,192,94364,1,0,0:0:0:0:
192,192,94386,1,0,0:0:0:0:
64,192,94407,1,0,0:0:0:0:
448,192,94429,1,0,0:0:0:0:
320,192,94450,1,0,0:0:0:0:
192,192,94471,1,0,0:0:0:0:
64,192,94493,1,0,0:0:0:0:
448,192,94514,1,0,0:0:0:0:
192,192,94543,1,0,0:0:0:0:
320,192,94572,1,0,0:0:0:0:
64,192,94600,1,0,0:0:0:0:
192,192,94629,1,0,0:0:0:0:
320,192,94657,1,0,0:0:0:0:
448,192,94686,1,0,0:0:0:0:
64,192,94686,1,0,0:0:0:0:
320,192,94729,1,0,0:0:0:0:
192,192,94729,1,0,0:0:0:0:
448,192,94771,1,0,0:0:0:0:
320,192,94814,1,0,0:0:0:0:
192,192,94814,1,0,0:0:0:0:
448,192,94857,1,0,0:0:0:0:
64,192,94857,1,0,0:0:0:0:
448,192,94943,1,0,0:0:0:0:
320,192,94943,1,0,0:0:0:0:
192,192,94943,1,0,0:0:0:0:
320,192,95029,1,0,0:0:0:0:
192,192,95029,1,0,0:0:0:0:
192,192,95114,1,0,0:0:0:0:
64,192,95114,1,0,0:0:0:0:
320,192,95200,1,0,0:0:0:0:
192,192,95200,1,0,0:0:0:0:
64,192,95243,1,0,0:0:0:0:
448,192,95286,1,0,0:0:0:0:
320,192,95286,1,0,0:0:0:0:
192,192,95329,1,0,0:0:0:0:
320,192,95371,1,0,0:0:0:0:
64,192,95371,1,0,0:0:0:0:
448,192,95457,1,0,0:0:0:0:
320,192,95457,1,0,0:0:0:0:
448,192,95543,1,0,0:0:0:0:
64,192,95543,1,0,0:0:0:0:
320,192,95629,1,0,0:0:0:0:
192,192,95629,1,0,0:0:0:0:
320,192,95714,1,0,0:0:0:0:
64,192,95714,1,0,0:0:0:0:
448,192,95800,1,0,0:0:0:0:
320,192,95800,1,0,0:0:0:0:
64,192,95886,1,0,0:0:0:0:
192,192,95915,1,0,0:0:0:0:
320,192,95943,1,0,0:0:0:0:
192,192,95971,1,0,0:0:0:0:
64,192,96000,1,0,0:0:0:0:
320,192,96029,1,0,0:0:0:0:
192,192,96057,1,0,0:0:0:0:
448,192,96086,1,0,0:0:0:0:
192,192,96115,1,0,0:0:0:0:
320,192,96143,1,0,0:0:0:0:
64,192,96172,1,0,0:0:0:0:
192,192,96200,1,0,0:0:0:0:
448,192,96229,1,0,0:0:0:0:
320,192,96229,1,0,0:0:0:0:
448,192,96314,1,0,0:0:0:0:
320,192,96314,1,0,0:0:0:0:
448,192,96400,1,0,0:0:0:0:
320,192,96421,1,0,0:0:0:0:
192,192,96443,1,0,0:0:0:0:
64,192,96464,1,0,0:0:0:0:
448,192,96486,1,0,0:0:0:0:
320,192,96507,1,0,0:0:0:0:
64,192,96529,1,0,0:0:0:0:
192,192,96550,1,0,0:0:0:0:
448,192,96571,1,0,0:0:0:0:
320,192,96571,1,0,0:0:0:0:
448,192,96657,1,0,0:0:0:0:
320,192,96657,1,0,0:0:0:0:
448,192,96743,1,0,0:0:0:0:
64,192,96743,1,0,0:0:0:0:
320,192,96786,1,0,0:0:0:0:
192,192,96786,1,0,0:0:0:0:
448,192,96829,1,0,0:0:0:0:
64,192,96829,1,0,0:0:0:0:
320,192,96871,1,0,0:0:0:0:
192,192,96871,1,0,0:0:0:0:
448,192,96914,1,0,0:0:0:0:
64,192,96914,1,0,0:0:0:0:
448,192,97000,1,0,0:0:0:0:
192,192,97000,1,0,0:0:0:0:
320,192,97086,1,0,0:0:0:0:
64,192,97086,1,0,0:0:0:0:
192,192,97171,1,0,0:0:0:0:
448,192,97214,1,0,0:0:0:0:
320,192,97214,1,0,0:0:0:0:
192,192,97257,1,0,0:0:0:0:
64,192,97257,1,0,0:0:0:0:
320,192,97300,1,0,0:0:0:0:
448,192,97343,1,0,0:0:0:0:
192,192,97343,1,0,0:0:0:0:
448,192,97429,1,0,0:0:0:0:
320,192,97429,1,0,0:0:0:0:
192,192,97514,1,0,0:0:0:0:
64,192,97514,1,0,0:0:0:0:
320,192,97600,1,0,0:0:0:0:
448,192,97621,1,0,0:0:0:0:
192,192,97643,1,0,0:0:0:0:
64,192,97664,1,0,0:0:0:0:
320,192,97686,1,0,0:0:0:0:
64,192,97771,1,0,0:0:0:0:
192,192,97793,1,0,0:0:0:0:
320,192,97814,1,0,0:0:0:0:
448,192,97836,1,0,0:0:0:0:
192,192,97857,1,0,0:0:0:0:
64,192,97857,1,0,0:0:0:0:
448,192,97943,1,0,0:0:0:0:
64,192,97943,1,0,0:0:0:0:
320,192,97986,1,0,0:0:0:0:
192,192,98029,1,0,0:0:0:0:
448,192,98114,1,0,0:0:0:0:
64,192,98114,1,0,0:0:0:0:
192,192,98157,1,0,0:0:0:0:
448,192,98200,1,0,0:0:0:0:
320,192,98200,1,0,0:0:0:0:
320,192,98286,1,0,0:0:0:0:
192,192,98286,1,0,0:0:0:0:
64,192,98286,1,0,0:0:0:0:
320,192,98371,1,0,0:0:0:0:
192,192,98371,1,0,0:0:0:0:
64,192,98371,1,0,0:0:0:0:
448,192,98457,1,0,0:0:0:0:
192,192,98457,1,0,0:0:0:0:
448,192,98543,1,0,0:0:0:0:
320,192,98543,1,0,0:0:0:0:
320,192,98629,1,0,0:0:0:0:
192,192,98629,1,0,0:0:0:0:
448,192,98714,1,0,0:0:0:0:
64,192,98714,1,0,0:0:0:0:
192,192,98800,1,0,0:0:0:0:
64,192,98800,1,0,0:0:0:0:
448,192,98886,1,0,0:0:0:0:
320,192,98886,1,0,0:0:0:0:
64,192,98971,1,0,0:0:0:0:
192,192,99000,1,0,0:0:0:0:
448,192,99029,1,0,0:0:0:0:
320,192,99057,1,0,0:0:0:0:
64,192,99086,1,0,0:0:0:0:
192,192,99115,1,0,0:0:0:0:
320,192,99143,1,0,0:0:0:0:
192,192,99172,1,0,0:0:0:0:
64,192,99200,1,0,0:0:0:0:
448,192,99229,1,0,0:0:0:0:
192,192,99257,1,0,0:0:0:0:
320,192,99286,1,0,0:0:0:0:
64,192,99314,1,0,0:0:0:0:
448,192,99343,1,0,0:0:0:0:
320,192,99372,1,0,0:0:0:0:
192,192,99400,1,0,0:0:0:0:
320,192,99457,1,0,0:0:0:0:
448,192,99486,1,0,0:0:0:0:
64,192,99515,1,0,0:0:0:0:
320,192,99543,1,0,0:0:0:0:
192,192,99571,1,0,0:0:0:0:
448,192,99600,1,0,0:0:0:0:
320,192,99629,1,0,0:0:0:0:
192,192,99657,1,0,0:0:0:0:
64,192,99657,1,0,0:0:0:0:
448,192,99743,1,0,0:0:0:0:
320,192,99743,1,0,0:0:0:0:
192,192,99743,1,0,0:0:0:0:
192,192,99829,1,0,0:0:0:0:
64,192,99829,1,0,0:0:0:0:
448,192,99914,1,0,0:0:0:0:
192,192,99914,1,0,0:0:0:0:
448,192,100000,1,0,0:0:0:0:
64,192,100000,1,0,0:0:0:0:
320,192,100043,1,0,0:0:0:0:
192,192,100043,1,0,0:0:0:0:
448,192,100086,1,0,0:0:0:0:
64,192,100086,1,0,0:0:0:0:
320,192,100129,1,0,0:0:0:0:
192,192,100129,1,0,0:0:0:0:
448,192,100171,1,0,0:0:0:0:
64,192,100171,1,0,0:0:0:0:
448,192,100257,1,0,0:0:0:0:
192,192,100257,1,0,0:0:0:0:
448,192,100343,1,0,0:0:0:0:
64,192,100343,1,0,0:0:0:0:
320,192,100386,1,0,0:0:0:0:
192,192,100429,1,0,0:0:0:0:
448,192,100471,1,0,0:0:0:0:
64,192,100514,1,0,0:0:0:0:
320,192,100557,1,0,0:0:0:0:
192,192,100600,1,0,0:0:0:0:
448,192,100643,1,0,0:0:0:0:
64,192,100686,1,0,0:0:0:0:
320,192,100729,1,0,0:0:0:0:
192,192,100771,1,0,0:0:0:0:
448,192,100814,1,0,0:0:0:0:
64,192,100857,1,0,0:0:0:0:
320,192,100900,1,0,0:0:0:0:
192,192,100943,1,0,0:0:0:0:
448,192,100986,1,0,0:0:0:0:
64,192,101029,1,0,0:0:0:0:
320,192,101057,1,0,0:0:0:0:
192,192,101086,1,0,0:0:0:0:
448,192,101114,1,0,0:0:0:0:
320,192,101143,1,0,0:0:0:0:
64,192,101172,1,0,0:0:0:0:
192,192,101200,1,0,0:0:0:0:
448,192,101229,1,0,0:0:0:0:
320,192,101257,1,0,0:0:0:0:
64,192,101286,1,0,0:0:0:0:
320,192,101315,1,0,0:0:0:0:
192,192,101343,1,0,0:0:0:0:
448,192,101371,1,0,0:0:0:0:
64,192,101400,1,0,0:0:0:0:
192,192,101429,1,0,0:0:0:0:
448,192,101457,1,0,0:0:0:0:
320,192,101486,1,0,0:0:0:0:
64,192,101515,1,0,0:0:0:0:
192,192,101543,1,0,0:0:0:0:
448,192,101572,1,0,0:0:0:0:
320,192,101600,1,0,0:0:0:0:
192,192,101629,1,0,0:0:0:0:
448,192,101657,1,0,0:0:0:0:
320,192,101686,1,0,0:0:0:0:
192,0,101714,128,0,102914:1:0:0:0:
64,0,101714,128,0,102914:1:0:0:0:
