osu file format v14

[General]
AudioFilename: S7.mp3
AudioLeadIn: 0
PreviewTime: 3414
Countdown: 0
SampleSet: None
StackLeniency: 0.7
Mode: 3
LetterboxInBreaks: 0
SpecialStyle: 0
WidescreenStoryboard: 1

[Editor]
Bookmarks: 854
DistanceSpacing: 0.8
BeatDivisor: 8
GridSize: 16
TimelineZoom: 1.3

[Metadata]
Title:Dan ~ REFORM ~ SpeedMap Pack
TitleUnicode:Dan ~ REFORM ~ SpeedMap Pack
Artist:Various Artists
ArtistUnicode:Various Artists
Creator:DDMythical
Version:Five Five Five Guys ~ 7th ~ (Marathon)
Source:hi19hi19 // hi19hi19 3
Tags:
BeatmapID:1318221
BeatmapSetID:598858

[Difficulty]
HPDrainRate:8.5
CircleSize:4
OverallDifficulty:8.5
ApproachRate:5
SliderMultiplier:1.4
SliderTickRate:1

[Events]
//Background and Video events
0,0,"Speed-7.png",0,0
//Break Periods
//Storyboard Layer 0 (Background)
//Storyboard Layer 1 (Fail)
//Storyboard Layer 2 (Pass)
//Storyboard Layer 3 (Foreground)
//Storyboard Sound Samples

[TimingPoints]
3414,432.404,4,1,0,15,1,0


[HitObjects]
64,192,3414,5,0,0:0:0:0:
320,192,3486,1,0,0:0:0:0:
64,192,3558,1,0,0:0:0:0:
192,192,3630,1,0,0:0:0:0:
320,192,3702,1,0,0:0:0:0:
448,192,3774,1,0,0:0:0:0:
64,192,3846,1,0,0:0:0:0:
320,192,3918,1,0,0:0:0:0:
64,192,3990,1,0,0:0:0:0:
192,192,4062,1,0,0:0:0:0:
320,192,4134,1,0,0:0:0:0:
448,192,4206,1,0,0:0:0:0:
64,192,4278,1,0,0:0:0:0:
192,192,4350,1,0,0:0:0:0:
320,192,4422,1,0,0:0:0:0:
448,192,4495,1,0,0:0:0:0:
192,192,4567,1,0,0:0:0:0:
448,192,4639,1,0,0:0:0:0:
64,192,4711,1,0,0:0:0:0:
192,192,4783,1,0,0:0:0:0:
320,192,4855,1,0,0:0:0:0:
448,192,4927,1,0,0:0:0:0:
192,192,4999,1,0,0:0:0:0:
448,192,5071,1,0,0:0:0:0:
64,192,5143,1,0,0:0:0:0:
192,192,5215,1,0,0:0:0:0:
64,192,5287,1,0,0:0:0:0:
320,192,5359,1,0,0:0:0:0:
192,192,5431,1,0,0:0:0:0:
448,192,5503,1,0,0:0:0:0:
64,192,5576,1,0,0:0:0:0:
192,192,5648,1,0,0:0:0:0:
64,192,5720,1,0,0:0:0:0:
320,192,5792,1,0,0:0:0:0:
192,192,5864,1,0,0:0:0:0:
448,192,5936,1,0,0:0:0:0:
64,192,6008,1,0,0:0:0:0:
320,192,6080,1,0,0:0:0:0:
192,192,6152,1,0,0:0:0:0:
448,192,6224,1,0,0:0:0:0:
320,192,6296,1,0,0:0:0:0:
448,192,6368,1,0,0:0:0:0:
64,192,6440,1,0,0:0:0:0:
320,192,6512,1,0,0:0:0:0:
192,192,6584,1,0,0:0:0:0:
448,192,6657,1,0,0:0:0:0:
320,192,6729,1,0,0:0:0:0:
448,192,6801,1,0,0:0:0:0:
192,192,6873,1,0,0:0:0:0:
320,192,6927,1,0,0:0:0:0:
192,192,6981,1,0,0:0:0:0:
448,192,7035,1,0,0:0:0:0:
64,192,7089,1,0,0:0:0:0:
192,192,7143,1,0,0:0:0:0:
320,192,7197,1,0,0:0:0:0:
448,192,7251,1,0,0:0:0:0:
192,192,7305,1,0,0:0:0:0:
320,192,7359,1,0,0:0:0:0:
192,192,7413,1,0,0:0:0:0:
448,192,7467,1,0,0:0:0:0:
64,192,7521,1,0,0:0:0:0:
192,192,7575,1,0,0:0:0:0:
320,192,7629,1,0,0:0:0:0:
448,192,7683,1,0,0:0:0:0:
192,192,7738,1,0,0:0:0:0:
320,192,7792,1,0,0:0:0:0:
64,192,7846,1,0,0:0:0:0:
192,192,7900,1,0,0:0:0:0:
320,192,7954,1,0,0:0:0:0:
448,192,8008,1,0,0:0:0:0:
64,192,8062,1,0,0:0:0:0:
448,192,8116,1,0,0:0:0:0:
192,192,8170,1,0,0:0:0:0:
320,192,8224,1,0,0:0:0:0:
64,192,8278,1,0,0:0:0:0:
192,192,8332,1,0,0:0:0:0:
320,192,8386,1,0,0:0:0:0:
448,192,8440,1,0,0:0:0:0:
64,192,8494,1,0,0:0:0:0:
448,192,8548,1,0,0:0:0:0:
320,192,8602,1,0,0:0:0:0:
192,192,8656,1,0,0:0:0:0:
64,192,8710,1,0,0:0:0:0:
448,192,8764,1,0,0:0:0:0:
64,192,8819,1,0,0:0:0:0:
192,192,8873,1,0,0:0:0:0:
320,192,8927,1,0,0:0:0:0:
448,192,8981,1,0,0:0:0:0:
320,192,9035,1,0,0:0:0:0:
192,192,9089,1,0,0:0:0:0:
64,192,9143,1,0,0:0:0:0:
448,192,9197,1,0,0:0:0:0:
64,192,9251,1,0,0:0:0:0:
192,192,9305,1,0,0:0:0:0:
320,192,9359,1,0,0:0:0:0:
448,192,9413,1,0,0:0:0:0:
64,192,9467,1,0,0:0:0:0:
320,192,9521,1,0,0:0:0:0:
192,192,9575,1,0,0:0:0:0:
320,192,9629,1,0,0:0:0:0:
64,192,9683,1,0,0:0:0:0:
192,192,9737,1,0,0:0:0:0:
320,192,9791,1,0,0:0:0:0:
448,192,9846,1,0,0:0:0:0:
64,192,9900,1,0,0:0:0:0:
320,192,9954,1,0,0:0:0:0:
192,192,10008,1,0,0:0:0:0:
320,192,10062,1,0,0:0:0:0:
64,192,10116,1,0,0:0:0:0:
192,192,10170,1,0,0:0:0:0:
320,192,10224,1,0,0:0:0:0:
448,192,10278,1,0,0:0:0:0:
64,192,10332,1,0,0:0:0:0:
192,192,10332,1,0,0:0:0:0:
320,192,10440,1,0,0:0:0:0:
64,192,10548,1,0,0:0:0:0:
320,192,10656,1,0,0:0:0:0:
448,192,10656,1,0,0:0:0:0:
192,192,10764,1,0,0:0:0:0:
64,192,10872,1,0,0:0:0:0:
192,192,10981,1,0,0:0:0:0:
320,192,10981,1,0,0:0:0:0:
448,192,11089,1,0,0:0:0:0:
64,192,11197,1,0,0:0:0:0:
320,192,11197,1,0,0:0:0:0:
192,192,11305,1,0,0:0:0:0:
448,192,11413,1,0,0:0:0:0:
192,192,11521,1,0,0:0:0:0:
64,192,11629,1,0,0:0:0:0:
320,192,11629,1,0,0:0:0:0:
448,192,11737,1,0,0:0:0:0:
192,192,11845,1,0,0:0:0:0:
448,192,11953,1,0,0:0:0:0:
192,192,12062,1,0,0:0:0:0:
320,192,12062,1,0,0:0:0:0:
64,192,12170,1,0,0:0:0:0:
192,192,12278,1,0,0:0:0:0:
320,192,12386,1,0,0:0:0:0:
448,192,12386,1,0,0:0:0:0:
192,192,12494,1,0,0:0:0:0:
64,192,12602,1,0,0:0:0:0:
192,192,12710,1,0,0:0:0:0:
448,192,12710,1,0,0:0:0:0:
320,192,12818,1,0,0:0:0:0:
64,192,12926,1,0,0:0:0:0:
448,192,12926,1,0,0:0:0:0:
192,192,13034,1,0,0:0:0:0:
320,192,13143,1,0,0:0:0:0:
448,192,13251,1,0,0:0:0:0:
64,192,13359,1,0,0:0:0:0:
192,192,13359,1,0,0:0:0:0:
320,192,13467,1,0,0:0:0:0:
192,192,13575,1,0,0:0:0:0:
320,192,13683,1,0,0:0:0:0:
64,192,13791,1,0,0:0:0:0:
448,192,13791,1,0,0:0:0:0:
192,192,13899,1,0,0:0:0:0:
64,192,14007,1,0,0:0:0:0:
320,192,14115,1,0,0:0:0:0:
448,192,14115,1,0,0:0:0:0:
192,192,14224,1,0,0:0:0:0:
64,192,14332,1,0,0:0:0:0:
192,192,14440,1,0,0:0:0:0:
320,192,14440,1,0,0:0:0:0:
448,192,14548,1,0,0:0:0:0:
64,192,14656,1,0,0:0:0:0:
320,192,14656,1,0,0:0:0:0:
192,192,14764,1,0,0:0:0:0:
448,192,14872,1,0,0:0:0:0:
192,192,14980,1,0,0:0:0:0:
64,192,15088,1,0,0:0:0:0:
320,192,15088,1,0,0:0:0:0:
192,192,15197,1,0,0:0:0:0:
320,192,15305,1,0,0:0:0:0:
192,192,15413,1,0,0:0:0:0:
64,192,15521,1,0,0:0:0:0:
448,192,15521,1,0,0:0:0:0:
320,192,15629,1,0,0:0:0:0:
192,192,15737,1,0,0:0:0:0:
320,192,15845,1,0,0:0:0:0:
448,192,15845,1,0,0:0:0:0:
64,192,15953,1,0,0:0:0:0:
448,192,16061,1,0,0:0:0:0:
192,192,16169,1,0,0:0:0:0:
320,192,16169,1,0,0:0:0:0:
64,192,16278,1,0,0:0:0:0:
192,192,16386,1,0,0:0:0:0:
320,192,16386,1,0,0:0:0:0:
448,192,16494,1,0,0:0:0:0:
320,192,16602,1,0,0:0:0:0:
64,192,16710,1,0,0:0:0:0:
192,192,16818,1,0,0:0:0:0:
320,192,16818,1,0,0:0:0:0:
448,192,16818,1,0,0:0:0:0:
64,192,16926,1,0,0:0:0:0:
448,192,17034,1,0,0:0:0:0:
320,192,17142,1,0,0:0:0:0:
192,192,17250,1,0,0:0:0:0:
448,192,17250,1,0,0:0:0:0:
64,192,17322,1,0,0:0:0:0:
320,192,17395,1,0,0:0:0:0:
64,192,17467,1,0,0:0:0:0:
192,192,17539,1,0,0:0:0:0:
320,192,17611,1,0,0:0:0:0:
64,192,17683,1,0,0:0:0:0:
448,192,17683,1,0,0:0:0:0:
320,192,17755,1,0,0:0:0:0:
192,192,17827,1,0,0:0:0:0:
448,192,17899,1,0,0:0:0:0:
64,192,17971,1,0,0:0:0:0:
192,192,18043,1,0,0:0:0:0:
320,192,18115,1,0,0:0:0:0:
448,192,18115,1,0,0:0:0:0:
192,192,18169,1,0,0:0:0:0:
64,192,18223,1,0,0:0:0:0:
448,192,18277,1,0,0:0:0:0:
192,192,18331,1,0,0:0:0:0:
320,192,18385,1,0,0:0:0:0:
64,192,18440,1,0,0:0:0:0:
448,192,18494,1,0,0:0:0:0:
192,192,18548,1,0,0:0:0:0:
320,192,18548,1,0,0:0:0:0:
64,192,18602,1,0,0:0:0:0:
192,192,18656,1,0,0:0:0:0:
320,192,18710,1,0,0:0:0:0:
448,192,18764,1,0,0:0:0:0:
64,192,18818,1,0,0:0:0:0:
448,192,18872,1,0,0:0:0:0:
320,192,18926,1,0,0:0:0:0:
64,192,18980,1,0,0:0:0:0:
192,192,18980,1,0,0:0:0:0:
320,192,19052,1,0,0:0:0:0:
448,192,19124,1,0,0:0:0:0:
64,192,19196,1,0,0:0:0:0:
320,192,19268,1,0,0:0:0:0:
192,192,19340,1,0,0:0:0:0:
320,192,19412,1,0,0:0:0:0:
448,192,19412,1,0,0:0:0:0:
64,192,19485,1,0,0:0:0:0:
448,192,19557,1,0,0:0:0:0:
64,192,19629,1,0,0:0:0:0:
192,192,19701,1,0,0:0:0:0:
320,192,19773,1,0,0:0:0:0:
64,192,19845,1,0,0:0:0:0:
448,192,19845,1,0,0:0:0:0:
320,192,19899,1,0,0:0:0:0:
192,192,19953,1,0,0:0:0:0:
64,192,20007,1,0,0:0:0:0:
448,192,20061,1,0,0:0:0:0:
192,192,20115,1,0,0:0:0:0:
320,192,20169,1,0,0:0:0:0:
64,192,20223,1,0,0:0:0:0:
192,192,20277,1,0,0:0:0:0:
448,192,20277,1,0,0:0:0:0:
320,192,20331,1,0,0:0:0:0:
192,192,20385,1,0,0:0:0:0:
64,192,20439,1,0,0:0:0:0:
448,192,20493,1,0,0:0:0:0:
320,192,20548,1,0,0:0:0:0:
192,192,20602,1,0,0:0:0:0:
64,192,20656,1,0,0:0:0:0:
320,192,20710,1,0,0:0:0:0:
448,192,20710,1,0,0:0:0:0:
192,192,20764,1,0,0:0:0:0:
320,192,20818,1,0,0:0:0:0:
64,192,20872,1,0,0:0:0:0:
192,192,20926,1,0,0:0:0:0:
320,192,20980,1,0,0:0:0:0:
192,192,21034,1,0,0:0:0:0:
320,192,21088,1,0,0:0:0:0:
64,192,21142,1,0,0:0:0:0:
448,192,21142,1,0,0:0:0:0:
192,192,21196,1,0,0:0:0:0:
320,192,21250,1,0,0:0:0:0:
448,192,21304,1,0,0:0:0:0:
64,192,21358,1,0,0:0:0:0:
320,192,21412,1,0,0:0:0:0:
192,192,21466,1,0,0:0:0:0:
448,192,21520,1,0,0:0:0:0:
64,192,21574,1,0,0:0:0:0:
320,192,21574,1,0,0:0:0:0:
192,192,21629,1,0,0:0:0:0:
448,192,21683,1,0,0:0:0:0:
64,192,21737,1,0,0:0:0:0:
192,192,21791,1,0,0:0:0:0:
320,192,21845,1,0,0:0:0:0:
448,192,21899,1,0,0:0:0:0:
320,192,21953,1,0,0:0:0:0:
64,192,22007,1,0,0:0:0:0:
192,192,22007,1,0,0:0:0:0:
448,192,22061,1,0,0:0:0:0:
320,192,22115,1,0,0:0:0:0:
192,192,22169,1,0,0:0:0:0:
64,192,22223,1,0,0:0:0:0:
448,192,22277,1,0,0:0:0:0:
320,192,22331,1,0,0:0:0:0:
192,192,22385,1,0,0:0:0:0:
64,192,22439,1,0,0:0:0:0:
448,192,22439,1,0,0:0:0:0:
320,192,22547,1,0,0:0:0:0:
64,192,22655,1,0,0:0:0:0:
192,192,22764,1,0,0:0:0:0:
320,192,22872,1,0,0:0:0:0:
448,192,22872,1,0,0:0:0:0:
192,192,22980,1,0,0:0:0:0:
64,192,23088,1,0,0:0:0:0:
320,192,23196,1,0,0:0:0:0:
64,192,23304,1,0,0:0:0:0:
448,192,23304,1,0,0:0:0:0:
192,192,23358,1,0,0:0:0:0:
320,192,23412,1,0,0:0:0:0:
448,192,23466,1,0,0:0:0:0:
192,192,23520,1,0,0:0:0:0:
320,192,23574,1,0,0:0:0:0:
64,192,23628,1,0,0:0:0:0:
192,192,23682,1,0,0:0:0:0:
320,192,23736,1,0,0:0:0:0:
448,192,23736,1,0,0:0:0:0:
192,192,23791,1,0,0:0:0:0:
64,192,23845,1,0,0:0:0:0:
320,192,23899,1,0,0:0:0:0:
192,192,23953,1,0,0:0:0:0:
448,192,24007,1,0,0:0:0:0:
320,192,24061,1,0,0:0:0:0:
192,192,24115,1,0,0:0:0:0:
64,0,24169,128,0,24385:1:0:0:0:
192,0,24385,128,0,24601:1:0:0:0:
320,0,24601,128,0,24817:1:0:0:0:
448,0,24817,128,0,25034:1:0:0:0:
192,0,25034,128,0,25250:1:0:0:0:
64,0,25250,128,0,25466:1:0:0:0:
192,0,25466,128,0,25682:1:0:0:0:
320,0,25682,128,0,25899:1:0:0:0:
64,192,25899,1,0,0:0:0:0:
448,192,25899,1,0,0:0:0:0:
320,192,25953,1,0,0:0:0:0:
192,192,26007,1,0,0:0:0:0:
320,192,26061,1,0,0:0:0:0:
64,192,26115,1,0,0:0:0:0:
192,192,26169,1,0,0:0:0:0:
320,192,26223,1,0,0:0:0:0:
448,192,26277,1,0,0:0:0:0:
64,192,26331,1,0,0:0:0:0:
192,192,26331,1,0,0:0:0:0:
448,192,26385,1,0,0:0:0:0:
320,192,26439,1,0,0:0:0:0:
192,192,26493,1,0,0:0:0:0:
64,192,26547,1,0,0:0:0:0:
448,192,26601,1,0,0:0:0:0:
192,192,26655,1,0,0:0:0:0:
320,192,26709,1,0,0:0:0:0:
64,192,26763,1,0,0:0:0:0:
448,192,26763,1,0,0:0:0:0:
192,192,26817,1,0,0:0:0:0:
320,192,26871,1,0,0:0:0:0:
448,192,26925,1,0,0:0:0:0:
320,192,26980,1,0,0:0:0:0:
192,192,27034,1,0,0:0:0:0:
64,192,27088,1,0,0:0:0:0:
448,192,27142,1,0,0:0:0:0:
192,192,27196,1,0,0:0:0:0:
320,192,27196,1,0,0:0:0:0:
64,192,27250,1,0,0:0:0:0:
192,192,27304,1,0,0:0:0:0:
320,192,27358,1,0,0:0:0:0:
64,192,27412,1,0,0:0:0:0:
448,192,27466,1,0,0:0:0:0:
192,192,27520,1,0,0:0:0:0:
320,192,27574,1,0,0:0:0:0:
64,0,27628,128,0,27844:1:0:0:0:
192,0,27844,128,0,28061:1:0:0:0:
320,0,28061,128,0,28277:1:0:0:0:
448,0,28277,128,0,28493:1:0:0:0:
320,0,28493,128,0,28925:1:0:0:0:
192,0,28925,128,0,29358:1:0:0:0:
64,192,29358,1,0,0:0:0:0:
448,192,29358,1,0,0:0:0:0:
320,192,29466,1,0,0:0:0:0:
192,192,29574,1,0,0:0:0:0:
448,192,29682,1,0,0:0:0:0:
192,192,29790,1,0,0:0:0:0:
320,192,29790,1,0,0:0:0:0:
64,192,29898,1,0,0:0:0:0:
448,192,30006,1,0,0:0:0:0:
192,192,30114,1,0,0:0:0:0:
320,192,30223,1,0,0:0:0:0:
448,192,30223,1,0,0:0:0:0:
192,192,30331,1,0,0:0:0:0:
64,192,30439,1,0,0:0:0:0:
448,192,30547,1,0,0:0:0:0:
192,192,30655,1,0,0:0:0:0:
320,192,30655,1,0,0:0:0:0:
64,192,30763,1,0,0:0:0:0:
448,192,30871,1,0,0:0:0:0:
320,192,30979,1,0,0:0:0:0:
64,0,31087,128,0,31304:1:0:0:0:
192,0,31304,128,0,31520:1:0:0:0:
320,0,31520,128,0,31736:1:0:0:0:
448,0,31736,128,0,31952:1:0:0:0:
192,0,31952,128,0,32168:1:0:0:0:
64,0,32168,128,0,32385:1:0:0:0:
192,0,32385,128,0,32601:1:0:0:0:
320,0,32601,128,0,32817:1:0:0:0:
64,192,32817,1,0,0:0:0:0:
448,192,32817,1,0,0:0:0:0:
320,192,32871,1,0,0:0:0:0:
192,192,32925,1,0,0:0:0:0:
320,192,32979,1,0,0:0:0:0:
64,192,33033,1,0,0:0:0:0:
448,192,33087,1,0,0:0:0:0:
320,192,33141,1,0,0:0:0:0:
192,192,33195,1,0,0:0:0:0:
64,192,33249,1,0,0:0:0:0:
448,192,33249,1,0,0:0:0:0:
320,192,33303,1,0,0:0:0:0:
192,192,33357,1,0,0:0:0:0:
448,192,33412,1,0,0:0:0:0:
64,192,33466,1,0,0:0:0:0:
192,192,33520,1,0,0:0:0:0:
320,192,33574,1,0,0:0:0:0:
448,192,33628,1,0,0:0:0:0:
192,192,33682,1,0,0:0:0:0:
320,192,33682,1,0,0:0:0:0:
64,192,33736,1,0,0:0:0:0:
448,192,33790,1,0,0:0:0:0:
192,192,33844,1,0,0:0:0:0:
320,192,33898,1,0,0:0:0:0:
64,192,33952,1,0,0:0:0:0:
448,192,34006,1,0,0:0:0:0:
320,192,34060,1,0,0:0:0:0:
64,192,34114,1,0,0:0:0:0:
192,192,34114,1,0,0:0:0:0:
320,192,34168,1,0,0:0:0:0:
448,192,34222,1,0,0:0:0:0:
192,192,34276,1,0,0:0:0:0:
320,192,34330,1,0,0:0:0:0:
64,192,34384,1,0,0:0:0:0:
448,192,34438,1,0,0:0:0:0:
320,192,34493,1,0,0:0:0:0:
64,0,34547,128,0,34763:1:0:0:0:
192,0,34763,128,0,34979:1:0:0:0:
320,0,34979,128,0,35195:1:0:0:0:
448,0,35195,128,0,35411:1:0:0:0:
320,0,35411,128,0,35844:1:0:0:0:
192,0,35844,128,0,36276:1:0:0:0:
64,192,36276,1,0,0:0:0:0:
448,192,36276,1,0,0:0:0:0:
320,192,36384,1,0,0:0:0:0:
192,192,36492,1,0,0:0:0:0:
448,192,36601,1,0,0:0:0:0:
192,192,36709,1,0,0:0:0:0:
320,192,36709,1,0,0:0:0:0:
64,192,36817,1,0,0:0:0:0:
448,192,36925,1,0,0:0:0:0:
192,192,37033,1,0,0:0:0:0:
320,192,37141,1,0,0:0:0:0:
448,192,37141,1,0,0:0:0:0:
192,192,37249,1,0,0:0:0:0:
64,192,37357,1,0,0:0:0:0:
448,192,37465,1,0,0:0:0:0:
192,192,37573,1,0,0:0:0:0:
320,192,37573,1,0,0:0:0:0:
64,192,37682,1,0,0:0:0:0:
320,192,37790,1,0,0:0:0:0:
64,192,37898,1,0,0:0:0:0:
192,0,38006,128,0,38438:1:0:0:0:
192,192,38546,1,0,0:0:0:0:
192,192,38654,1,0,0:0:0:0:
192,192,38763,1,0,0:0:0:0:
448,0,38871,128,0,39303:1:0:0:0:
448,192,39411,1,0,0:0:0:0:
448,192,39519,1,0,0:0:0:0:
448,192,39627,1,0,0:0:0:0:
64,0,39735,128,0,40168:1:0:0:0:
64,192,40276,1,0,0:0:0:0:
64,192,40384,1,0,0:0:0:0:
64,192,40492,1,0,0:0:0:0:
320,0,40600,128,0,41033:1:0:0:0:
320,192,41141,1,0,0:0:0:0:
320,192,41249,1,0,0:0:0:0:
320,192,41357,1,0,0:0:0:0:
192,0,41465,128,0,41897:1:0:0:0:
192,192,42006,1,0,0:0:0:0:
192,192,42114,1,0,0:0:0:0:
192,192,42222,1,0,0:0:0:0:
448,0,42330,128,0,42762:1:0:0:0:
448,192,42870,1,0,0:0:0:0:
448,192,42978,1,0,0:0:0:0:
448,192,43087,1,0,0:0:0:0:
64,0,43195,128,0,43627:1:0:0:0:
64,192,43735,1,0,0:0:0:0:
64,192,43843,1,0,0:0:0:0:
64,192,43951,1,0,0:0:0:0:
320,0,44059,128,0,44492:1:0:0:0:
320,192,44600,1,0,0:0:0:0:
320,192,44708,1,0,0:0:0:0:
320,192,44816,1,0,0:0:0:0:
192,192,44924,1,0,0:0:0:0:
448,192,44924,1,0,0:0:0:0:
64,192,45032,1,0,0:0:0:0:
192,192,45140,1,0,0:0:0:0:
320,192,45249,1,0,0:0:0:0:
448,192,45249,1,0,0:0:0:0:
192,192,45357,1,0,0:0:0:0:
64,192,45465,1,0,0:0:0:0:
192,192,45573,1,0,0:0:0:0:
320,192,45573,1,0,0:0:0:0:
448,192,45681,1,0,0:0:0:0:
64,192,45789,1,0,0:0:0:0:
320,192,45789,1,0,0:0:0:0:
192,192,45897,1,0,0:0:0:0:
448,192,46005,1,0,0:0:0:0:
192,192,46113,1,0,0:0:0:0:
64,192,46221,1,0,0:0:0:0:
320,192,46221,1,0,0:0:0:0:
448,192,46330,1,0,0:0:0:0:
64,192,46438,1,0,0:0:0:0:
448,192,46546,1,0,0:0:0:0:
192,192,46654,1,0,0:0:0:0:
320,192,46654,1,0,0:0:0:0:
64,192,46762,1,0,0:0:0:0:
192,192,46870,1,0,0:0:0:0:
320,192,46978,1,0,0:0:0:0:
448,192,46978,1,0,0:0:0:0:
192,192,47086,1,0,0:0:0:0:
64,192,47194,1,0,0:0:0:0:
192,192,47303,1,0,0:0:0:0:
448,192,47303,1,0,0:0:0:0:
320,192,47411,1,0,0:0:0:0:
64,192,47519,1,0,0:0:0:0:
448,192,47519,1,0,0:0:0:0:
192,192,47627,1,0,0:0:0:0:
320,192,47735,1,0,0:0:0:0:
448,192,47843,1,0,0:0:0:0:
64,192,47951,1,0,0:0:0:0:
192,192,47951,1,0,0:0:0:0:
320,192,48059,1,0,0:0:0:0:
192,192,48167,1,0,0:0:0:0:
320,192,48275,1,0,0:0:0:0:
64,192,48384,1,0,0:0:0:0:
448,192,48384,1,0,0:0:0:0:
192,192,48492,1,0,0:0:0:0:
64,192,48600,1,0,0:0:0:0:
320,192,48708,1,0,0:0:0:0:
448,192,48708,1,0,0:0:0:0:
192,192,48816,1,0,0:0:0:0:
64,192,48924,1,0,0:0:0:0:
192,192,49032,1,0,0:0:0:0:
320,192,49032,1,0,0:0:0:0:
448,192,49140,1,0,0:0:0:0:
64,192,49248,1,0,0:0:0:0:
320,192,49248,1,0,0:0:0:0:
192,192,49356,1,0,0:0:0:0:
448,192,49465,1,0,0:0:0:0:
192,192,49573,1,0,0:0:0:0:
64,192,49681,1,0,0:0:0:0:
320,192,49681,1,0,0:0:0:0:
448,192,49789,1,0,0:0:0:0:
192,192,49897,1,0,0:0:0:0:
448,192,50005,1,0,0:0:0:0:
192,192,50113,1,0,0:0:0:0:
320,192,50113,1,0,0:0:0:0:
64,192,50221,1,0,0:0:0:0:
320,192,50329,1,0,0:0:0:0:
192,192,50437,1,0,0:0:0:0:
448,192,50437,1,0,0:0:0:0:
64,192,50546,1,0,0:0:0:0:
192,192,50654,1,0,0:0:0:0:
320,192,50762,1,0,0:0:0:0:
448,192,50762,1,0,0:0:0:0:
64,192,50870,1,0,0:0:0:0:
320,192,50978,1,0,0:0:0:0:
448,192,50978,1,0,0:0:0:0:
192,192,51086,1,0,0:0:0:0:
320,192,51194,1,0,0:0:0:0:
64,192,51302,1,0,0:0:0:0:
192,192,51410,1,0,0:0:0:0:
320,192,51410,1,0,0:0:0:0:
448,192,51410,1,0,0:0:0:0:
64,192,51518,1,0,0:0:0:0:
448,192,51627,1,0,0:0:0:0:
320,192,51735,1,0,0:0:0:0:
64,192,51843,1,0,0:0:0:0:
192,192,51843,1,0,0:0:0:0:
448,192,52059,1,0,0:0:0:0:
64,192,52275,1,0,0:0:0:0:
320,192,52275,1,0,0:0:0:0:
192,192,52383,1,0,0:0:0:0:
192,192,52491,1,0,0:0:0:0:
192,192,52599,1,0,0:0:0:0:
320,192,52708,1,0,0:0:0:0:
448,192,52708,1,0,0:0:0:0:
64,192,52924,1,0,0:0:0:0:
192,192,53140,1,0,0:0:0:0:
320,192,53140,1,0,0:0:0:0:
448,192,53248,1,0,0:0:0:0:
448,192,53356,1,0,0:0:0:0:
448,192,53464,1,0,0:0:0:0:
64,192,53572,1,0,0:0:0:0:
320,192,53572,1,0,0:0:0:0:
192,192,53789,1,0,0:0:0:0:
320,192,54005,1,0,0:0:0:0:
448,192,54005,1,0,0:0:0:0:
64,192,54113,1,0,0:0:0:0:
64,192,54221,1,0,0:0:0:0:
64,192,54329,1,0,0:0:0:0:
320,192,54437,1,0,0:0:0:0:
448,192,54437,1,0,0:0:0:0:
192,192,54653,1,0,0:0:0:0:
64,192,54870,1,0,0:0:0:0:
448,192,54870,1,0,0:0:0:0:
320,192,54978,1,0,0:0:0:0:
192,192,55086,1,0,0:0:0:0:
320,192,55086,1,0,0:0:0:0:
64,192,55194,1,0,0:0:0:0:
320,192,55194,1,0,0:0:0:0:
192,192,55302,1,0,0:0:0:0:
448,192,55302,1,0,0:0:0:0:
64,192,55518,1,0,0:0:0:0:
320,192,55734,1,0,0:0:0:0:
448,192,55734,1,0,0:0:0:0:
192,192,55842,1,0,0:0:0:0:
192,192,55951,1,0,0:0:0:0:
192,192,56059,1,0,0:0:0:0:
64,192,56167,1,0,0:0:0:0:
448,192,56167,1,0,0:0:0:0:
192,192,56383,1,0,0:0:0:0:
64,192,56599,1,0,0:0:0:0:
320,192,56599,1,0,0:0:0:0:
448,192,56707,1,0,0:0:0:0:
448,192,56815,1,0,0:0:0:0:
448,192,56923,1,0,0:0:0:0:
64,192,57032,1,0,0:0:0:0:
192,192,57032,1,0,0:0:0:0:
448,192,57248,1,0,0:0:0:0:
192,192,57464,1,0,0:0:0:0:
320,192,57464,1,0,0:0:0:0:
64,192,57572,1,0,0:0:0:0:
64,192,57680,1,0,0:0:0:0:
64,192,57788,1,0,0:0:0:0:
192,192,57896,1,0,0:0:0:0:
320,192,57896,1,0,0:0:0:0:
448,192,58113,1,0,0:0:0:0:
64,192,58329,1,0,0:0:0:0:
192,192,58329,1,0,0:0:0:0:
320,192,58437,1,0,0:0:0:0:
320,192,58545,1,0,0:0:0:0:
320,192,58653,1,0,0:0:0:0:
64,192,58761,1,0,0:0:0:0:
448,192,58761,1,0,0:0:0:0:
192,192,58842,1,0,0:0:0:0:
320,192,58905,1,0,0:0:0:0:
192,192,58977,1,0,0:0:0:0:
320,192,59049,1,0,0:0:0:0:
448,192,59122,1,0,0:0:0:0:
64,192,59194,1,0,0:0:0:0:
192,192,59194,1,0,0:0:0:0:
320,192,59266,1,0,0:0:0:0:
192,192,59338,1,0,0:0:0:0:
64,192,59410,1,0,0:0:0:0:
320,192,59482,1,0,0:0:0:0:
448,192,59554,1,0,0:0:0:0:
192,192,59626,1,0,0:0:0:0:
320,192,59626,1,0,0:0:0:0:
64,192,59680,1,0,0:0:0:0:
448,192,59734,1,0,0:0:0:0:
320,192,59788,1,0,0:0:0:0:
192,192,59842,1,0,0:0:0:0:
64,192,59896,1,0,0:0:0:0:
448,192,59950,1,0,0:0:0:0:
192,192,60004,1,0,0:0:0:0:
320,192,60058,1,0,0:0:0:0:
448,192,60058,1,0,0:0:0:0:
64,192,60112,1,0,0:0:0:0:
192,192,60167,1,0,0:0:0:0:
320,192,60221,1,0,0:0:0:0:
448,192,60275,1,0,0:0:0:0:
64,192,60329,1,0,0:0:0:0:
320,192,60383,1,0,0:0:0:0:
192,192,60437,1,0,0:0:0:0:
64,192,60491,1,0,0:0:0:0:
448,192,60491,1,0,0:0:0:0:
320,192,60563,1,0,0:0:0:0:
64,192,60635,1,0,0:0:0:0:
448,192,60707,1,0,0:0:0:0:
192,192,60788,1,0,0:0:0:0:
320,192,60851,1,0,0:0:0:0:
64,192,60923,1,0,0:0:0:0:
192,192,60923,1,0,0:0:0:0:
448,192,61004,1,0,0:0:0:0:
64,192,61067,1,0,0:0:0:0:
320,192,61139,1,0,0:0:0:0:
192,192,61212,1,0,0:0:0:0:
320,192,61284,1,0,0:0:0:0:
64,192,61356,1,0,0:0:0:0:
448,192,61356,1,0,0:0:0:0:
320,192,61410,1,0,0:0:0:0:
192,192,61464,1,0,0:0:0:0:
64,192,61518,1,0,0:0:0:0:
448,192,61572,1,0,0:0:0:0:
192,192,61626,1,0,0:0:0:0:
320,192,61680,1,0,0:0:0:0:
64,192,61734,1,0,0:0:0:0:
192,192,61788,1,0,0:0:0:0:
448,192,61788,1,0,0:0:0:0:
320,192,61842,1,0,0:0:0:0:
64,192,61896,1,0,0:0:0:0:
192,192,61950,1,0,0:0:0:0:
320,192,62004,1,0,0:0:0:0:
448,192,62058,1,0,0:0:0:0:
192,192,62112,1,0,0:0:0:0:
320,192,62166,1,0,0:0:0:0:
64,192,62220,1,0,0:0:0:0:
192,192,62220,1,0,0:0:0:0:
448,192,62274,1,0,0:0:0:0:
320,192,62329,1,0,0:0:0:0:
192,192,62383,1,0,0:0:0:0:
64,192,62437,1,0,0:0:0:0:
448,192,62491,1,0,0:0:0:0:
192,192,62545,1,0,0:0:0:0:
320,192,62599,1,0,0:0:0:0:
64,192,62653,1,0,0:0:0:0:
448,192,62653,1,0,0:0:0:0:
192,192,62707,1,0,0:0:0:0:
320,192,62761,1,0,0:0:0:0:
448,192,62815,1,0,0:0:0:0:
192,192,62869,1,0,0:0:0:0:
320,192,62923,1,0,0:0:0:0:
192,192,62977,1,0,0:0:0:0:
320,192,63031,1,0,0:0:0:0:
64,192,63085,1,0,0:0:0:0:
448,192,63085,1,0,0:0:0:0:
192,192,63139,1,0,0:0:0:0:
320,192,63193,1,0,0:0:0:0:
448,192,63247,1,0,0:0:0:0:
64,192,63301,1,0,0:0:0:0:
320,192,63356,1,0,0:0:0:0:
192,192,63410,1,0,0:0:0:0:
64,192,63464,1,0,0:0:0:0:
320,192,63518,1,0,0:0:0:0:
448,192,63518,1,0,0:0:0:0:
192,192,63572,1,0,0:0:0:0:
320,192,63626,1,0,0:0:0:0:
64,192,63680,1,0,0:0:0:0:
192,192,63734,1,0,0:0:0:0:
320,192,63788,1,0,0:0:0:0:
448,192,63842,1,0,0:0:0:0:
64,192,63896,1,0,0:0:0:0:
192,192,63950,1,0,0:0:0:0:
320,192,63950,1,0,0:0:0:0:
64,192,64058,1,0,0:0:0:0:
192,192,64166,1,0,0:0:0:0:
320,192,64274,1,0,0:0:0:0:
64,192,64382,1,0,0:0:0:0:
448,192,64382,1,0,0:0:0:0:
192,192,64491,1,0,0:0:0:0:
320,192,64599,1,0,0:0:0:0:
192,192,64707,1,0,0:0:0:0:
64,192,64815,1,0,0:0:0:0:
448,192,64815,1,0,0:0:0:0:
320,192,64869,1,0,0:0:0:0:
192,192,64923,1,0,0:0:0:0:
64,192,64977,1,0,0:0:0:0:
448,192,65031,1,0,0:0:0:0:
320,192,65085,1,0,0:0:0:0:
64,192,65139,1,0,0:0:0:0:
192,192,65193,1,0,0:0:0:0:
320,192,65247,1,0,0:0:0:0:
448,192,65247,1,0,0:0:0:0:
64,192,65301,1,0,0:0:0:0:
448,192,65355,1,0,0:0:0:0:
192,192,65409,1,0,0:0:0:0:
320,192,65463,1,0,0:0:0:0:
448,192,65518,1,0,0:0:0:0:
320,192,65572,1,0,0:0:0:0:
192,192,65626,1,0,0:0:0:0:
64,192,65680,1,0,0:0:0:0:
448,192,65680,1,0,0:0:0:0:
192,192,65761,1,0,0:0:0:0:
320,192,65824,1,0,0:0:0:0:
448,192,65896,1,0,0:0:0:0:
192,192,65977,1,0,0:0:0:0:
448,192,66040,1,0,0:0:0:0:
64,192,66112,1,0,0:0:0:0:
320,192,66112,1,0,0:0:0:0:
192,192,66193,1,0,0:0:0:0:
320,192,66256,1,0,0:0:0:0:
448,192,66328,1,0,0:0:0:0:
192,192,66409,1,0,0:0:0:0:
448,192,66472,1,0,0:0:0:0:
192,192,66544,1,0,0:0:0:0:
320,192,66544,1,0,0:0:0:0:
64,192,66599,1,0,0:0:0:0:
448,192,66653,1,0,0:0:0:0:
320,192,66707,1,0,0:0:0:0:
192,192,66761,1,0,0:0:0:0:
64,192,66815,1,0,0:0:0:0:
448,192,66869,1,0,0:0:0:0:
64,192,66923,1,0,0:0:0:0:
192,192,66977,1,0,0:0:0:0:
320,192,66977,1,0,0:0:0:0:
448,192,67031,1,0,0:0:0:0:
64,192,67085,1,0,0:0:0:0:
192,192,67139,1,0,0:0:0:0:
320,192,67193,1,0,0:0:0:0:
448,192,67247,1,0,0:0:0:0:
192,192,67301,1,0,0:0:0:0:
320,192,67355,1,0,0:0:0:0:
64,192,67409,1,0,0:0:0:0:
448,192,67409,1,0,0:0:0:0:
320,192,67490,1,0,0:0:0:0:
64,192,67553,1,0,0:0:0:0:
448,192,67625,1,0,0:0:0:0:
320,192,67707,1,0,0:0:0:0:
448,192,67770,1,0,0:0:0:0:
64,192,67842,1,0,0:0:0:0:
192,192,67842,1,0,0:0:0:0:
320,192,67923,1,0,0:0:0:0:
64,192,67986,1,0,0:0:0:0:
448,192,68058,1,0,0:0:0:0:
320,192,68139,1,0,0:0:0:0:
448,192,68202,1,0,0:0:0:0:
64,192,68274,1,0,0:0:0:0:
192,192,68274,1,0,0:0:0:0:
320,192,68328,1,0,0:0:0:0:
192,192,68382,1,0,0:0:0:0:
448,192,68436,1,0,0:0:0:0:
320,192,68490,1,0,0:0:0:0:
192,192,68544,1,0,0:0:0:0:
64,192,68598,1,0,0:0:0:0:
448,192,68652,1,0,0:0:0:0:
192,192,68707,1,0,0:0:0:0:
320,192,68707,1,0,0:0:0:0:
64,192,68761,1,0,0:0:0:0:
192,192,68815,1,0,0:0:0:0:
320,192,68869,1,0,0:0:0:0:
448,192,68923,1,0,0:0:0:0:
64,192,68977,1,0,0:0:0:0:
192,192,69031,1,0,0:0:0:0:
320,192,69085,1,0,0:0:0:0:
64,192,69139,1,0,0:0:0:0:
448,192,69139,1,0,0:0:0:0:
192,192,69193,1,0,0:0:0:0:
320,192,69247,1,0,0:0:0:0:
192,192,69301,1,0,0:0:0:0:
64,192,69355,1,0,0:0:0:0:
448,192,69409,1,0,0:0:0:0:
64,192,69463,1,0,0:0:0:0:
448,192,69517,1,0,0:0:0:0:
192,192,69571,1,0,0:0:0:0:
320,192,69571,1,0,0:0:0:0:
64,192,69625,1,0,0:0:0:0:
192,192,69679,1,0,0:0:0:0:
320,192,69733,1,0,0:0:0:0:
448,192,69788,1,0,0:0:0:0:
64,192,69842,1,0,0:0:0:0:
448,192,69896,1,0,0:0:0:0:
64,192,69950,1,0,0:0:0:0:
192,192,70004,1,0,0:0:0:0:
320,192,70004,1,0,0:0:0:0:
448,192,70058,1,0,0:0:0:0:
320,192,70112,1,0,0:0:0:0:
192,192,70166,1,0,0:0:0:0:
64,192,70220,1,0,0:0:0:0:
448,192,70274,1,0,0:0:0:0:
192,192,70328,1,0,0:0:0:0:
320,192,70382,1,0,0:0:0:0:
64,192,70436,1,0,0:0:0:0:
448,192,70436,1,0,0:0:0:0:
192,192,70490,1,0,0:0:0:0:
320,192,70544,1,0,0:0:0:0:
448,192,70598,1,0,0:0:0:0:
320,192,70652,1,0,0:0:0:0:
192,192,70706,1,0,0:0:0:0:
64,192,70760,1,0,0:0:0:0:
448,192,70814,1,0,0:0:0:0:
192,192,70869,1,0,0:0:0:0:
320,192,70869,1,0,0:0:0:0:
64,192,70977,1,0,0:0:0:0:
192,192,71085,1,0,0:0:0:0:
320,192,71193,1,0,0:0:0:0:
64,192,71301,1,0,0:0:0:0:
448,192,71301,1,0,0:0:0:0:
192,192,71409,1,0,0:0:0:0:
64,192,71517,1,0,0:0:0:0:
320,192,71625,1,0,0:0:0:0:
64,192,71733,1,0,0:0:0:0:
448,192,71733,1,0,0:0:0:0:
320,192,71787,1,0,0:0:0:0:
192,192,71841,1,0,0:0:0:0:
64,192,71895,1,0,0:0:0:0:
448,192,71950,1,0,0:0:0:0:
320,192,72004,1,0,0:0:0:0:
64,192,72058,1,0,0:0:0:0:
192,192,72112,1,0,0:0:0:0:
320,192,72166,1,0,0:0:0:0:
448,192,72166,1,0,0:0:0:0:
192,192,72220,1,0,0:0:0:0:
64,192,72274,1,0,0:0:0:0:
448,192,72328,1,0,0:0:0:0:
320,192,72382,1,0,0:0:0:0:
192,192,72436,1,0,0:0:0:0:
448,192,72490,1,0,0:0:0:0:
64,192,72544,1,0,0:0:0:0:
320,192,72598,1,0,0:0:0:0:
192,192,72706,1,0,0:0:0:0:
320,192,72814,1,0,0:0:0:0:
192,192,72922,1,0,0:0:0:0:
320,192,73031,1,0,0:0:0:0:
192,192,73139,1,0,0:0:0:0:
320,192,73247,1,0,0:0:0:0:
192,192,73355,1,0,0:0:0:0:
448,192,73463,1,0,0:0:0:0:
192,192,73571,1,0,0:0:0:0:
448,192,73679,1,0,0:0:0:0:
192,192,73787,1,0,0:0:0:0:
448,192,73895,1,0,0:0:0:0:
192,192,74003,1,0,0:0:0:0:
448,192,74112,1,0,0:0:0:0:
192,192,74220,1,0,0:0:0:0:
64,192,74328,1,0,0:0:0:0:
192,192,74382,1,0,0:0:0:0:
320,192,74436,1,0,0:0:0:0:
448,192,74490,1,0,0:0:0:0:
64,192,74544,1,0,0:0:0:0:
320,192,74598,1,0,0:0:0:0:
192,192,74652,1,0,0:0:0:0:
448,192,74706,1,0,0:0:0:0:
320,192,74760,1,0,0:0:0:0:
64,192,74814,1,0,0:0:0:0:
192,192,74868,1,0,0:0:0:0:
320,192,74922,1,0,0:0:0:0:
448,192,74976,1,0,0:0:0:0:
64,192,75030,1,0,0:0:0:0:
320,192,75084,1,0,0:0:0:0:
192,192,75139,1,0,0:0:0:0:
448,192,75193,1,0,0:0:0:0:
192,192,75247,1,0,0:0:0:0:
320,192,75301,1,0,0:0:0:0:
64,192,75355,1,0,0:0:0:0:
448,192,75409,1,0,0:0:0:0:
192,192,75463,1,0,0:0:0:0:
320,192,75517,1,0,0:0:0:0:
64,192,75571,1,0,0:0:0:0:
192,192,75625,1,0,0:0:0:0:
320,192,75679,1,0,0:0:0:0:
448,192,75733,1,0,0:0:0:0:
64,192,75787,1,0,0:0:0:0:
320,192,75841,1,0,0:0:0:0:
192,192,75895,1,0,0:0:0:0:
448,192,75949,1,0,0:0:0:0:
192,192,76003,1,0,0:0:0:0:
320,192,76057,1,0,0:0:0:0:
64,192,76165,1,0,0:0:0:0:
320,192,76274,1,0,0:0:0:0:
64,192,76382,1,0,0:0:0:0:
320,192,76490,1,0,0:0:0:0:
64,192,76598,1,0,0:0:0:0:
320,192,76706,1,0,0:0:0:0:
64,192,76814,1,0,0:0:0:0:
448,192,76922,1,0,0:0:0:0:
320,192,77030,1,0,0:0:0:0:
448,192,77138,1,0,0:0:0:0:
320,192,77246,1,0,0:0:0:0:
448,192,77355,1,0,0:0:0:0:
320,192,77463,1,0,0:0:0:0:
448,192,77571,1,0,0:0:0:0:
320,192,77679,1,0,0:0:0:0:
64,192,77787,1,0,0:0:0:0:
192,192,77787,1,0,0:0:0:0:
448,192,77895,1,0,0:0:0:0:
64,192,78003,1,0,0:0:0:0:
320,192,78111,1,0,0:0:0:0:
448,192,78111,1,0,0:0:0:0:
192,192,78219,1,0,0:0:0:0:
64,192,78327,1,0,0:0:0:0:
192,192,78436,1,0,0:0:0:0:
448,192,78436,1,0,0:0:0:0:
320,192,78544,1,0,0:0:0:0:
64,192,78652,1,0,0:0:0:0:
448,192,78652,1,0,0:0:0:0:
192,192,78760,1,0,0:0:0:0:
320,192,78868,1,0,0:0:0:0:
192,192,78976,1,0,0:0:0:0:
64,192,79084,1,0,0:0:0:0:
320,192,79084,1,0,0:0:0:0:
448,192,79192,1,0,0:0:0:0:
320,192,79300,1,0,0:0:0:0:
192,192,79409,1,0,0:0:0:0:
64,192,79517,1,0,0:0:0:0:
448,0,79517,128,0,79814:1:0:0:0:
192,192,79625,1,0,0:0:0:0:
64,192,79733,1,0,0:0:0:0:
192,192,79841,1,0,0:0:0:0:
320,192,79841,1,0,0:0:0:0:
448,192,79949,1,0,0:0:0:0:
64,192,80057,1,0,0:0:0:0:
320,192,80165,1,0,0:0:0:0:
448,192,80165,1,0,0:0:0:0:
192,192,80273,1,0,0:0:0:0:
64,192,80381,1,0,0:0:0:0:
320,192,80381,1,0,0:0:0:0:
192,192,80490,1,0,0:0:0:0:
448,192,80598,1,0,0:0:0:0:
64,192,80706,1,0,0:0:0:0:
320,192,80814,1,0,0:0:0:0:
448,192,80814,1,0,0:0:0:0:
64,192,80922,1,0,0:0:0:0:
192,192,81030,1,0,0:0:0:0:
320,192,81138,1,0,0:0:0:0:
64,192,81246,1,0,0:0:0:0:
192,192,81246,1,0,0:0:0:0:
448,192,81354,1,0,0:0:0:0:
64,192,81462,1,0,0:0:0:0:
320,192,81571,1,0,0:0:0:0:
448,192,81571,1,0,0:0:0:0:
192,192,81679,1,0,0:0:0:0:
64,192,81787,1,0,0:0:0:0:
192,192,81895,1,0,0:0:0:0:
448,192,81895,1,0,0:0:0:0:
320,192,82003,1,0,0:0:0:0:
192,192,82111,1,0,0:0:0:0:
448,192,82111,1,0,0:0:0:0:
64,192,82219,1,0,0:0:0:0:
320,192,82327,1,0,0:0:0:0:
192,192,82435,1,0,0:0:0:0:
64,192,82543,1,0,0:0:0:0:
448,192,82543,1,0,0:0:0:0:
320,192,82652,1,0,0:0:0:0:
192,192,82760,1,0,0:0:0:0:
64,192,82868,1,0,0:0:0:0:
192,192,82976,1,0,0:0:0:0:
320,192,82976,1,0,0:0:0:0:
448,192,83084,1,0,0:0:0:0:
64,192,83192,1,0,0:0:0:0:
192,192,83300,1,0,0:0:0:0:
448,192,83300,1,0,0:0:0:0:
320,192,83408,1,0,0:0:0:0:
64,192,83516,1,0,0:0:0:0:
320,192,83624,1,0,0:0:0:0:
448,192,83624,1,0,0:0:0:0:
192,192,83733,1,0,0:0:0:0:
64,192,83841,1,0,0:0:0:0:
448,192,83841,1,0,0:0:0:0:
320,192,83949,1,0,0:0:0:0:
192,192,84057,1,0,0:0:0:0:
448,192,84165,1,0,0:0:0:0:
64,192,84273,1,0,0:0:0:0:
320,192,84273,1,0,0:0:0:0:
192,192,84381,1,0,0:0:0:0:
448,192,84489,1,0,0:0:0:0:
64,192,84597,1,0,0:0:0:0:
192,192,84705,1,0,0:0:0:0:
320,192,84705,1,0,0:0:0:0:
64,192,84814,1,0,0:0:0:0:
320,192,84922,1,0,0:0:0:0:
192,192,85030,1,0,0:0:0:0:
448,192,85030,1,0,0:0:0:0:
64,192,85138,1,0,0:0:0:0:
192,192,85246,1,0,0:0:0:0:
320,192,85354,1,0,0:0:0:0:
448,192,85354,1,0,0:0:0:0:
64,192,85462,1,0,0:0:0:0:
320,192,85570,1,0,0:0:0:0:
448,192,85570,1,0,0:0:0:0:
192,192,85678,1,0,0:0:0:0:
64,192,85786,1,0,0:0:0:0:
320,192,85895,1,0,0:0:0:0:
64,192,86003,1,0,0:0:0:0:
448,192,86003,1,0,0:0:0:0:
192,192,86192,1,0,0:0:0:0:
320,0,86462,128,0,86732:1:0:0:0:
64,192,87084,1,0,0:0:0:0:
320,192,87228,1,0,0:0:0:0:
192,192,87408,1,0,0:0:0:0:
448,0,87570,128,0,87894:1:0:0:0:
320,192,87921,1,0,0:0:0:0:
64,192,88111,1,0,0:0:0:0:
192,0,88300,128,0,88705:1:0:0:0:
320,192,89111,1,0,0:0:0:0:
64,0,89282,128,0,89750:1:0:0:0:
