osu file format v14

[General]
AudioFilename: audio.mp3
AudioLeadIn: 0
PreviewTime: 7553
Countdown: 0
SampleSet: None
StackLeniency: 0.7
Mode: 3
LetterboxInBreaks: 0
SpecialStyle: 0
WidescreenStoryboard: 1

[Editor]
DistanceSpacing: 3.6
BeatDivisor: 8
GridSize: 32
TimelineZoom: 1.9

[Metadata]
Title:La Mama de la Mama
TitleUnicode:La Mama de la Mama
Artist:El Alfa
ArtistUnicode:El Alfa
Creator:Gabokp
Version:la mama en 4k
Source:
Tags:
BeatmapID:3078333
BeatmapSetID:1502498

[Difficulty]
HPDrainRate:5
CircleSize:4
OverallDifficulty:5
ApproachRate:5
SliderMultiplier:1.4
SliderTickRate:1

[Events]
//Background and Video events
0,0,"vfsy4coj3ku61.jpg",0,0
//Break Periods
//Storyboard Layer 0 (Background)
//Storyboard Layer 1 (Fail)
//Storyboard Layer 2 (Pass)
//Storyboard Layer 3 (Foreground)
//Storyboard Layer 4 (Overlay)
//Storyboard Sound Samples

[TimingPoints]
7842,461.538461538462,4,1,0,100,1,0
7842,-100,4,1,0,5,0,0
12284,-100,4,1,0,5,0,0
12285,461.538461538462,4,1,0,5,1,0
19438,-100,4,1,0,5,0,0


[HitObjects]
448,192,7842,128,0,8304:0:0:0:0:
64,192,8304,1,0,0:0:0:0:
192,192,8650,128,0,8823:0:0:0:0:
448,192,8938,1,0,0:0:0:0:
320,192,9111,1,0,0:0:0:0:
64,192,9284,1,0,0:0:0:0:
192,192,9458,1,0,0:0:0:0:
448,192,9631,1,0,0:0:0:0:
320,192,9746,1,0,0:0:0:0:
64,192,9861,1,0,0:0:0:0:
192,192,9977,1,0,0:0:0:0:
448,192,10092,1,0,0:0:0:0:
320,192,10208,1,0,0:0:0:0:
64,192,10323,1,0,0:0:0:0:
192,192,10438,1,0,0:0:0:0:
448,192,10554,1,0,0:0:0:0:
320,192,10669,1,0,0:0:0:0:
64,192,10784,1,0,0:0:0:0:
320,192,10900,1,0,0:0:0:0:
192,192,11015,1,0,0:0:0:0:
448,192,11131,1,0,0:0:0:0:
320,192,11246,1,0,0:0:0:0:
64,192,11361,1,0,0:0:0:0:
192,192,11419,1,0,0:0:0:0:
320,192,11477,1,0,0:0:0:0:
64,192,11592,1,0,0:0:0:0:
192,192,11650,1,0,0:0:0:0:
320,192,11708,1,0,0:0:0:0:
448,192,11765,1,0,0:0:0:0:
192,192,11823,1,0,0:0:0:0:
320,192,11938,1,0,0:0:0:0:
64,192,12054,1,0,0:0:0:0:
448,192,12169,1,0,0:0:0:0:
320,192,12284,1,0,0:0:0:0:
64,192,12284,1,0,0:0:0:0:
192,192,12400,1,0,0:0:0:0:
448,192,12515,1,0,0:0:0:0:
320,192,12631,1,0,0:0:0:0:
64,192,12746,1,0,0:0:0:0:
448,192,12746,1,0,0:0:0:0:
192,192,12861,1,0,0:0:0:0:
448,192,12977,1,0,0:0:0:0:
192,192,13092,1,0,0:0:0:0:
64,192,13208,1,0,0:0:0:0:
320,192,13208,1,0,0:0:0:0:
448,192,13323,1,0,0:0:0:0:
192,192,13438,1,0,0:0:0:0:
320,192,13554,1,0,0:0:0:0:
192,192,13669,1,0,0:0:0:0:
448,192,13669,1,0,0:0:0:0:
64,192,13784,1,0,0:0:0:0:
192,192,13900,1,0,0:0:0:0:
448,192,14015,1,0,0:0:0:0:
320,192,14131,1,0,0:0:0:0:
64,192,14131,1,0,0:0:0:0:
192,192,14246,1,0,0:0:0:0:
448,192,14361,1,0,0:0:0:0:
64,192,14477,1,0,0:0:0:0:
320,192,14592,1,0,0:0:0:0:
448,192,14592,1,0,0:0:0:0:
192,192,14708,1,0,0:0:0:0:
448,192,14823,1,0,0:0:0:0:
320,192,14938,1,0,0:0:0:0:
64,192,15054,1,0,0:0:0:0:
448,192,15054,1,0,0:0:0:0:
192,192,15169,1,0,0:0:0:0:
448,192,15284,1,0,0:0:0:0:
192,192,15400,1,0,0:0:0:0:
64,192,15515,1,0,0:0:0:0:
448,192,15515,1,0,0:0:0:0:
320,192,15631,1,0,0:0:0:0:
320,192,15746,1,0,0:0:0:0:
64,192,15861,1,0,0:0:0:0:
192,192,15977,1,0,0:0:0:0:
448,192,15977,1,0,0:0:0:0:
64,192,16092,1,0,0:0:0:0:
320,192,16208,1,0,0:0:0:0:
448,192,16323,1,0,0:0:0:0:
320,192,16438,1,0,0:0:0:0:
64,192,16438,1,0,0:0:0:0:
192,192,16554,1,0,0:0:0:0:
448,192,16669,1,0,0:0:0:0:
64,192,16785,1,0,0:0:0:0:
448,192,16900,1,0,0:0:0:0:
192,192,16900,1,0,0:0:0:0:
64,192,17015,1,0,0:0:0:0:
448,192,17131,1,0,0:0:0:0:
320,192,17246,1,0,0:0:0:0:
64,192,17361,1,0,0:0:0:0:
448,192,17361,1,0,0:0:0:0:
192,192,17477,1,0,0:0:0:0:
448,192,17592,1,0,0:0:0:0:
192,192,17708,1,0,0:0:0:0:
64,192,17823,1,0,0:0:0:0:
320,192,17823,1,0,0:0:0:0:
448,192,17938,1,0,0:0:0:0:
192,192,18054,1,0,0:0:0:0:
320,192,18169,1,0,0:0:0:0:
192,192,18285,1,0,0:0:0:0:
448,192,18285,1,0,0:0:0:0:
64,192,18400,1,0,0:0:0:0:
192,192,18515,1,0,0:0:0:0:
448,192,18631,1,0,0:0:0:0:
320,192,18746,1,0,0:0:0:0:
64,192,18746,1,0,0:0:0:0:
192,192,18861,1,0,0:0:0:0:
448,192,18977,1,0,0:0:0:0:
64,192,19092,1,0,0:0:0:0:
320,192,19208,1,0,0:0:0:0:
192,192,19208,1,0,0:0:0:0:
192,192,19438,1,0,0:0:0:0:
192,192,19554,1,0,0:0:0:0:
320,192,19669,1,0,0:0:0:0:
448,192,19669,1,0,0:0:0:0:
448,192,19900,1,0,0:0:0:0:
320,192,20015,1,0,0:0:0:0:
192,192,20015,1,0,0:0:0:0:
64,192,20131,1,0,0:0:0:0:
448,192,20131,1,0,0:0:0:0:
192,192,20361,1,0,0:0:0:0:
320,192,20361,1,0,0:0:0:0:
448,192,20592,1,0,0:0:0:0:
320,192,20592,1,0,0:0:0:0:
64,192,20592,1,0,0:0:0:0:
192,192,20823,1,0,0:0:0:0:
448,192,20823,1,0,0:0:0:0:
64,192,21054,1,0,0:0:0:0:
320,192,21054,1,0,0:0:0:0:
448,192,21054,1,0,0:0:0:0:
320,192,21285,1,0,0:0:0:0:
64,192,21285,1,0,0:0:0:0:
192,192,21400,1,0,0:0:0:0:
320,192,21515,1,0,0:0:0:0:
64,192,21515,1,0,0:0:0:0:
448,192,21515,1,0,0:0:0:0:
448,192,21746,1,0,0:0:0:0:
64,192,21746,1,0,0:0:0:0:
320,192,21861,1,0,0:0:0:0:
192,192,21977,1,0,0:0:0:0:
448,192,21977,1,0,0:0:0:0:
64,192,21977,1,0,0:0:0:0:
192,192,22208,1,0,0:0:0:0:
448,192,22208,1,0,0:0:0:0:
320,192,22438,1,0,0:0:0:0:
64,192,22438,1,0,0:0:0:0:
448,192,22438,1,0,0:0:0:0:
192,192,22669,1,0,0:0:0:0:
448,192,22669,1,0,0:0:0:0:
320,192,22900,1,0,0:0:0:0:
64,192,22900,1,0,0:0:0:0:
192,192,22900,1,0,0:0:0:0:
192,192,23131,1,0,0:0:0:0:
192,192,23246,1,0,0:0:0:0:
64,192,23361,1,0,0:0:0:0:
320,192,23361,1,0,0:0:0:0:
448,192,23361,1,0,0:0:0:0:
448,192,23592,1,0,0:0:0:0:
192,192,23708,1,0,0:0:0:0:
320,192,23708,1,0,0:0:0:0:
64,192,23823,1,0,0:0:0:0:
448,192,23823,1,0,0:0:0:0:
192,192,24054,1,0,0:0:0:0:
448,192,24054,1,0,0:0:0:0:
192,192,24285,1,0,0:0:0:0:
64,192,24285,1,0,0:0:0:0:
448,192,24285,1,0,0:0:0:0:
192,192,24515,1,0,0:0:0:0:
320,192,24515,1,0,0:0:0:0:
64,192,24746,1,0,0:0:0:0:
448,192,24746,1,0,0:0:0:0:
192,192,24861,1,0,0:0:0:0:
448,192,24977,1,0,0:0:0:0:
320,192,24977,1,0,0:0:0:0:
192,192,25092,1,0,0:0:0:0:
320,192,25208,1,0,0:0:0:0:
64,192,25208,1,0,0:0:0:0:
448,192,25208,1,0,0:0:0:0:
448,192,25438,1,0,0:0:0:0:
320,192,25554,1,0,0:0:0:0:
192,192,25554,1,0,0:0:0:0:
64,192,25669,1,0,0:0:0:0:
448,192,25669,1,0,0:0:0:0:
192,192,25900,1,0,0:0:0:0:
448,192,25900,1,0,0:0:0:0:
64,192,26131,1,0,0:0:0:0:
192,192,26131,1,0,0:0:0:0:
448,192,26131,1,0,0:0:0:0:
320,192,26361,1,0,0:0:0:0:
192,192,26419,1,0,0:0:0:0:
320,192,26477,1,0,0:0:0:0:
192,192,26535,1,0,0:0:0:0:
64,192,26592,1,0,0:0:0:0:
320,192,26592,1,0,0:0:0:0:
448,192,26592,1,0,0:0:0:0:
192,192,26823,1,0,0:0:0:0:
320,192,26938,1,0,0:0:0:0:
448,192,27054,1,0,0:0:0:0:
64,192,27054,1,0,0:0:0:0:
192,192,27169,1,0,0:0:0:0:
448,192,27285,1,0,0:0:0:0:
320,192,27400,1,0,0:0:0:0:
64,192,27515,1,0,0:0:0:0:
448,192,27515,1,0,0:0:0:0:
192,192,27631,1,0,0:0:0:0:
448,192,27746,1,0,0:0:0:0:
192,192,27861,1,0,0:0:0:0:
64,192,27977,1,0,0:0:0:0:
320,192,27977,1,0,0:0:0:0:
448,192,28092,1,0,0:0:0:0:
192,192,28208,1,0,0:0:0:0:
320,192,28323,1,0,0:0:0:0:
192,192,28438,1,0,0:0:0:0:
448,192,28438,1,0,0:0:0:0:
64,192,28554,1,0,0:0:0:0:
192,192,28669,1,0,0:0:0:0:
448,192,28785,1,0,0:0:0:0:
320,192,28900,1,0,0:0:0:0:
64,192,28900,1,0,0:0:0:0:
192,192,29015,1,0,0:0:0:0:
448,192,29131,1,0,0:0:0:0:
64,192,29246,1,0,0:0:0:0:
320,192,29361,1,0,0:0:0:0:
448,192,29361,1,0,0:0:0:0:
192,192,29477,1,0,0:0:0:0:
448,192,29592,1,0,0:0:0:0:
320,192,29708,1,0,0:0:0:0:
64,192,29823,1,0,0:0:0:0:
448,192,29823,1,0,0:0:0:0:
192,192,29938,1,0,0:0:0:0:
448,192,30054,1,0,0:0:0:0:
192,192,30169,1,0,0:0:0:0:
64,192,30285,1,0,0:0:0:0:
320,192,30285,1,0,0:0:0:0:
448,192,30400,1,0,0:0:0:0:
448,192,30515,1,0,0:0:0:0:
320,192,30631,1,0,0:0:0:0:
192,192,30746,1,0,0:0:0:0:
64,192,30746,1,0,0:0:0:0:
448,192,30861,1,0,0:0:0:0:
192,192,30977,1,0,0:0:0:0:
448,192,31092,1,0,0:0:0:0:
320,192,31208,1,0,0:0:0:0:
64,192,31208,1,0,0:0:0:0:
192,192,31323,1,0,0:0:0:0:
448,192,31438,1,0,0:0:0:0:
64,192,31554,1,0,0:0:0:0:
448,192,31669,1,0,0:0:0:0:
192,192,31669,1,0,0:0:0:0:
64,192,31785,1,0,0:0:0:0:
448,192,31900,1,0,0:0:0:0:
320,192,32015,1,0,0:0:0:0:
64,192,32131,1,0,0:0:0:0:
448,192,32131,1,0,0:0:0:0:
192,192,32246,1,0,0:0:0:0:
448,192,32361,1,0,0:0:0:0:
192,192,32477,1,0,0:0:0:0:
64,192,32592,1,0,0:0:0:0:
320,192,32592,1,0,0:0:0:0:
448,192,32708,1,0,0:0:0:0:
192,192,32823,1,0,0:0:0:0:
320,192,32938,1,0,0:0:0:0:
192,192,33054,1,0,0:0:0:0:
448,192,33054,1,0,0:0:0:0:
64,192,33169,1,0,0:0:0:0:
192,192,33285,1,0,0:0:0:0:
448,192,33400,1,0,0:0:0:0:
320,192,33515,1,0,0:0:0:0:
64,192,33515,1,0,0:0:0:0:
192,192,33631,1,0,0:0:0:0:
448,192,33746,1,0,0:0:0:0:
64,192,33861,1,0,0:0:0:0:
320,192,33977,1,0,0:0:0:0:
192,192,33977,1,0,0:0:0:0:
448,192,34092,1,0,0:0:0:0:
64,192,34208,1,0,0:0:0:0:
320,192,34208,1,0,0:0:0:0:
192,192,34323,1,0,0:0:0:0:
320,192,34438,1,0,0:0:0:0:
448,192,34438,1,0,0:0:0:0:
