osu file format v14

[General]
AudioFilename: S6.mp3
AudioLeadIn: 0
PreviewTime: 17875
Countdown: 0
SampleSet: Normal
StackLeniency: 0.7
Mode: 3
LetterboxInBreaks: 0
SpecialStyle: 0
WidescreenStoryboard: 1

[Editor]
Bookmarks: 854
DistanceSpacing: 0.8
BeatDivisor: 8
GridSize: 16
TimelineZoom: 1.3

[Metadata]
Title:Dan ~ REFORM ~ SpeedMap Pack
TitleUnicode:Dan ~ REFORM ~ SpeedMap Pack
Artist:Various Artists
ArtistUnicode:Various Artists
Creator:DDMythical
Version:Luv Lab 22ate! ~ 6th ~ (Marathon)
Source:CBR x Choof // NBJS5
Tags:
BeatmapID:1318223
BeatmapSetID:598858

[Difficulty]
HPDrainRate:8
CircleSize:4
OverallDifficulty:8
ApproachRate:5
SliderMultiplier:1.4
SliderTickRate:1

[Events]
//Background and Video events
0,0,"Speed-6.png",0,0
//Break Periods
//Storyboard Layer 0 (Background)
//Storyboard Layer 1 (Fail)
//Storyboard Layer 2 (Pass)
//Storyboard Layer 3 (Foreground)
//Storyboard Sound Samples

[TimingPoints]
1100,263.152,4,1,0,15,1,0


[HitObjects]
64,192,1100,5,0,0:0:0:0:
448,192,1100,1,0,0:0:0:0:
320,192,1231,1,0,0:0:0:0:
192,192,1297,1,0,0:0:0:0:
320,192,1363,1,0,0:0:0:0:
64,192,1428,1,0,0:0:0:0:
448,192,1494,1,0,0:0:0:0:
64,192,1626,1,0,0:0:0:0:
192,192,1692,1,0,0:0:0:0:
320,192,1757,1,0,0:0:0:0:
448,192,1823,1,0,0:0:0:0:
64,192,1889,1,0,0:0:0:0:
320,192,2152,1,0,0:0:0:0:
448,192,2152,1,0,0:0:0:0:
64,192,2284,1,0,0:0:0:0:
320,192,2349,1,0,0:0:0:0:
192,192,2415,1,0,0:0:0:0:
448,192,2481,1,0,0:0:0:0:
192,192,2547,1,0,0:0:0:0:
64,192,2678,1,0,0:0:0:0:
320,192,2744,1,0,0:0:0:0:
192,192,2810,1,0,0:0:0:0:
448,192,2876,1,0,0:0:0:0:
64,192,2942,1,0,0:0:0:0:
192,192,3205,1,0,0:0:0:0:
448,192,3205,1,0,0:0:0:0:
64,192,3336,1,0,0:0:0:0:
320,192,3402,1,0,0:0:0:0:
192,192,3468,1,0,0:0:0:0:
448,192,3534,1,0,0:0:0:0:
320,192,3599,1,0,0:0:0:0:
448,192,3731,1,0,0:0:0:0:
320,192,3797,1,0,0:0:0:0:
192,192,3863,1,0,0:0:0:0:
64,192,3928,1,0,0:0:0:0:
448,192,3994,1,0,0:0:0:0:
64,192,4257,1,0,0:0:0:0:
192,192,4257,1,0,0:0:0:0:
320,192,4389,1,0,0:0:0:0:
192,192,4455,1,0,0:0:0:0:
448,192,4520,1,0,0:0:0:0:
64,192,4586,1,0,0:0:0:0:
320,192,4652,1,0,0:0:0:0:
448,192,4784,1,0,0:0:0:0:
192,192,4849,1,0,0:0:0:0:
64,192,4915,1,0,0:0:0:0:
320,192,4981,1,0,0:0:0:0:
192,192,5047,1,0,0:0:0:0:
64,192,5310,1,0,0:0:0:0:
448,192,5310,1,0,0:0:0:0:
320,192,5442,1,0,0:0:0:0:
192,192,5507,1,0,0:0:0:0:
320,192,5573,1,0,0:0:0:0:
64,192,5639,1,0,0:0:0:0:
448,192,5705,1,0,0:0:0:0:
64,192,5836,1,0,0:0:0:0:
192,192,5902,1,0,0:0:0:0:
320,192,5968,1,0,0:0:0:0:
448,192,6034,1,0,0:0:0:0:
64,192,6099,1,0,0:0:0:0:
320,192,6363,1,0,0:0:0:0:
448,192,6363,1,0,0:0:0:0:
64,192,6494,1,0,0:0:0:0:
320,192,6560,1,0,0:0:0:0:
192,192,6626,1,0,0:0:0:0:
448,192,6691,1,0,0:0:0:0:
192,192,6757,1,0,0:0:0:0:
64,192,6889,1,0,0:0:0:0:
320,192,6955,1,0,0:0:0:0:
192,192,7020,1,0,0:0:0:0:
448,192,7086,1,0,0:0:0:0:
64,192,7152,1,0,0:0:0:0:
192,192,7415,1,0,0:0:0:0:
448,192,7415,1,0,0:0:0:0:
64,192,7547,1,0,0:0:0:0:
320,192,7613,1,0,0:0:0:0:
192,192,7678,1,0,0:0:0:0:
448,192,7744,1,0,0:0:0:0:
320,192,7810,1,0,0:0:0:0:
448,192,7941,1,0,0:0:0:0:
320,192,8007,1,0,0:0:0:0:
192,192,8073,1,0,0:0:0:0:
64,192,8139,1,0,0:0:0:0:
448,192,8205,1,0,0:0:0:0:
64,192,8468,1,0,0:0:0:0:
192,192,8468,1,0,0:0:0:0:
320,192,8599,1,0,0:0:0:0:
192,192,8665,1,0,0:0:0:0:
448,192,8731,1,0,0:0:0:0:
64,192,8797,1,0,0:0:0:0:
320,192,8862,1,0,0:0:0:0:
64,192,8994,1,0,0:0:0:0:
192,192,9060,1,0,0:0:0:0:
320,192,9126,1,0,0:0:0:0:
448,192,9191,1,0,0:0:0:0:
320,192,9257,1,0,0:0:0:0:
64,192,9520,1,0,0:0:0:0:
448,192,9520,1,0,0:0:0:0:
320,192,9652,1,0,0:0:0:0:
192,192,9718,1,0,0:0:0:0:
320,192,9784,1,0,0:0:0:0:
64,192,9849,1,0,0:0:0:0:
448,192,9915,1,0,0:0:0:0:
64,192,10047,1,0,0:0:0:0:
320,192,10047,1,0,0:0:0:0:
192,192,10112,1,0,0:0:0:0:
320,192,10178,1,0,0:0:0:0:
448,192,10178,1,0,0:0:0:0:
192,192,10244,1,0,0:0:0:0:
64,192,10310,1,0,0:0:0:0:
320,192,10573,1,0,0:0:0:0:
448,192,10573,1,0,0:0:0:0:
64,192,10705,1,0,0:0:0:0:
320,192,10770,1,0,0:0:0:0:
192,192,10836,1,0,0:0:0:0:
448,192,10902,1,0,0:0:0:0:
192,192,10968,1,0,0:0:0:0:
64,192,11099,1,0,0:0:0:0:
448,192,11099,1,0,0:0:0:0:
320,192,11165,1,0,0:0:0:0:
192,192,11231,1,0,0:0:0:0:
320,192,11297,1,0,0:0:0:0:
64,192,11362,1,0,0:0:0:0:
448,192,11362,1,0,0:0:0:0:
192,192,11626,1,0,0:0:0:0:
448,192,11626,1,0,0:0:0:0:
64,192,11757,1,0,0:0:0:0:
320,192,11823,1,0,0:0:0:0:
192,192,11889,1,0,0:0:0:0:
448,192,11955,1,0,0:0:0:0:
320,192,12020,1,0,0:0:0:0:
64,192,12152,1,0,0:0:0:0:
448,192,12152,1,0,0:0:0:0:
320,192,12218,1,0,0:0:0:0:
192,192,12283,1,0,0:0:0:0:
64,192,12349,1,0,0:0:0:0:
320,192,12415,1,0,0:0:0:0:
448,192,12415,1,0,0:0:0:0:
192,192,12547,1,0,0:0:0:0:
64,192,12678,1,0,0:0:0:0:
320,192,12678,1,0,0:0:0:0:
192,192,12810,1,0,0:0:0:0:
320,192,12876,1,0,0:0:0:0:
64,192,12941,1,0,0:0:0:0:
448,192,13007,1,0,0:0:0:0:
192,192,13073,1,0,0:0:0:0:
320,192,13204,1,0,0:0:0:0:
448,192,13204,1,0,0:0:0:0:
64,192,13270,1,0,0:0:0:0:
192,192,13336,1,0,0:0:0:0:
320,192,13336,1,0,0:0:0:0:
448,192,13402,1,0,0:0:0:0:
64,192,13468,1,0,0:0:0:0:
192,192,13468,1,0,0:0:0:0:
64,192,13731,1,0,0:0:0:0:
448,192,13731,1,0,0:0:0:0:
192,192,13862,1,0,0:0:0:0:
320,192,13928,1,0,0:0:0:0:
448,192,13994,1,0,0:0:0:0:
192,192,14060,1,0,0:0:0:0:
320,192,14126,1,0,0:0:0:0:
64,192,14191,1,0,0:0:0:0:
192,192,14257,1,0,0:0:0:0:
448,192,14257,1,0,0:0:0:0:
320,192,14323,1,0,0:0:0:0:
192,192,14389,1,0,0:0:0:0:
64,192,14454,1,0,0:0:0:0:
320,192,14520,1,0,0:0:0:0:
448,192,14520,1,0,0:0:0:0:
192,192,14586,1,0,0:0:0:0:
448,192,14652,1,0,0:0:0:0:
64,192,14718,1,0,0:0:0:0:
320,192,14783,1,0,0:0:0:0:
448,192,14783,1,0,0:0:0:0:
64,192,14915,1,0,0:0:0:0:
192,192,14981,1,0,0:0:0:0:
320,192,15047,1,0,0:0:0:0:
448,192,15112,1,0,0:0:0:0:
320,192,15178,1,0,0:0:0:0:
192,192,15244,1,0,0:0:0:0:
64,192,15310,1,0,0:0:0:0:
448,192,15310,1,0,0:0:0:0:
320,192,15375,1,0,0:0:0:0:
64,192,15441,1,0,0:0:0:0:
192,192,15441,1,0,0:0:0:0:
448,192,15507,1,0,0:0:0:0:
64,192,15573,1,0,0:0:0:0:
320,192,15573,1,0,0:0:0:0:
192,192,15639,1,0,0:0:0:0:
320,192,15704,1,0,0:0:0:0:
448,192,15770,1,0,0:0:0:0:
64,192,15836,1,0,0:0:0:0:
192,192,15836,1,0,0:0:0:0:
448,192,15968,1,0,0:0:0:0:
192,192,16033,1,0,0:0:0:0:
448,192,16099,1,0,0:0:0:0:
64,192,16165,1,0,0:0:0:0:
320,192,16231,1,0,0:0:0:0:
192,192,16297,1,0,0:0:0:0:
64,192,16362,1,0,0:0:0:0:
448,192,16362,1,0,0:0:0:0:
320,192,16428,1,0,0:0:0:0:
192,192,16494,1,0,0:0:0:0:
64,192,16560,1,0,0:0:0:0:
320,192,16625,1,0,0:0:0:0:
448,192,16625,1,0,0:0:0:0:
192,192,16691,1,0,0:0:0:0:
448,192,16757,1,0,0:0:0:0:
64,192,16823,1,0,0:0:0:0:
320,192,16889,1,0,0:0:0:0:
448,192,16889,1,0,0:0:0:0:
192,192,16938,1,0,0:0:0:0:
64,192,16971,1,0,0:0:0:0:
320,192,17020,1,0,0:0:0:0:
192,192,17070,1,0,0:0:0:0:
448,192,17102,1,0,0:0:0:0:
320,192,17152,1,0,0:0:0:0:
192,192,17201,1,0,0:0:0:0:
64,192,17234,1,0,0:0:0:0:
320,192,17283,1,0,0:0:0:0:
192,192,17333,1,0,0:0:0:0:
448,192,17366,1,0,0:0:0:0:
64,192,17415,1,0,0:0:0:0:
192,192,17448,1,0,0:0:0:0:
320,192,17481,1,0,0:0:0:0:
448,192,17514,1,0,0:0:0:0:
64,192,17547,1,0,0:0:0:0:
192,192,17579,1,0,0:0:0:0:
320,192,17612,1,0,0:0:0:0:
448,192,17645,1,0,0:0:0:0:
192,0,17678,128,0,17941:1:0:0:0:
64,192,17941,1,0,0:0:0:0:
192,192,18204,1,0,0:0:0:0:
448,192,18204,1,0,0:0:0:0:
64,192,18468,1,0,0:0:0:0:
320,192,18468,1,0,0:0:0:0:
448,192,18468,1,0,0:0:0:0:
192,192,18533,1,0,0:0:0:0:
64,192,18599,1,0,0:0:0:0:
64,192,18731,1,0,0:0:0:0:
192,192,18731,1,0,0:0:0:0:
320,192,18731,1,0,0:0:0:0:
448,192,18731,1,0,0:0:0:0:
64,192,18994,1,0,0:0:0:0:
192,192,18994,1,0,0:0:0:0:
448,192,18994,1,0,0:0:0:0:
320,192,19060,1,0,0:0:0:0:
448,192,19125,1,0,0:0:0:0:
64,192,19191,1,0,0:0:0:0:
192,192,19257,1,0,0:0:0:0:
448,192,19257,1,0,0:0:0:0:
320,192,19323,1,0,0:0:0:0:
192,192,19389,1,0,0:0:0:0:
64,192,19454,1,0,0:0:0:0:
320,192,19520,1,0,0:0:0:0:
448,192,19520,1,0,0:0:0:0:
192,192,19586,1,0,0:0:0:0:
64,192,19652,1,0,0:0:0:0:
320,192,19718,1,0,0:0:0:0:
192,192,19783,1,0,0:0:0:0:
448,192,19783,1,0,0:0:0:0:
320,192,19849,1,0,0:0:0:0:
64,192,19915,1,0,0:0:0:0:
192,192,19981,1,0,0:0:0:0:
320,192,20046,1,0,0:0:0:0:
448,192,20046,1,0,0:0:0:0:
192,192,20112,1,0,0:0:0:0:
64,192,20178,1,0,0:0:0:0:
320,192,20244,1,0,0:0:0:0:
64,192,20310,1,0,0:0:0:0:
448,192,20310,1,0,0:0:0:0:
192,192,20375,1,0,0:0:0:0:
320,192,20441,1,0,0:0:0:0:
64,192,20507,1,0,0:0:0:0:
320,192,20573,1,0,0:0:0:0:
448,192,20573,1,0,0:0:0:0:
192,192,20639,1,0,0:0:0:0:
64,192,20704,1,0,0:0:0:0:
448,192,20770,1,0,0:0:0:0:
64,192,20836,1,0,0:0:0:0:
192,192,20836,1,0,0:0:0:0:
320,192,20902,1,0,0:0:0:0:
448,192,20967,1,0,0:0:0:0:
64,192,21033,1,0,0:0:0:0:
192,192,21099,1,0,0:0:0:0:
448,192,21099,1,0,0:0:0:0:
320,192,21165,1,0,0:0:0:0:
192,192,21231,1,0,0:0:0:0:
64,192,21296,1,0,0:0:0:0:
320,192,21362,1,0,0:0:0:0:
448,192,21362,1,0,0:0:0:0:
192,192,21428,1,0,0:0:0:0:
64,192,21494,1,0,0:0:0:0:
320,192,21560,1,0,0:0:0:0:
192,192,21625,1,0,0:0:0:0:
448,192,21625,1,0,0:0:0:0:
320,192,21691,1,0,0:0:0:0:
192,192,21757,1,0,0:0:0:0:
64,192,21823,1,0,0:0:0:0:
320,192,21889,1,0,0:0:0:0:
448,192,21889,1,0,0:0:0:0:
192,192,21954,1,0,0:0:0:0:
64,192,22020,1,0,0:0:0:0:
320,192,22086,1,0,0:0:0:0:
192,192,22152,1,0,0:0:0:0:
448,192,22152,1,0,0:0:0:0:
64,192,22217,1,0,0:0:0:0:
320,192,22283,1,0,0:0:0:0:
192,192,22349,1,0,0:0:0:0:
320,192,22415,1,0,0:0:0:0:
448,192,22415,1,0,0:0:0:0:
64,192,22481,1,0,0:0:0:0:
192,192,22546,1,0,0:0:0:0:
320,192,22612,1,0,0:0:0:0:
64,192,22678,1,0,0:0:0:0:
448,192,22678,1,0,0:0:0:0:
192,192,22744,1,0,0:0:0:0:
320,192,22810,1,0,0:0:0:0:
64,192,22875,1,0,0:0:0:0:
320,192,22941,1,0,0:0:0:0:
448,192,22941,1,0,0:0:0:0:
192,192,23007,1,0,0:0:0:0:
320,192,23073,1,0,0:0:0:0:
448,192,23073,1,0,0:0:0:0:
64,192,23138,1,0,0:0:0:0:
320,192,23204,1,0,0:0:0:0:
448,192,23204,1,0,0:0:0:0:
192,192,23270,1,0,0:0:0:0:
64,192,23336,1,0,0:0:0:0:
448,192,23402,1,0,0:0:0:0:
64,192,23467,1,0,0:0:0:0:
320,192,23467,1,0,0:0:0:0:
192,192,23533,1,0,0:0:0:0:
320,192,23599,1,0,0:0:0:0:
448,192,23665,1,0,0:0:0:0:
64,192,23731,1,0,0:0:0:0:
192,192,23731,1,0,0:0:0:0:
320,192,23796,1,0,0:0:0:0:
192,192,23862,1,0,0:0:0:0:
64,192,23928,1,0,0:0:0:0:
320,192,23994,1,0,0:0:0:0:
448,192,23994,1,0,0:0:0:0:
64,192,24060,1,0,0:0:0:0:
448,192,24125,1,0,0:0:0:0:
320,192,24191,1,0,0:0:0:0:
64,192,24257,1,0,0:0:0:0:
192,192,24257,1,0,0:0:0:0:
320,192,24323,1,0,0:0:0:0:
448,192,24388,1,0,0:0:0:0:
192,192,24454,1,0,0:0:0:0:
64,192,24520,1,0,0:0:0:0:
448,192,24520,1,0,0:0:0:0:
320,192,24586,1,0,0:0:0:0:
192,192,24652,1,0,0:0:0:0:
448,192,24717,1,0,0:0:0:0:
64,192,24783,1,0,0:0:0:0:
320,192,24783,1,0,0:0:0:0:
192,192,24849,1,0,0:0:0:0:
64,192,24915,1,0,0:0:0:0:
192,192,24981,1,0,0:0:0:0:
320,192,25046,1,0,0:0:0:0:
448,192,25046,1,0,0:0:0:0:
64,192,25112,1,0,0:0:0:0:
192,192,25178,1,0,0:0:0:0:
320,192,25244,1,0,0:0:0:0:
64,192,25309,1,0,0:0:0:0:
448,192,25309,1,0,0:0:0:0:
192,192,25375,1,0,0:0:0:0:
320,192,25441,1,0,0:0:0:0:
448,192,25507,1,0,0:0:0:0:
64,192,25573,1,0,0:0:0:0:
320,192,25573,1,0,0:0:0:0:
192,192,25638,1,0,0:0:0:0:
320,192,25704,1,0,0:0:0:0:
448,192,25770,1,0,0:0:0:0:
64,192,25836,1,0,0:0:0:0:
192,192,25836,1,0,0:0:0:0:
320,192,25902,1,0,0:0:0:0:
448,192,25967,1,0,0:0:0:0:
192,192,26033,1,0,0:0:0:0:
64,192,26099,1,0,0:0:0:0:
320,192,26099,1,0,0:0:0:0:
448,192,26165,1,0,0:0:0:0:
320,192,26231,1,0,0:0:0:0:
192,192,26296,1,0,0:0:0:0:
64,192,26362,1,0,0:0:0:0:
448,192,26362,1,0,0:0:0:0:
320,192,26428,1,0,0:0:0:0:
192,192,26494,1,0,0:0:0:0:
448,192,26559,1,0,0:0:0:0:
64,192,26625,1,0,0:0:0:0:
192,192,26625,1,0,0:0:0:0:
320,192,26691,1,0,0:0:0:0:
64,192,26757,1,0,0:0:0:0:
192,192,26823,1,0,0:0:0:0:
320,192,26888,1,0,0:0:0:0:
448,192,26888,1,0,0:0:0:0:
64,192,26954,1,0,0:0:0:0:
192,192,26954,1,0,0:0:0:0:
320,192,27020,1,0,0:0:0:0:
448,192,27020,1,0,0:0:0:0:
64,192,27152,1,0,0:0:0:0:
192,192,27152,1,0,0:0:0:0:
192,192,27283,1,0,0:0:0:0:
320,0,27415,128,0,27678:1:0:0:0:
64,192,27678,1,0,0:0:0:0:
192,192,27678,1,0,0:0:0:0:
448,192,27678,1,0,0:0:0:0:
320,192,27744,1,0,0:0:0:0:
192,192,27809,1,0,0:0:0:0:
64,192,27875,1,0,0:0:0:0:
320,192,27941,1,0,0:0:0:0:
448,192,27941,1,0,0:0:0:0:
192,192,28007,1,0,0:0:0:0:
448,192,28073,1,0,0:0:0:0:
64,192,28138,1,0,0:0:0:0:
192,192,28204,1,0,0:0:0:0:
448,192,28204,1,0,0:0:0:0:
320,192,28270,1,0,0:0:0:0:
64,192,28336,1,0,0:0:0:0:
192,192,28402,1,0,0:0:0:0:
320,192,28467,1,0,0:0:0:0:
448,192,28467,1,0,0:0:0:0:
192,192,28533,1,0,0:0:0:0:
64,192,28599,1,0,0:0:0:0:
320,192,28665,1,0,0:0:0:0:
64,192,28730,1,0,0:0:0:0:
448,192,28730,1,0,0:0:0:0:
192,192,28796,1,0,0:0:0:0:
320,192,28862,1,0,0:0:0:0:
64,192,28928,1,0,0:0:0:0:
320,192,28994,1,0,0:0:0:0:
448,192,28994,1,0,0:0:0:0:
192,192,29059,1,0,0:0:0:0:
320,192,29125,1,0,0:0:0:0:
448,192,29191,1,0,0:0:0:0:
64,192,29257,1,0,0:0:0:0:
192,192,29257,1,0,0:0:0:0:
320,192,29323,1,0,0:0:0:0:
448,192,29388,1,0,0:0:0:0:
64,192,29454,1,0,0:0:0:0:
192,192,29520,1,0,0:0:0:0:
448,192,29520,1,0,0:0:0:0:
320,192,29586,1,0,0:0:0:0:
192,192,29651,1,0,0:0:0:0:
64,192,29717,1,0,0:0:0:0:
320,192,29783,1,0,0:0:0:0:
448,192,29783,1,0,0:0:0:0:
192,192,29849,1,0,0:0:0:0:
64,192,29915,1,0,0:0:0:0:
192,192,29980,1,0,0:0:0:0:
320,192,30046,1,0,0:0:0:0:
448,192,30046,1,0,0:0:0:0:
64,192,30112,1,0,0:0:0:0:
192,192,30178,1,0,0:0:0:0:
320,192,30244,1,0,0:0:0:0:
192,192,30309,1,0,0:0:0:0:
448,192,30309,1,0,0:0:0:0:
64,192,30375,1,0,0:0:0:0:
320,192,30441,1,0,0:0:0:0:
64,192,30507,1,0,0:0:0:0:
192,192,30573,1,0,0:0:0:0:
448,192,30573,1,0,0:0:0:0:
320,192,30638,1,0,0:0:0:0:
192,192,30704,1,0,0:0:0:0:
64,192,30770,1,0,0:0:0:0:
320,192,30836,1,0,0:0:0:0:
448,192,30836,1,0,0:0:0:0:
64,192,30901,1,0,0:0:0:0:
192,192,30967,1,0,0:0:0:0:
320,192,31033,1,0,0:0:0:0:
192,192,31099,1,0,0:0:0:0:
448,192,31099,1,0,0:0:0:0:
64,192,31165,1,0,0:0:0:0:
192,192,31230,1,0,0:0:0:0:
320,192,31296,1,0,0:0:0:0:
64,192,31362,1,0,0:0:0:0:
448,192,31362,1,0,0:0:0:0:
192,192,31428,1,0,0:0:0:0:
64,192,31494,1,0,0:0:0:0:
448,192,31494,1,0,0:0:0:0:
192,192,31559,1,0,0:0:0:0:
320,192,31625,1,0,0:0:0:0:
448,192,31625,1,0,0:0:0:0:
192,192,31691,1,0,0:0:0:0:
64,192,31757,1,0,0:0:0:0:
448,192,31822,1,0,0:0:0:0:
64,192,31888,1,0,0:0:0:0:
320,192,31888,1,0,0:0:0:0:
192,192,31954,1,0,0:0:0:0:
320,192,32020,1,0,0:0:0:0:
448,192,32086,1,0,0:0:0:0:
64,192,32151,1,0,0:0:0:0:
192,192,32151,1,0,0:0:0:0:
320,192,32217,1,0,0:0:0:0:
64,192,32283,1,0,0:0:0:0:
192,192,32349,1,0,0:0:0:0:
320,192,32415,1,0,0:0:0:0:
448,192,32415,1,0,0:0:0:0:
64,192,32480,1,0,0:0:0:0:
448,192,32546,1,0,0:0:0:0:
320,192,32612,1,0,0:0:0:0:
64,192,32678,1,0,0:0:0:0:
192,192,32678,1,0,0:0:0:0:
320,192,32744,1,0,0:0:0:0:
448,192,32809,1,0,0:0:0:0:
192,192,32875,1,0,0:0:0:0:
64,192,32941,1,0,0:0:0:0:
448,192,32941,1,0,0:0:0:0:
320,192,33007,1,0,0:0:0:0:
192,192,33072,1,0,0:0:0:0:
448,192,33138,1,0,0:0:0:0:
64,192,33204,1,0,0:0:0:0:
192,192,33204,1,0,0:0:0:0:
448,192,33270,1,0,0:0:0:0:
320,192,33336,1,0,0:0:0:0:
192,192,33401,1,0,0:0:0:0:
320,192,33467,1,0,0:0:0:0:
448,192,33467,1,0,0:0:0:0:
192,192,33533,1,0,0:0:0:0:
64,192,33599,1,0,0:0:0:0:
448,192,33665,1,0,0:0:0:0:
64,192,33730,1,0,0:0:0:0:
320,192,33730,1,0,0:0:0:0:
192,192,33796,1,0,0:0:0:0:
320,192,33862,1,0,0:0:0:0:
448,192,33928,1,0,0:0:0:0:
64,192,33994,1,0,0:0:0:0:
320,192,34059,1,0,0:0:0:0:
192,192,34125,1,0,0:0:0:0:
448,192,34191,1,0,0:0:0:0:
64,192,34257,1,0,0:0:0:0:
192,192,34257,1,0,0:0:0:0:
448,192,34322,1,0,0:0:0:0:
320,192,34388,1,0,0:0:0:0:
192,192,34454,1,0,0:0:0:0:
64,192,34520,1,0,0:0:0:0:
448,192,34520,1,0,0:0:0:0:
320,192,34586,1,0,0:0:0:0:
192,192,34651,1,0,0:0:0:0:
448,192,34717,1,0,0:0:0:0:
64,192,34783,1,0,0:0:0:0:
192,192,34783,1,0,0:0:0:0:
448,192,35046,1,0,0:0:0:0:
320,192,35063,1,0,0:0:0:0:
192,192,35095,1,0,0:0:0:0:
64,192,35112,1,0,0:0:0:0:
448,192,35145,1,0,0:0:0:0:
320,192,35178,1,0,0:0:0:0:
192,192,35211,1,0,0:0:0:0:
64,192,35243,1,0,0:0:0:0:
448,192,35276,1,0,0:0:0:0:
320,192,35309,1,0,0:0:0:0:
192,192,35375,1,0,0:0:0:0:
320,192,35441,1,0,0:0:0:0:
192,192,35507,1,0,0:0:0:0:
320,0,35572,128,0,35836:1:0:0:0:
64,192,35836,1,0,0:0:0:0:
192,192,35836,1,0,0:0:0:0:
448,192,35836,1,0,0:0:0:0:
320,192,35967,1,0,0:0:0:0:
192,192,36033,1,0,0:0:0:0:
64,192,36099,1,0,0:0:0:0:
448,192,36099,1,0,0:0:0:0:
320,192,36165,1,0,0:0:0:0:
192,192,36230,1,0,0:0:0:0:
64,192,36362,1,0,0:0:0:0:
320,192,36362,1,0,0:0:0:0:
192,192,36493,1,0,0:0:0:0:
320,192,36559,1,0,0:0:0:0:
64,192,36625,1,0,0:0:0:0:
448,192,36625,1,0,0:0:0:0:
192,192,36691,1,0,0:0:0:0:
320,192,36757,1,0,0:0:0:0:
64,192,36888,1,0,0:0:0:0:
448,192,36888,1,0,0:0:0:0:
192,192,37020,1,0,0:0:0:0:
448,192,37086,1,0,0:0:0:0:
64,192,37151,1,0,0:0:0:0:
192,192,37217,1,0,0:0:0:0:
448,192,37283,1,0,0:0:0:0:
64,192,37414,1,0,0:0:0:0:
192,192,37414,1,0,0:0:0:0:
448,192,37480,1,0,0:0:0:0:
192,192,37612,1,0,0:0:0:0:
320,192,37678,1,0,0:0:0:0:
448,192,37678,1,0,0:0:0:0:
64,192,37743,1,0,0:0:0:0:
320,192,37809,1,0,0:0:0:0:
64,192,37875,1,0,0:0:0:0:
192,192,37941,1,0,0:0:0:0:
448,192,37941,1,0,0:0:0:0:
64,192,38072,1,0,0:0:0:0:
320,192,38138,1,0,0:0:0:0:
192,192,38204,1,0,0:0:0:0:
448,192,38204,1,0,0:0:0:0:
320,192,38270,1,0,0:0:0:0:
64,192,38336,1,0,0:0:0:0:
192,192,38467,1,0,0:0:0:0:
320,192,38467,1,0,0:0:0:0:
448,192,38599,1,0,0:0:0:0:
192,192,38664,1,0,0:0:0:0:
320,192,38730,1,0,0:0:0:0:
448,192,38730,1,0,0:0:0:0:
64,192,38796,1,0,0:0:0:0:
192,192,38862,1,0,0:0:0:0:
320,192,38993,1,0,0:0:0:0:
448,192,38993,1,0,0:0:0:0:
64,192,39125,1,0,0:0:0:0:
320,192,39191,1,0,0:0:0:0:
448,192,39257,1,0,0:0:0:0:
64,192,39322,1,0,0:0:0:0:
320,192,39388,1,0,0:0:0:0:
64,192,39520,1,0,0:0:0:0:
448,192,39520,1,0,0:0:0:0:
320,192,39585,1,0,0:0:0:0:
64,192,39717,1,0,0:0:0:0:
320,192,39783,1,0,0:0:0:0:
448,192,39783,1,0,0:0:0:0:
192,192,39849,1,0,0:0:0:0:
320,192,39914,1,0,0:0:0:0:
448,192,39914,1,0,0:0:0:0:
64,192,39980,1,0,0:0:0:0:
320,192,40046,1,0,0:0:0:0:
448,192,40046,1,0,0:0:0:0:
192,192,40178,1,0,0:0:0:0:
448,192,40243,1,0,0:0:0:0:
64,192,40309,1,0,0:0:0:0:
320,192,40309,1,0,0:0:0:0:
192,192,40375,1,0,0:0:0:0:
320,192,40441,1,0,0:0:0:0:
64,192,40572,1,0,0:0:0:0:
448,192,40572,1,0,0:0:0:0:
192,192,40704,1,0,0:0:0:0:
320,192,40770,1,0,0:0:0:0:
64,192,40835,1,0,0:0:0:0:
448,192,40835,1,0,0:0:0:0:
192,192,40901,1,0,0:0:0:0:
320,192,40967,1,0,0:0:0:0:
64,192,41033,1,0,0:0:0:0:
192,192,41099,1,0,0:0:0:0:
448,192,41099,1,0,0:0:0:0:
64,192,41230,1,0,0:0:0:0:
448,192,41296,1,0,0:0:0:0:
320,192,41362,1,0,0:0:0:0:
64,192,41428,1,0,0:0:0:0:
448,192,41493,1,0,0:0:0:0:
64,192,41625,1,0,0:0:0:0:
192,192,41625,1,0,0:0:0:0:
448,192,41691,1,0,0:0:0:0:
64,192,41822,1,0,0:0:0:0:
320,192,41888,1,0,0:0:0:0:
448,192,41888,1,0,0:0:0:0:
64,192,41954,1,0,0:0:0:0:
320,192,42020,1,0,0:0:0:0:
192,192,42085,1,0,0:0:0:0:
64,192,42151,1,0,0:0:0:0:
448,192,42151,1,0,0:0:0:0:
64,192,42283,1,0,0:0:0:0:
320,192,42349,1,0,0:0:0:0:
64,192,42414,1,0,0:0:0:0:
448,192,42414,1,0,0:0:0:0:
192,192,42480,1,0,0:0:0:0:
320,192,42546,1,0,0:0:0:0:
192,192,42678,1,0,0:0:0:0:
448,192,42678,1,0,0:0:0:0:
64,192,42809,1,0,0:0:0:0:
192,192,42875,1,0,0:0:0:0:
64,192,42941,1,0,0:0:0:0:
320,192,42941,1,0,0:0:0:0:
448,192,43006,1,0,0:0:0:0:
192,192,43072,1,0,0:0:0:0:
64,192,43138,1,0,0:0:0:0:
320,192,43204,1,0,0:0:0:0:
448,192,43204,1,0,0:0:0:0:
192,192,43335,1,0,0:0:0:0:
448,192,43401,1,0,0:0:0:0:
192,192,43467,1,0,0:0:0:0:
64,192,43533,1,0,0:0:0:0:
320,192,43599,1,0,0:0:0:0:
64,192,43730,1,0,0:0:0:0:
448,192,43730,1,0,0:0:0:0:
192,192,43796,1,0,0:0:0:0:
320,192,43796,1,0,0:0:0:0:
64,192,43862,1,0,0:0:0:0:
448,192,43862,1,0,0:0:0:0:
192,192,43927,1,0,0:0:0:0:
448,192,43993,1,0,0:0:0:0:
64,192,44059,1,0,0:0:0:0:
320,192,44125,1,0,0:0:0:0:
192,192,44191,1,0,0:0:0:0:
64,192,44256,1,0,0:0:0:0:
320,192,44256,1,0,0:0:0:0:
448,192,44256,1,0,0:0:0:0:
192,192,44388,1,0,0:0:0:0:
320,192,44454,1,0,0:0:0:0:
64,192,44520,1,0,0:0:0:0:
448,192,44520,1,0,0:0:0:0:
192,192,44585,1,0,0:0:0:0:
320,192,44651,1,0,0:0:0:0:
192,192,44783,1,0,0:0:0:0:
448,192,44783,1,0,0:0:0:0:
320,192,44914,1,0,0:0:0:0:
192,192,44980,1,0,0:0:0:0:
64,192,45046,1,0,0:0:0:0:
448,192,45046,1,0,0:0:0:0:
320,192,45112,1,0,0:0:0:0:
192,192,45177,1,0,0:0:0:0:
64,192,45309,1,0,0:0:0:0:
448,192,45309,1,0,0:0:0:0:
320,192,45441,1,0,0:0:0:0:
64,192,45506,1,0,0:0:0:0:
448,192,45572,1,0,0:0:0:0:
320,192,45638,1,0,0:0:0:0:
64,192,45704,1,0,0:0:0:0:
320,192,45835,1,0,0:0:0:0:
448,192,45835,1,0,0:0:0:0:
64,192,45901,1,0,0:0:0:0:
320,192,46033,1,0,0:0:0:0:
64,192,46098,1,0,0:0:0:0:
192,192,46098,1,0,0:0:0:0:
448,192,46164,1,0,0:0:0:0:
192,192,46230,1,0,0:0:0:0:
448,192,46296,1,0,0:0:0:0:
64,192,46362,1,0,0:0:0:0:
320,192,46362,1,0,0:0:0:0:
448,192,46493,1,0,0:0:0:0:
192,192,46559,1,0,0:0:0:0:
64,192,46625,1,0,0:0:0:0:
320,192,46625,1,0,0:0:0:0:
192,192,46691,1,0,0:0:0:0:
448,192,46756,1,0,0:0:0:0:
192,192,46888,1,0,0:0:0:0:
320,192,46888,1,0,0:0:0:0:
64,192,47020,1,0,0:0:0:0:
320,192,47085,1,0,0:0:0:0:
64,192,47151,1,0,0:0:0:0:
192,192,47151,1,0,0:0:0:0:
448,192,47217,1,0,0:0:0:0:
320,192,47283,1,0,0:0:0:0:
64,192,47414,1,0,0:0:0:0:
192,192,47414,1,0,0:0:0:0:
448,192,47546,1,0,0:0:0:0:
192,192,47612,1,0,0:0:0:0:
64,192,47677,1,0,0:0:0:0:
448,192,47743,1,0,0:0:0:0:
192,192,47809,1,0,0:0:0:0:
64,192,47941,1,0,0:0:0:0:
448,192,47941,1,0,0:0:0:0:
192,192,48006,1,0,0:0:0:0:
448,192,48138,1,0,0:0:0:0:
64,192,48204,1,0,0:0:0:0:
192,192,48204,1,0,0:0:0:0:
320,192,48269,1,0,0:0:0:0:
64,192,48335,1,0,0:0:0:0:
192,192,48335,1,0,0:0:0:0:
448,192,48401,1,0,0:0:0:0:
64,192,48467,1,0,0:0:0:0:
192,192,48467,1,0,0:0:0:0:
320,192,48598,1,0,0:0:0:0:
64,192,48664,1,0,0:0:0:0:
192,192,48730,1,0,0:0:0:0:
448,192,48730,1,0,0:0:0:0:
320,192,48796,1,0,0:0:0:0:
192,192,48862,1,0,0:0:0:0:
64,192,48993,1,0,0:0:0:0:
448,192,48993,1,0,0:0:0:0:
320,192,49125,1,0,0:0:0:0:
192,192,49191,1,0,0:0:0:0:
64,192,49256,1,0,0:0:0:0:
448,192,49256,1,0,0:0:0:0:
320,192,49322,1,0,0:0:0:0:
192,192,49388,1,0,0:0:0:0:
448,192,49454,1,0,0:0:0:0:
64,192,49519,1,0,0:0:0:0:
320,192,49519,1,0,0:0:0:0:
448,192,49651,1,0,0:0:0:0:
64,192,49717,1,0,0:0:0:0:
192,192,49783,1,0,0:0:0:0:
448,192,49848,1,0,0:0:0:0:
64,192,49914,1,0,0:0:0:0:
320,192,50046,1,0,0:0:0:0:
448,192,50046,1,0,0:0:0:0:
64,192,50112,1,0,0:0:0:0:
448,192,50243,1,0,0:0:0:0:
64,192,50309,1,0,0:0:0:0:
192,192,50309,1,0,0:0:0:0:
448,192,50375,1,0,0:0:0:0:
192,192,50441,1,0,0:0:0:0:
320,192,50506,1,0,0:0:0:0:
64,192,50572,1,0,0:0:0:0:
448,192,50572,1,0,0:0:0:0:
448,192,50704,1,0,0:0:0:0:
192,192,50769,1,0,0:0:0:0:
64,192,50835,1,0,0:0:0:0:
448,192,50835,1,0,0:0:0:0:
320,192,50901,1,0,0:0:0:0:
192,192,50967,1,0,0:0:0:0:
64,192,51098,1,0,0:0:0:0:
320,192,51098,1,0,0:0:0:0:
448,192,51230,1,0,0:0:0:0:
320,192,51296,1,0,0:0:0:0:
192,192,51362,1,0,0:0:0:0:
448,192,51362,1,0,0:0:0:0:
64,192,51427,1,0,0:0:0:0:
320,192,51493,1,0,0:0:0:0:
448,192,51559,1,0,0:0:0:0:
64,192,51625,1,0,0:0:0:0:
192,192,51625,1,0,0:0:0:0:
320,192,51756,1,0,0:0:0:0:
64,192,51822,1,0,0:0:0:0:
448,192,51954,1,0,0:0:0:0:
192,192,52019,1,0,0:0:0:0:
64,192,52151,1,0,0:0:0:0:
448,192,52151,1,0,0:0:0:0:
192,192,52217,1,0,0:0:0:0:
320,192,52217,1,0,0:0:0:0:
64,192,52283,1,0,0:0:0:0:
448,192,52283,1,0,0:0:0:0:
320,192,52348,1,0,0:0:0:0:
64,192,52414,1,0,0:0:0:0:
448,192,52480,1,0,0:0:0:0:
192,192,52546,1,0,0:0:0:0:
320,192,52612,1,0,0:0:0:0:
64,192,52677,1,0,0:0:0:0:
192,192,52677,1,0,0:0:0:0:
448,192,52677,1,0,0:0:0:0:
64,192,52809,1,0,0:0:0:0:
320,192,52809,1,0,0:0:0:0:
192,192,52875,1,0,0:0:0:0:
64,192,52940,1,0,0:0:0:0:
448,192,52940,1,0,0:0:0:0:
320,192,53006,1,0,0:0:0:0:
192,192,53072,1,0,0:0:0:0:
448,192,53072,1,0,0:0:0:0:
64,192,53204,1,0,0:0:0:0:
320,192,53204,1,0,0:0:0:0:
192,192,53335,1,0,0:0:0:0:
448,192,53335,1,0,0:0:0:0:
320,192,53401,1,0,0:0:0:0:
64,192,53467,1,0,0:0:0:0:
448,192,53467,1,0,0:0:0:0:
192,192,53533,1,0,0:0:0:0:
64,192,53598,1,0,0:0:0:0:
320,192,53598,1,0,0:0:0:0:
64,192,53730,1,0,0:0:0:0:
448,192,53730,1,0,0:0:0:0:
192,192,53861,1,0,0:0:0:0:
320,192,53861,1,0,0:0:0:0:
448,192,53927,1,0,0:0:0:0:
64,192,53993,1,0,0:0:0:0:
192,192,54059,1,0,0:0:0:0:
320,192,54125,1,0,0:0:0:0:
448,192,54125,1,0,0:0:0:0:
64,192,54256,1,0,0:0:0:0:
192,192,54256,1,0,0:0:0:0:
448,192,54322,1,0,0:0:0:0:
320,192,54388,1,0,0:0:0:0:
192,192,54454,1,0,0:0:0:0:
320,192,54519,1,0,0:0:0:0:
448,192,54519,1,0,0:0:0:0:
64,192,54585,1,0,0:0:0:0:
192,192,54651,1,0,0:0:0:0:
320,192,54651,1,0,0:0:0:0:
64,192,54717,1,0,0:0:0:0:
192,192,54783,1,0,0:0:0:0:
448,192,54783,1,0,0:0:0:0:
64,192,54914,1,0,0:0:0:0:
448,192,54914,1,0,0:0:0:0:
320,192,54980,1,0,0:0:0:0:
192,192,55046,1,0,0:0:0:0:
448,192,55046,1,0,0:0:0:0:
320,192,55111,1,0,0:0:0:0:
64,192,55177,1,0,0:0:0:0:
448,192,55177,1,0,0:0:0:0:
192,192,55309,1,0,0:0:0:0:
320,192,55309,1,0,0:0:0:0:
64,192,55440,1,0,0:0:0:0:
448,192,55440,1,0,0:0:0:0:
192,192,55506,1,0,0:0:0:0:
320,192,55572,1,0,0:0:0:0:
448,192,55572,1,0,0:0:0:0:
64,192,55638,1,0,0:0:0:0:
192,192,55704,1,0,0:0:0:0:
320,192,55704,1,0,0:0:0:0:
320,192,55835,1,0,0:0:0:0:
448,192,55835,1,0,0:0:0:0:
64,192,55967,1,0,0:0:0:0:
192,192,55967,1,0,0:0:0:0:
320,192,56032,1,0,0:0:0:0:
448,192,56098,1,0,0:0:0:0:
64,192,56164,1,0,0:0:0:0:
192,192,56230,1,0,0:0:0:0:
320,192,56230,1,0,0:0:0:0:
64,192,56361,1,0,0:0:0:0:
448,192,56361,1,0,0:0:0:0:
320,192,56427,1,0,0:0:0:0:
192,192,56493,1,0,0:0:0:0:
64,192,56559,1,0,0:0:0:0:
320,192,56625,1,0,0:0:0:0:
448,192,56625,1,0,0:0:0:0:
192,192,56690,1,0,0:0:0:0:
320,192,56756,1,0,0:0:0:0:
448,192,56756,1,0,0:0:0:0:
64,192,56822,1,0,0:0:0:0:
320,192,56888,1,0,0:0:0:0:
448,192,56888,1,0,0:0:0:0:
192,192,57019,1,0,0:0:0:0:
320,192,57019,1,0,0:0:0:0:
448,192,57085,1,0,0:0:0:0:
64,192,57151,1,0,0:0:0:0:
320,192,57151,1,0,0:0:0:0:
192,192,57217,1,0,0:0:0:0:
64,192,57282,1,0,0:0:0:0:
320,192,57282,1,0,0:0:0:0:
64,192,57414,1,0,0:0:0:0:
448,192,57414,1,0,0:0:0:0:
64,192,57546,1,0,0:0:0:0:
192,192,57546,1,0,0:0:0:0:
320,192,57611,1,0,0:0:0:0:
64,192,57677,1,0,0:0:0:0:
448,192,57677,1,0,0:0:0:0:
192,192,57743,1,0,0:0:0:0:
320,192,57809,1,0,0:0:0:0:
448,192,57809,1,0,0:0:0:0:
64,192,57875,1,0,0:0:0:0:
192,192,57940,1,0,0:0:0:0:
448,192,57940,1,0,0:0:0:0:
64,192,58072,1,0,0:0:0:0:
320,192,58072,1,0,0:0:0:0:
448,192,58138,1,0,0:0:0:0:
320,192,58203,1,0,0:0:0:0:
64,192,58269,1,0,0:0:0:0:
192,192,58335,1,0,0:0:0:0:
448,192,58335,1,0,0:0:0:0:
64,192,58467,1,0,0:0:0:0:
192,192,58467,1,0,0:0:0:0:
448,192,58532,1,0,0:0:0:0:
320,192,58598,1,0,0:0:0:0:
64,192,58664,1,0,0:0:0:0:
320,192,58730,1,0,0:0:0:0:
448,192,58730,1,0,0:0:0:0:
64,192,58796,1,0,0:0:0:0:
320,192,58861,1,0,0:0:0:0:
448,192,58861,1,0,0:0:0:0:
192,192,58927,1,0,0:0:0:0:
64,192,58993,1,0,0:0:0:0:
448,192,58993,1,0,0:0:0:0:
64,192,59125,1,0,0:0:0:0:
192,192,59125,1,0,0:0:0:0:
320,192,59190,1,0,0:0:0:0:
64,192,59256,1,0,0:0:0:0:
448,192,59256,1,0,0:0:0:0:
192,192,59322,1,0,0:0:0:0:
64,192,59388,1,0,0:0:0:0:
320,192,59388,1,0,0:0:0:0:
192,192,59519,1,0,0:0:0:0:
448,192,59519,1,0,0:0:0:0:
64,192,59651,1,0,0:0:0:0:
320,192,59651,1,0,0:0:0:0:
192,192,59717,1,0,0:0:0:0:
64,192,59782,1,0,0:0:0:0:
320,192,59782,1,0,0:0:0:0:
448,192,59848,1,0,0:0:0:0:
192,192,59914,1,0,0:0:0:0:
320,192,59914,1,0,0:0:0:0:
64,192,59980,1,0,0:0:0:0:
320,192,60046,1,0,0:0:0:0:
448,192,60046,1,0,0:0:0:0:
192,192,60177,1,0,0:0:0:0:
320,192,60177,1,0,0:0:0:0:
448,192,60243,1,0,0:0:0:0:
192,192,60309,1,0,0:0:0:0:
64,192,60374,1,0,0:0:0:0:
192,192,60440,1,0,0:0:0:0:
320,192,60440,1,0,0:0:0:0:
64,192,60572,1,0,0:0:0:0:
448,192,60572,1,0,0:0:0:0:
192,192,60638,1,0,0:0:0:0:
320,192,60638,1,0,0:0:0:0:
64,192,60703,1,0,0:0:0:0:
448,192,60703,1,0,0:0:0:0:
192,192,60769,1,0,0:0:0:0:
448,192,60835,1,0,0:0:0:0:
64,192,60901,1,0,0:0:0:0:
320,192,60967,1,0,0:0:0:0:
448,192,60967,1,0,0:0:0:0:
192,192,61032,1,0,0:0:0:0:
64,192,61098,1,0,0:0:0:0:
320,192,61098,1,0,0:0:0:0:
448,192,61098,1,0,0:0:0:0:
192,192,61230,1,0,0:0:0:0:
448,192,61230,1,0,0:0:0:0:
320,192,61296,1,0,0:0:0:0:
64,192,61361,1,0,0:0:0:0:
448,192,61361,1,0,0:0:0:0:
192,192,61427,1,0,0:0:0:0:
64,192,61493,1,0,0:0:0:0:
320,192,61493,1,0,0:0:0:0:
192,192,61624,1,0,0:0:0:0:
448,192,61624,1,0,0:0:0:0:
64,192,61756,1,0,0:0:0:0:
320,192,61756,1,0,0:0:0:0:
192,192,61822,1,0,0:0:0:0:
64,192,61888,1,0,0:0:0:0:
448,192,61888,1,0,0:0:0:0:
320,192,61953,1,0,0:0:0:0:
192,192,62019,1,0,0:0:0:0:
448,192,62019,1,0,0:0:0:0:
64,192,62151,1,0,0:0:0:0:
448,192,62151,1,0,0:0:0:0:
192,192,62282,1,0,0:0:0:0:
320,192,62282,1,0,0:0:0:0:
64,192,62348,1,0,0:0:0:0:
448,192,62414,1,0,0:0:0:0:
320,192,62480,1,0,0:0:0:0:
64,192,62545,1,0,0:0:0:0:
192,192,62545,1,0,0:0:0:0:
320,192,62677,1,0,0:0:0:0:
448,192,62677,1,0,0:0:0:0:
64,192,62743,1,0,0:0:0:0:
192,192,62809,1,0,0:0:0:0:
320,192,62874,1,0,0:0:0:0:
64,192,62940,1,0,0:0:0:0:
192,192,62940,1,0,0:0:0:0:
448,192,63006,1,0,0:0:0:0:
192,192,63072,1,0,0:0:0:0:
320,192,63072,1,0,0:0:0:0:
448,192,63138,1,0,0:0:0:0:
64,192,63203,1,0,0:0:0:0:
320,192,63203,1,0,0:0:0:0:
64,192,63335,1,0,0:0:0:0:
448,192,63335,1,0,0:0:0:0:
192,192,63401,1,0,0:0:0:0:
64,192,63467,1,0,0:0:0:0:
320,192,63467,1,0,0:0:0:0:
192,192,63532,1,0,0:0:0:0:
320,192,63598,1,0,0:0:0:0:
448,192,63598,1,0,0:0:0:0:
192,192,63730,1,0,0:0:0:0:
320,192,63730,1,0,0:0:0:0:
64,192,63861,1,0,0:0:0:0:
448,192,63861,1,0,0:0:0:0:
320,192,63927,1,0,0:0:0:0:
64,192,63993,1,0,0:0:0:0:
192,192,63993,1,0,0:0:0:0:
448,192,64059,1,0,0:0:0:0:
192,192,64124,1,0,0:0:0:0:
320,192,64124,1,0,0:0:0:0:
64,192,64256,1,0,0:0:0:0:
192,192,64256,1,0,0:0:0:0:
320,192,64388,1,0,0:0:0:0:
448,192,64388,1,0,0:0:0:0:
192,192,64453,1,0,0:0:0:0:
64,192,64519,1,0,0:0:0:0:
448,192,64585,1,0,0:0:0:0:
192,192,64651,1,0,0:0:0:0:
320,192,64651,1,0,0:0:0:0:
64,192,64782,1,0,0:0:0:0:
448,192,64782,1,0,0:0:0:0:
192,192,64848,1,0,0:0:0:0:
320,192,64914,1,0,0:0:0:0:
448,192,64980,1,0,0:0:0:0:
64,192,65045,1,0,0:0:0:0:
192,192,65045,1,0,0:0:0:0:
320,192,65111,1,0,0:0:0:0:
64,192,65177,1,0,0:0:0:0:
192,192,65177,1,0,0:0:0:0:
448,192,65243,1,0,0:0:0:0:
64,192,65309,1,0,0:0:0:0:
320,192,65309,1,0,0:0:0:0:
448,192,65374,1,0,0:0:0:0:
320,192,65440,1,0,0:0:0:0:
64,192,65506,1,0,0:0:0:0:
192,192,65506,1,0,0:0:0:0:
320,192,65572,1,0,0:0:0:0:
448,192,65638,1,0,0:0:0:0:
192,192,65703,1,0,0:0:0:0:
320,192,65703,1,0,0:0:0:0:
64,192,65769,1,0,0:0:0:0:
192,192,65835,1,0,0:0:0:0:
448,192,65835,1,0,0:0:0:0:
320,192,65901,1,0,0:0:0:0:
448,192,65966,1,0,0:0:0:0:
64,192,66032,1,0,0:0:0:0:
192,192,66032,1,0,0:0:0:0:
320,192,66098,1,0,0:0:0:0:
192,192,66164,1,0,0:0:0:0:
320,192,66230,1,0,0:0:0:0:
448,192,66230,1,0,0:0:0:0:
64,192,66295,1,0,0:0:0:0:
192,192,66361,1,0,0:0:0:0:
320,192,66361,1,0,0:0:0:0:
448,192,66427,1,0,0:0:0:0:
64,192,66493,1,0,0:0:0:0:
192,192,66559,1,0,0:0:0:0:
448,192,66559,1,0,0:0:0:0:
320,192,66624,1,0,0:0:0:0:
448,192,66690,1,0,0:0:0:0:
64,192,66756,1,0,0:0:0:0:
192,192,66756,1,0,0:0:0:0:
320,192,66822,1,0,0:0:0:0:
448,192,66888,1,0,0:0:0:0:
64,192,66953,1,0,0:0:0:0:
320,192,66953,1,0,0:0:0:0:
448,192,67019,1,0,0:0:0:0:
320,192,67085,1,0,0:0:0:0:
64,192,67151,1,0,0:0:0:0:
192,192,67151,1,0,0:0:0:0:
448,192,67216,1,0,0:0:0:0:
64,192,67282,1,0,0:0:0:0:
320,192,67282,1,0,0:0:0:0:
192,192,67348,1,0,0:0:0:0:
64,192,67414,1,0,0:0:0:0:
448,192,67414,1,0,0:0:0:0:
192,192,67480,1,0,0:0:0:0:
320,192,67545,1,0,0:0:0:0:
192,192,67611,1,0,0:0:0:0:
448,192,67611,1,0,0:0:0:0:
320,192,67677,1,0,0:0:0:0:
64,192,67743,1,0,0:0:0:0:
192,192,67809,1,0,0:0:0:0:
448,192,67809,1,0,0:0:0:0:
320,192,67874,1,0,0:0:0:0:
64,192,67940,1,0,0:0:0:0:
192,192,67940,1,0,0:0:0:0:
448,192,68006,1,0,0:0:0:0:
64,192,68072,1,0,0:0:0:0:
320,192,68137,1,0,0:0:0:0:
448,192,68137,1,0,0:0:0:0:
64,192,68203,1,0,0:0:0:0:
320,192,68269,1,0,0:0:0:0:
192,192,68335,1,0,0:0:0:0:
448,192,68335,1,0,0:0:0:0:
64,192,68401,1,0,0:0:0:0:
320,192,68466,1,0,0:0:0:0:
448,192,68466,1,0,0:0:0:0:
192,192,68532,1,0,0:0:0:0:
64,192,68598,1,0,0:0:0:0:
448,192,68730,1,0,0:0:0:0:
320,192,68746,1,0,0:0:0:0:
192,192,68779,1,0,0:0:0:0:
64,192,68795,1,0,0:0:0:0:
448,192,68828,1,0,0:0:0:0:
320,192,68861,1,0,0:0:0:0:
192,192,68894,1,0,0:0:0:0:
64,192,68927,1,0,0:0:0:0:
448,192,68960,1,0,0:0:0:0:
320,192,68993,1,0,0:0:0:0:
192,192,69059,1,0,0:0:0:0:
320,192,69124,1,0,0:0:0:0:
192,192,69190,1,0,0:0:0:0:
320,0,69256,128,0,69519:1:0:0:0:
64,192,69519,1,0,0:0:0:0:
192,192,69519,1,0,0:0:0:0:
448,192,69519,1,0,0:0:0:0:
64,192,69651,1,0,0:0:0:0:
192,192,69716,1,0,0:0:0:0:
320,192,69782,1,0,0:0:0:0:
448,192,69848,1,0,0:0:0:0:
192,192,69914,1,0,0:0:0:0:
64,192,70045,1,0,0:0:0:0:
320,192,70111,1,0,0:0:0:0:
192,192,70177,1,0,0:0:0:0:
320,192,70243,1,0,0:0:0:0:
448,192,70308,1,0,0:0:0:0:
192,192,70572,1,0,0:0:0:0:
320,192,70572,1,0,0:0:0:0:
64,192,70703,1,0,0:0:0:0:
320,192,70769,1,0,0:0:0:0:
192,192,70835,1,0,0:0:0:0:
448,192,70901,1,0,0:0:0:0:
320,192,70966,1,0,0:0:0:0:
64,192,71098,1,0,0:0:0:0:
192,192,71164,1,0,0:0:0:0:
320,192,71230,1,0,0:0:0:0:
448,192,71295,1,0,0:0:0:0:
320,192,71361,1,0,0:0:0:0:
64,192,71624,1,0,0:0:0:0:
448,192,71624,1,0,0:0:0:0:
64,192,71756,1,0,0:0:0:0:
192,192,71822,1,0,0:0:0:0:
320,192,71887,1,0,0:0:0:0:
192,192,71953,1,0,0:0:0:0:
448,192,72019,1,0,0:0:0:0:
64,192,72151,1,0,0:0:0:0:
448,192,72216,1,0,0:0:0:0:
320,192,72282,1,0,0:0:0:0:
192,192,72348,1,0,0:0:0:0:
64,192,72414,1,0,0:0:0:0:
192,192,72545,1,0,0:0:0:0:
64,192,72677,1,0,0:0:0:0:
320,192,72677,1,0,0:0:0:0:
64,192,72808,1,0,0:0:0:0:
192,192,72874,1,0,0:0:0:0:
320,192,72940,1,0,0:0:0:0:
448,192,73006,1,0,0:0:0:0:
320,192,73072,1,0,0:0:0:0:
192,192,73203,1,0,0:0:0:0:
64,192,73269,1,0,0:0:0:0:
192,192,73335,1,0,0:0:0:0:
320,192,73401,1,0,0:0:0:0:
448,192,73466,1,0,0:0:0:0:
192,192,73729,1,0,0:0:0:0:
448,192,73729,1,0,0:0:0:0:
192,192,73861,1,0,0:0:0:0:
320,192,73927,1,0,0:0:0:0:
64,192,73993,1,0,0:0:0:0:
448,192,74058,1,0,0:0:0:0:
320,192,74124,1,0,0:0:0:0:
64,192,74256,1,0,0:0:0:0:
448,192,74322,1,0,0:0:0:0:
192,192,74387,1,0,0:0:0:0:
320,192,74453,1,0,0:0:0:0:
64,192,74519,1,0,0:0:0:0:
192,192,74782,1,0,0:0:0:0:
320,192,74782,1,0,0:0:0:0:
64,192,74914,1,0,0:0:0:0:
448,192,74979,1,0,0:0:0:0:
320,192,75045,1,0,0:0:0:0:
192,192,75111,1,0,0:0:0:0:
64,192,75177,1,0,0:0:0:0:
320,192,75308,1,0,0:0:0:0:
192,192,75374,1,0,0:0:0:0:
320,192,75440,1,0,0:0:0:0:
448,192,75506,1,0,0:0:0:0:
64,192,75572,1,0,0:0:0:0:
320,192,75835,1,0,0:0:0:0:
448,192,75835,1,0,0:0:0:0:
64,192,75966,1,0,0:0:0:0:
320,192,76032,1,0,0:0:0:0:
192,192,76098,1,0,0:0:0:0:
448,192,76164,1,0,0:0:0:0:
320,192,76229,1,0,0:0:0:0:
192,192,76361,1,0,0:0:0:0:
64,192,76427,1,0,0:0:0:0:
320,192,76493,1,0,0:0:0:0:
192,192,76558,1,0,0:0:0:0:
448,192,76624,1,0,0:0:0:0:
64,192,76887,1,0,0:0:0:0:
320,192,76887,1,0,0:0:0:0:
448,192,77019,1,0,0:0:0:0:
320,192,77085,1,0,0:0:0:0:
192,192,77150,1,0,0:0:0:0:
64,192,77216,1,0,0:0:0:0:
192,192,77282,1,0,0:0:0:0:
64,192,77414,1,0,0:0:0:0:
192,192,77479,1,0,0:0:0:0:
320,192,77545,1,0,0:0:0:0:
448,192,77611,1,0,0:0:0:0:
320,192,77677,1,0,0:0:0:0:
192,192,77808,1,0,0:0:0:0:
64,192,77940,1,0,0:0:0:0:
448,192,77940,1,0,0:0:0:0:
448,192,78071,1,0,0:0:0:0:
320,192,78137,1,0,0:0:0:0:
192,192,78203,1,0,0:0:0:0:
320,192,78269,1,0,0:0:0:0:
64,192,78335,1,0,0:0:0:0:
192,192,78466,1,0,0:0:0:0:
320,192,78532,1,0,0:0:0:0:
448,192,78598,1,0,0:0:0:0:
64,192,78664,1,0,0:0:0:0:
192,192,78729,1,0,0:0:0:0:
320,192,78992,1,0,0:0:0:0:
448,192,78992,1,0,0:0:0:0:
64,192,79124,1,0,0:0:0:0:
320,192,79190,1,0,0:0:0:0:
192,192,79256,1,0,0:0:0:0:
448,192,79321,1,0,0:0:0:0:
320,192,79387,1,0,0:0:0:0:
64,192,79519,1,0,0:0:0:0:
192,192,79585,1,0,0:0:0:0:
320,192,79650,1,0,0:0:0:0:
448,192,79716,1,0,0:0:0:0:
192,192,79782,1,0,0:0:0:0:
64,192,80045,1,0,0:0:0:0:
320,192,80045,1,0,0:0:0:0:
448,192,80177,1,0,0:0:0:0:
320,192,80242,1,0,0:0:0:0:
192,192,80308,1,0,0:0:0:0:
64,192,80374,1,0,0:0:0:0:
320,192,80440,1,0,0:0:0:0:
64,192,80571,1,0,0:0:0:0:
320,192,80637,1,0,0:0:0:0:
192,192,80703,1,0,0:0:0:0:
448,192,80769,1,0,0:0:0:0:
320,192,80835,1,0,0:0:0:0:
448,192,80966,1,0,0:0:0:0:
64,192,81098,1,0,0:0:0:0:
192,192,81098,1,0,0:0:0:0:
448,192,81229,1,0,0:0:0:0:
320,192,81295,1,0,0:0:0:0:
192,192,81361,1,0,0:0:0:0:
320,192,81427,1,0,0:0:0:0:
64,192,81492,1,0,0:0:0:0:
64,192,81624,1,0,0:0:0:0:
320,192,81690,1,0,0:0:0:0:
192,192,81756,1,0,0:0:0:0:
448,192,81821,1,0,0:0:0:0:
320,192,81887,1,0,0:0:0:0:
320,192,82150,1,0,0:0:0:0:
448,192,82150,1,0,0:0:0:0:
192,192,82216,1,0,0:0:0:0:
64,192,82282,1,0,0:0:0:0:
448,192,82348,1,0,0:0:0:0:
192,192,82413,1,0,0:0:0:0:
320,192,82479,1,0,0:0:0:0:
64,192,82545,1,0,0:0:0:0:
448,192,82611,1,0,0:0:0:0:
192,192,82677,1,0,0:0:0:0:
320,192,82677,1,0,0:0:0:0:
64,192,82742,1,0,0:0:0:0:
192,192,82808,1,0,0:0:0:0:
320,192,82874,1,0,0:0:0:0:
64,192,82940,1,0,0:0:0:0:
448,192,82940,1,0,0:0:0:0:
192,192,83006,1,0,0:0:0:0:
448,192,83071,1,0,0:0:0:0:
192,192,83137,1,0,0:0:0:0:
64,192,83203,1,0,0:0:0:0:
320,192,83203,1,0,0:0:0:0:
192,192,83269,1,0,0:0:0:0:
448,192,83335,1,0,0:0:0:0:
320,192,83400,1,0,0:0:0:0:
192,192,83466,1,0,0:0:0:0:
64,192,83532,1,0,0:0:0:0:
448,192,83598,1,0,0:0:0:0:
192,192,83663,1,0,0:0:0:0:
64,192,83729,1,0,0:0:0:0:
448,192,83729,1,0,0:0:0:0:
320,192,83795,1,0,0:0:0:0:
192,192,83861,1,0,0:0:0:0:
448,192,83861,1,0,0:0:0:0:
64,192,83927,1,0,0:0:0:0:
192,192,83992,1,0,0:0:0:0:
320,192,83992,1,0,0:0:0:0:
448,192,84058,1,0,0:0:0:0:
64,192,84124,1,0,0:0:0:0:
320,192,84190,1,0,0:0:0:0:
192,192,84256,1,0,0:0:0:0:
448,192,84256,1,0,0:0:0:0:
64,192,84321,1,0,0:0:0:0:
448,192,84387,1,0,0:0:0:0:
320,192,84453,1,0,0:0:0:0:
192,192,84519,1,0,0:0:0:0:
64,192,84584,1,0,0:0:0:0:
448,192,84650,1,0,0:0:0:0:
192,192,84716,1,0,0:0:0:0:
64,192,84782,1,0,0:0:0:0:
320,192,84782,1,0,0:0:0:0:
192,192,84848,1,0,0:0:0:0:
320,192,84913,1,0,0:0:0:0:
448,192,84979,1,0,0:0:0:0:
64,192,85045,1,0,0:0:0:0:
320,192,85045,1,0,0:0:0:0:
192,192,85111,1,0,0:0:0:0:
320,192,85177,1,0,0:0:0:0:
448,192,85242,1,0,0:0:0:0:
64,192,85308,1,0,0:0:0:0:
192,192,85374,1,0,0:0:0:0:
320,192,85440,1,0,0:0:0:0:
448,192,85506,1,0,0:0:0:0:
64,192,85571,1,0,0:0:0:0:
320,192,85621,1,0,0:0:0:0:
192,192,85654,1,0,0:0:0:0:
448,192,85703,1,0,0:0:0:0:
64,192,85752,1,0,0:0:0:0:
192,192,85785,1,0,0:0:0:0:
320,192,85834,1,0,0:0:0:0:
448,192,85867,1,0,0:0:0:0:
64,192,85900,1,0,0:0:0:0:
192,192,85933,1,0,0:0:0:0:
320,192,85966,1,0,0:0:0:0:
448,192,85999,1,0,0:0:0:0:
64,192,86032,1,0,0:0:0:0:
192,192,86065,1,0,0:0:0:0:
320,0,86098,128,0,86361:1:0:0:0:
