osu file format v14

[General]
AudioFilename: audio.mp3
AudioLeadIn: 0
PreviewTime: 56002
Countdown: 1
SampleSet: Normal
StackLeniency: 0.7
Mode: 3
LetterboxInBreaks: 0
SpecialStyle: 0
WidescreenStoryboard: 0

[Editor]
Bookmarks: 72313
DistanceSpacing: 1
BeatDivisor: 4
GridSize: 4
TimelineZoom: 2

[Metadata]
Title:The Mean Kitty Song
TitleUnicode:The Mean Kitty Song
Artist:Cory Williams
ArtistUnicode:Cory Williams
Creator:Staravia
Version:Mean
Source:
Tags:cat angry jacks chordjack chords
BeatmapID:1581325
BeatmapSetID:751048

[Difficulty]
HPDrainRate:8
CircleSize:4
OverallDifficulty:8
ApproachRate:8
SliderMultiplier:1.4
SliderTickRate:1

[Events]
//Background and Video events
0,0,"89dd03769c40ed53c3a707faeffd96fc.jpg",0,0
//Break Periods
//Storyboard Layer 0 (Background)
//Storyboard Layer 1 (Fail)
//Storyboard Layer 2 (Pass)
//Storyboard Layer 3 (Foreground)
//Storyboard Sound Samples

[TimingPoints]
80,291.26213592233,4,1,0,15,1,0
56002,-100,4,1,0,15,0,1
74643,-100,4,1,0,15,0,0
111924,-100,4,1,0,15,0,1
130565,-100,4,1,0,15,0,0


[HitObjects]
192,192,80,128,0,371:0:0:0:0:
64,192,80,1,0,0:0:0:0:
448,192,371,128,0,662:0:0:0:0:
64,192,516,1,0,0:0:0:0:
192,192,516,1,0,0:0:0:0:
320,192,662,1,0,0:0:0:0:
64,192,808,1,0,0:0:0:0:
320,192,953,1,0,0:0:0:0:
448,192,953,1,0,0:0:0:0:
320,192,1099,1,0,0:0:0:0:
448,192,1099,1,0,0:0:0:0:
192,192,1245,1,0,0:0:0:0:
64,192,1245,1,0,0:0:0:0:
320,192,1536,128,0,1681:0:0:0:0:
192,192,1681,1,0,0:0:0:0:
64,192,1681,1,0,0:0:0:0:
320,192,1827,128,0,1973:0:0:0:0:
192,192,1973,1,0,0:0:0:0:
320,192,2118,1,0,0:0:0:0:
448,192,2118,1,0,0:0:0:0:
448,192,2264,1,0,0:0:0:0:
320,192,2264,1,0,0:0:0:0:
192,192,2410,1,0,0:0:0:0:
64,192,2410,128,0,2701:0:0:0:0:
448,192,2701,128,0,2992:0:0:0:0:
192,192,2846,1,0,0:0:0:0:
64,192,2846,1,0,0:0:0:0:
64,192,3283,1,0,0:0:0:0:
192,192,3283,1,0,0:0:0:0:
192,192,3429,1,0,0:0:0:0:
64,192,3429,1,0,0:0:0:0:
320,192,3575,1,0,0:0:0:0:
448,192,3575,1,0,0:0:0:0:
64,192,3866,1,0,0:0:0:0:
192,192,3866,1,0,0:0:0:0:
192,192,4012,1,0,0:0:0:0:
64,192,4012,1,0,0:0:0:0:
320,192,4157,1,0,0:0:0:0:
448,192,4157,1,0,0:0:0:0:
192,192,4303,1,0,0:0:0:0:
320,192,4303,1,0,0:0:0:0:
64,192,4594,1,0,0:0:0:0:
320,192,4612,1,0,0:0:0:0:
448,192,4630,1,0,0:0:0:0:
192,192,4740,128,0,5031:0:0:0:0:
320,192,4740,1,0,0:0:0:0:
448,192,5031,128,0,5322:0:0:0:0:
64,192,5177,1,0,0:0:0:0:
192,192,5177,1,0,0:0:0:0:
320,192,5322,1,0,0:0:0:0:
64,192,5468,1,0,0:0:0:0:
320,192,5613,1,0,0:0:0:0:
448,192,5613,1,0,0:0:0:0:
320,192,5759,1,0,0:0:0:0:
448,192,5759,1,0,0:0:0:0:
192,192,5905,1,0,0:0:0:0:
64,192,5905,1,0,0:0:0:0:
320,192,6196,128,0,6342:0:0:0:0:
192,192,6342,1,0,0:0:0:0:
64,192,6342,1,0,0:0:0:0:
320,192,6487,128,0,6633:0:0:0:0:
192,192,6633,1,0,0:0:0:0:
320,192,6779,1,0,0:0:0:0:
448,192,6779,1,0,0:0:0:0:
448,192,6924,1,0,0:0:0:0:
320,192,6924,1,0,0:0:0:0:
192,192,7070,1,0,0:0:0:0:
64,192,7070,128,0,7361:0:0:0:0:
320,192,7361,1,0,0:0:0:0:
448,192,7361,1,0,0:0:0:0:
192,192,7507,1,0,0:0:0:0:
64,192,7507,1,0,0:0:0:0:
320,192,7652,1,0,0:0:0:0:
192,192,7652,1,0,0:0:0:0:
64,192,7944,1,0,0:0:0:0:
192,192,7944,1,0,0:0:0:0:
192,192,8089,1,0,0:0:0:0:
64,192,8089,1,0,0:0:0:0:
448,192,8235,1,0,0:0:0:0:
192,192,8526,1,0,0:0:0:0:
320,192,8526,1,0,0:0:0:0:
192,192,8672,5,0,0:0:0:0:
64,192,8672,128,0,8817:0:0:0:0:
320,192,8817,1,0,0:0:0:0:
448,192,8817,1,0,0:0:0:0:
192,192,8963,1,0,0:0:0:0:
320,192,8963,128,0,9181:0:0:0:0:
64,192,9254,1,0,0:0:0:0:
320,192,9272,1,0,0:0:0:0:
448,192,9291,1,0,0:0:0:0:
64,192,9400,5,0,0:0:0:0:
192,192,9400,1,0,0:0:0:0:
320,192,9400,1,0,0:0:0:0:
448,192,9400,1,0,0:0:0:0:
64,192,9546,1,0,0:0:0:0:
192,192,9546,1,0,0:0:0:0:
192,192,9691,1,0,0:0:0:0:
320,192,9691,1,0,0:0:0:0:
448,192,9691,1,0,0:0:0:0:
448,192,9837,1,0,0:0:0:0:
320,192,9837,1,0,0:0:0:0:
192,192,9837,1,0,0:0:0:0:
192,192,9982,1,0,0:0:0:0:
64,192,9982,1,0,0:0:0:0:
448,192,9982,1,0,0:0:0:0:
448,192,10128,1,0,0:0:0:0:
192,192,10128,1,0,0:0:0:0:
64,192,10128,1,0,0:0:0:0:
320,192,10274,1,0,0:0:0:0:
192,192,10274,1,0,0:0:0:0:
64,192,10274,1,0,0:0:0:0:
192,192,10419,1,0,0:0:0:0:
320,192,10419,1,0,0:0:0:0:
448,192,10419,1,0,0:0:0:0:
448,192,10565,1,0,0:0:0:0:
320,192,10565,1,0,0:0:0:0:
192,192,10565,1,0,0:0:0:0:
64,192,10565,1,0,0:0:0:0:
64,192,10711,1,0,0:0:0:0:
448,192,10711,1,0,0:0:0:0:
320,192,10856,1,0,0:0:0:0:
192,192,10856,1,0,0:0:0:0:
64,192,10856,1,0,0:0:0:0:
320,192,11002,1,0,0:0:0:0:
192,192,11002,1,0,0:0:0:0:
64,192,11002,1,0,0:0:0:0:
192,192,11147,1,0,0:0:0:0:
320,192,11147,1,0,0:0:0:0:
448,192,11147,1,0,0:0:0:0:
448,192,11293,1,0,0:0:0:0:
320,192,11293,1,0,0:0:0:0:
192,192,11293,1,0,0:0:0:0:
192,192,11439,1,0,0:0:0:0:
64,192,11439,1,0,0:0:0:0:
448,192,11439,1,0,0:0:0:0:
320,192,11584,1,0,0:0:0:0:
64,192,11584,1,0,0:0:0:0:
192,192,11584,1,0,0:0:0:0:
448,192,11730,1,0,0:0:0:0:
320,192,11730,1,0,0:0:0:0:
64,192,11730,1,0,0:0:0:0:
192,192,11730,1,0,0:0:0:0:
192,192,11876,1,0,0:0:0:0:
448,192,11876,1,0,0:0:0:0:
320,192,12021,1,0,0:0:0:0:
192,192,12021,1,0,0:0:0:0:
64,192,12021,1,0,0:0:0:0:
64,192,12167,1,0,0:0:0:0:
192,192,12167,1,0,0:0:0:0:
320,192,12167,1,0,0:0:0:0:
320,192,12313,1,0,0:0:0:0:
448,192,12313,1,0,0:0:0:0:
64,192,12313,1,0,0:0:0:0:
64,192,12458,1,0,0:0:0:0:
320,192,12458,1,0,0:0:0:0:
448,192,12458,1,0,0:0:0:0:
192,192,12604,1,0,0:0:0:0:
320,192,12604,1,0,0:0:0:0:
448,192,12604,1,0,0:0:0:0:
320,192,12749,1,0,0:0:0:0:
192,192,12749,1,0,0:0:0:0:
64,192,12749,1,0,0:0:0:0:
64,192,12895,1,0,0:0:0:0:
192,192,12895,1,0,0:0:0:0:
320,192,12895,1,0,0:0:0:0:
448,192,12895,1,0,0:0:0:0:
448,192,13041,1,0,0:0:0:0:
64,192,13041,1,0,0:0:0:0:
192,192,13186,1,0,0:0:0:0:
320,192,13186,1,0,0:0:0:0:
448,192,13186,1,0,0:0:0:0:
192,192,13332,1,0,0:0:0:0:
320,192,13332,1,0,0:0:0:0:
448,192,13332,1,0,0:0:0:0:
320,192,13478,1,0,0:0:0:0:
192,192,13478,1,0,0:0:0:0:
64,192,13478,1,0,0:0:0:0:
64,192,13623,1,0,0:0:0:0:
192,192,13623,1,0,0:0:0:0:
320,192,13623,1,0,0:0:0:0:
320,192,13769,1,0,0:0:0:0:
448,192,13769,1,0,0:0:0:0:
64,192,13769,1,0,0:0:0:0:
192,192,13914,1,0,0:0:0:0:
448,192,13914,1,0,0:0:0:0:
320,192,13914,1,0,0:0:0:0:
64,192,14060,1,0,0:0:0:0:
192,192,14060,1,0,0:0:0:0:
448,192,14060,1,0,0:0:0:0:
320,192,14060,1,0,0:0:0:0:
320,192,14206,1,0,0:0:0:0:
64,192,14206,1,0,0:0:0:0:
192,192,14351,1,0,0:0:0:0:
320,192,14351,1,0,0:0:0:0:
448,192,14351,1,0,0:0:0:0:
448,192,14497,1,0,0:0:0:0:
320,192,14497,1,0,0:0:0:0:
192,192,14497,1,0,0:0:0:0:
192,192,14643,1,0,0:0:0:0:
64,192,14643,1,0,0:0:0:0:
448,192,14643,1,0,0:0:0:0:
448,192,14788,1,0,0:0:0:0:
192,192,14788,1,0,0:0:0:0:
64,192,14788,1,0,0:0:0:0:
320,192,14934,1,0,0:0:0:0:
192,192,14934,1,0,0:0:0:0:
64,192,14934,1,0,0:0:0:0:
192,192,15079,1,0,0:0:0:0:
320,192,15079,1,0,0:0:0:0:
448,192,15079,1,0,0:0:0:0:
448,192,15225,1,0,0:0:0:0:
320,192,15225,1,0,0:0:0:0:
192,192,15225,1,0,0:0:0:0:
64,192,15225,1,0,0:0:0:0:
64,192,15371,1,0,0:0:0:0:
448,192,15371,1,0,0:0:0:0:
320,192,15516,1,0,0:0:0:0:
192,192,15516,1,0,0:0:0:0:
64,192,15516,1,0,0:0:0:0:
320,192,15662,1,0,0:0:0:0:
192,192,15662,1,0,0:0:0:0:
64,192,15662,1,0,0:0:0:0:
192,192,15808,1,0,0:0:0:0:
320,192,15808,1,0,0:0:0:0:
448,192,15808,1,0,0:0:0:0:
448,192,15953,1,0,0:0:0:0:
320,192,15953,1,0,0:0:0:0:
192,192,15953,1,0,0:0:0:0:
192,192,16099,1,0,0:0:0:0:
64,192,16099,1,0,0:0:0:0:
448,192,16099,1,0,0:0:0:0:
320,192,16245,1,0,0:0:0:0:
64,192,16245,1,0,0:0:0:0:
192,192,16245,1,0,0:0:0:0:
448,192,16390,1,0,0:0:0:0:
320,192,16390,1,0,0:0:0:0:
64,192,16390,1,0,0:0:0:0:
192,192,16390,1,0,0:0:0:0:
192,192,16536,1,0,0:0:0:0:
448,192,16536,1,0,0:0:0:0:
320,192,16681,1,0,0:0:0:0:
192,192,16681,1,0,0:0:0:0:
64,192,16681,1,0,0:0:0:0:
64,192,16827,1,0,0:0:0:0:
192,192,16827,1,0,0:0:0:0:
320,192,16827,1,0,0:0:0:0:
320,192,16973,1,0,0:0:0:0:
448,192,16973,1,0,0:0:0:0:
64,192,16973,1,0,0:0:0:0:
64,192,17118,1,0,0:0:0:0:
320,192,17118,1,0,0:0:0:0:
448,192,17118,1,0,0:0:0:0:
192,192,17264,1,0,0:0:0:0:
320,192,17264,1,0,0:0:0:0:
448,192,17264,1,0,0:0:0:0:
320,192,17410,1,0,0:0:0:0:
192,192,17410,1,0,0:0:0:0:
64,192,17410,1,0,0:0:0:0:
64,192,17555,1,0,0:0:0:0:
192,192,17555,1,0,0:0:0:0:
320,192,17555,1,0,0:0:0:0:
448,192,17701,1,0,0:0:0:0:
64,192,17701,1,0,0:0:0:0:
320,192,17701,1,0,0:0:0:0:
320,192,17846,1,0,0:0:0:0:
448,192,17846,1,0,0:0:0:0:
192,192,17846,1,0,0:0:0:0:
64,192,17992,1,0,0:0:0:0:
192,192,17992,1,0,0:0:0:0:
320,192,17992,1,0,0:0:0:0:
64,192,18138,1,0,0:0:0:0:
320,192,18138,1,0,0:0:0:0:
448,192,18138,1,0,0:0:0:0:
64,192,18283,1,0,0:0:0:0:
320,192,18283,1,0,0:0:0:0:
448,192,18283,1,0,0:0:0:0:
320,192,18429,1,0,0:0:0:0:
64,192,18429,1,0,0:0:0:0:
448,192,18429,1,0,0:0:0:0:
320,192,18575,1,0,0:0:0:0:
192,192,18575,1,0,0:0:0:0:
64,192,18575,1,0,0:0:0:0:
192,192,18720,1,0,0:0:0:0:
448,192,18720,1,0,0:0:0:0:
320,192,18866,1,0,0:0:0:0:
64,192,18866,1,0,0:0:0:0:
64,192,19012,1,0,0:0:0:0:
320,192,19012,1,0,0:0:0:0:
192,192,19157,1,0,0:0:0:0:
448,192,19157,1,0,0:0:0:0:
448,192,19303,1,0,0:0:0:0:
320,192,19303,1,0,0:0:0:0:
320,192,19448,1,0,0:0:0:0:
64,192,19448,1,0,0:0:0:0:
192,192,19594,1,0,0:0:0:0:
64,192,19594,1,0,0:0:0:0:
320,192,19740,1,0,0:0:0:0:
448,192,19740,1,0,0:0:0:0:
448,192,19885,1,0,0:0:0:0:
192,192,19885,1,0,0:0:0:0:
320,192,20031,1,0,0:0:0:0:
448,192,20031,1,0,0:0:0:0:
192,192,20177,1,0,0:0:0:0:
64,192,20177,1,0,0:0:0:0:
320,192,20322,1,0,0:0:0:0:
64,192,20322,1,0,0:0:0:0:
192,192,20468,1,0,0:0:0:0:
448,192,20468,1,0,0:0:0:0:
320,192,20613,1,0,0:0:0:0:
448,192,20613,1,0,0:0:0:0:
64,192,20759,1,0,0:0:0:0:
320,192,20759,1,0,0:0:0:0:
64,192,20905,1,0,0:0:0:0:
192,192,20905,1,0,0:0:0:0:
320,192,21050,1,0,0:0:0:0:
448,192,21050,1,0,0:0:0:0:
448,192,21196,1,0,0:0:0:0:
192,192,21196,1,0,0:0:0:0:
320,192,21342,1,0,0:0:0:0:
448,192,21342,1,0,0:0:0:0:
192,192,21487,1,0,0:0:0:0:
64,192,21487,1,0,0:0:0:0:
320,192,21633,1,0,0:0:0:0:
64,192,21633,1,0,0:0:0:0:
192,192,21779,1,0,0:0:0:0:
448,192,21779,1,0,0:0:0:0:
320,192,21924,1,0,0:0:0:0:
448,192,21924,1,0,0:0:0:0:
192,192,22070,1,0,0:0:0:0:
64,192,22070,1,0,0:0:0:0:
64,192,22215,1,0,0:0:0:0:
448,192,22215,1,0,0:0:0:0:
192,192,22361,1,0,0:0:0:0:
64,192,22361,1,0,0:0:0:0:
320,192,22507,1,0,0:0:0:0:
448,192,22507,1,0,0:0:0:0:
192,192,22652,1,0,0:0:0:0:
448,192,22652,1,0,0:0:0:0:
320,192,22798,1,0,0:0:0:0:
64,192,22798,1,0,0:0:0:0:
192,192,22944,1,0,0:0:0:0:
64,192,22944,1,0,0:0:0:0:
320,192,23089,1,0,0:0:0:0:
448,192,23089,1,0,0:0:0:0:
320,192,23235,1,0,0:0:0:0:
448,192,23235,1,0,0:0:0:0:
192,192,23380,1,0,0:0:0:0:
64,192,23380,1,0,0:0:0:0:
320,192,23526,1,0,0:0:0:0:
64,192,23526,1,0,0:0:0:0:
192,192,23672,1,0,0:0:0:0:
64,192,23672,1,0,0:0:0:0:
320,192,23817,1,0,0:0:0:0:
448,192,23817,1,0,0:0:0:0:
192,192,23963,1,0,0:0:0:0:
320,192,23963,1,0,0:0:0:0:
320,192,24109,1,0,0:0:0:0:
192,192,24109,1,0,0:0:0:0:
448,192,24254,1,0,0:0:0:0:
64,192,24254,1,0,0:0:0:0:
192,192,24400,1,0,0:0:0:0:
320,192,24400,1,0,0:0:0:0:
320,192,24546,1,0,0:0:0:0:
64,192,24546,1,0,0:0:0:0:
192,192,24691,1,0,0:0:0:0:
64,192,24691,1,0,0:0:0:0:
320,192,24837,1,0,0:0:0:0:
448,192,24837,1,0,0:0:0:0:
192,192,24982,1,0,0:0:0:0:
64,192,24982,1,0,0:0:0:0:
64,192,25128,1,0,0:0:0:0:
320,192,25128,1,0,0:0:0:0:
320,192,25274,1,0,0:0:0:0:
448,192,25274,1,0,0:0:0:0:
448,192,25419,1,0,0:0:0:0:
192,192,25419,1,0,0:0:0:0:
192,192,25565,1,0,0:0:0:0:
448,192,25565,1,0,0:0:0:0:
320,192,25711,1,0,0:0:0:0:
64,192,25711,1,0,0:0:0:0:
192,192,25856,1,0,0:0:0:0:
64,192,25856,1,0,0:0:0:0:
320,192,26002,1,0,0:0:0:0:
448,192,26002,1,0,0:0:0:0:
192,192,26147,1,0,0:0:0:0:
320,192,26147,1,0,0:0:0:0:
320,192,26293,1,0,0:0:0:0:
448,192,26293,1,0,0:0:0:0:
192,192,26439,1,0,0:0:0:0:
64,192,26439,1,0,0:0:0:0:
192,192,26584,1,0,0:0:0:0:
448,192,26584,1,0,0:0:0:0:
192,192,26730,1,0,0:0:0:0:
64,192,26730,1,0,0:0:0:0:
192,192,26876,1,0,0:0:0:0:
320,192,26876,1,0,0:0:0:0:
448,192,26876,1,0,0:0:0:0:
448,192,27021,1,0,0:0:0:0:
192,192,27021,1,0,0:0:0:0:
320,192,27167,1,0,0:0:0:0:
192,192,27167,1,0,0:0:0:0:
64,192,27167,1,0,0:0:0:0:
64,192,27313,1,0,0:0:0:0:
320,192,27313,1,0,0:0:0:0:
192,192,27458,1,0,0:0:0:0:
320,192,27458,1,0,0:0:0:0:
448,192,27458,1,0,0:0:0:0:
448,192,27604,1,0,0:0:0:0:
64,192,27604,1,0,0:0:0:0:
320,192,27749,1,0,0:0:0:0:
192,192,27749,1,0,0:0:0:0:
64,192,27749,1,0,0:0:0:0:
192,192,27895,1,0,0:0:0:0:
320,192,27895,1,0,0:0:0:0:
448,192,28041,1,0,0:0:0:0:
320,192,28041,1,0,0:0:0:0:
64,192,28041,1,0,0:0:0:0:
320,192,28186,1,0,0:0:0:0:
448,192,28186,1,0,0:0:0:0:
192,192,28332,1,0,0:0:0:0:
64,192,28332,1,0,0:0:0:0:
64,192,28478,1,0,0:0:0:0:
192,192,28478,1,0,0:0:0:0:
320,192,28623,1,0,0:0:0:0:
64,192,28623,1,0,0:0:0:0:
192,192,28769,1,0,0:0:0:0:
448,192,28769,1,0,0:0:0:0:
320,192,28914,1,0,0:0:0:0:
448,192,28914,1,0,0:0:0:0:
64,192,29012,1,0,0:0:0:0:
192,192,29012,1,0,0:0:0:0:
320,192,29109,1,0,0:0:0:0:
64,192,29109,1,0,0:0:0:0:
320,192,29206,1,0,0:0:0:0:
448,192,29206,1,0,0:0:0:0:
192,192,29351,1,0,0:0:0:0:
64,192,29351,1,0,0:0:0:0:
448,192,29497,1,0,0:0:0:0:
192,192,29497,1,0,0:0:0:0:
320,192,29643,1,0,0:0:0:0:
448,192,29643,1,0,0:0:0:0:
192,192,29788,1,0,0:0:0:0:
64,192,29788,1,0,0:0:0:0:
320,192,29934,1,0,0:0:0:0:
64,192,29934,1,0,0:0:0:0:
192,192,30079,1,0,0:0:0:0:
448,192,30079,1,0,0:0:0:0:
320,192,30225,1,0,0:0:0:0:
448,192,30225,1,0,0:0:0:0:
192,192,30371,1,0,0:0:0:0:
64,192,30371,1,0,0:0:0:0:
448,192,30516,1,0,0:0:0:0:
64,192,30516,1,0,0:0:0:0:
320,192,30662,1,0,0:0:0:0:
448,192,30662,1,0,0:0:0:0:
320,192,30808,1,0,0:0:0:0:
192,192,30808,1,0,0:0:0:0:
320,192,30953,1,0,0:0:0:0:
448,192,30953,1,0,0:0:0:0:
192,192,31099,1,0,0:0:0:0:
64,192,31099,1,0,0:0:0:0:
320,192,31245,1,0,0:0:0:0:
192,192,31245,1,0,0:0:0:0:
192,192,31390,1,0,0:0:0:0:
64,192,31390,1,0,0:0:0:0:
320,192,31536,1,0,0:0:0:0:
448,192,31536,1,0,0:0:0:0:
192,192,31681,1,0,0:0:0:0:
448,192,31681,1,0,0:0:0:0:
320,192,31827,1,0,0:0:0:0:
448,192,31827,1,0,0:0:0:0:
192,192,31973,1,0,0:0:0:0:
64,192,31973,1,0,0:0:0:0:
320,192,32118,1,0,0:0:0:0:
64,192,32118,1,0,0:0:0:0:
192,192,32264,1,0,0:0:0:0:
448,192,32264,1,0,0:0:0:0:
320,192,32410,1,0,0:0:0:0:
448,192,32410,1,0,0:0:0:0:
192,192,32555,1,0,0:0:0:0:
64,192,32555,1,0,0:0:0:0:
320,192,32701,1,0,0:0:0:0:
448,192,32701,1,0,0:0:0:0:
448,192,32846,1,0,0:0:0:0:
320,192,32846,1,0,0:0:0:0:
192,192,32992,1,0,0:0:0:0:
64,192,32992,1,0,0:0:0:0:
320,192,33138,1,0,0:0:0:0:
192,192,33138,1,0,0:0:0:0:
192,192,33283,1,0,0:0:0:0:
64,192,33283,1,0,0:0:0:0:
320,192,33429,1,0,0:0:0:0:
448,192,33429,1,0,0:0:0:0:
320,192,33575,1,0,0:0:0:0:
192,192,33575,1,0,0:0:0:0:
320,192,33720,1,0,0:0:0:0:
448,192,33720,1,0,0:0:0:0:
192,192,33866,1,0,0:0:0:0:
64,192,33866,1,0,0:0:0:0:
320,192,34012,1,0,0:0:0:0:
64,192,34012,1,0,0:0:0:0:
192,192,34157,1,0,0:0:0:0:
64,192,34157,1,0,0:0:0:0:
320,192,34303,1,0,0:0:0:0:
448,192,34303,1,0,0:0:0:0:
320,192,34448,1,0,0:0:0:0:
64,192,34448,1,0,0:0:0:0:
192,192,34594,1,0,0:0:0:0:
64,192,34594,1,0,0:0:0:0:
448,192,34740,1,0,0:0:0:0:
320,192,34740,1,0,0:0:0:0:
320,192,34885,1,0,0:0:0:0:
448,192,34885,1,0,0:0:0:0:
192,192,35031,1,0,0:0:0:0:
64,192,35031,1,0,0:0:0:0:
320,192,35177,1,0,0:0:0:0:
192,192,35177,1,0,0:0:0:0:
192,192,35322,1,0,0:0:0:0:
64,192,35322,1,0,0:0:0:0:
320,192,35468,1,0,0:0:0:0:
448,192,35468,1,0,0:0:0:0:
320,192,35613,1,0,0:0:0:0:
192,192,35613,1,0,0:0:0:0:
320,192,35759,1,0,0:0:0:0:
192,192,35759,1,0,0:0:0:0:
320,192,35905,1,0,0:0:0:0:
448,192,35905,1,0,0:0:0:0:
192,192,36050,1,0,0:0:0:0:
64,192,36050,1,0,0:0:0:0:
320,192,36196,1,0,0:0:0:0:
64,192,36196,1,0,0:0:0:0:
192,192,36342,1,0,0:0:0:0:
448,192,36342,1,0,0:0:0:0:
192,192,36487,1,0,0:0:0:0:
448,192,36487,1,0,0:0:0:0:
320,192,36633,1,0,0:0:0:0:
64,192,36633,1,0,0:0:0:0:
64,192,36779,1,0,0:0:0:0:
448,192,36779,1,0,0:0:0:0:
448,192,36924,1,0,0:0:0:0:
64,192,36924,1,0,0:0:0:0:
192,192,37070,1,0,0:0:0:0:
64,192,37070,1,0,0:0:0:0:
320,192,37215,1,0,0:0:0:0:
448,192,37215,1,0,0:0:0:0:
192,192,37361,1,0,0:0:0:0:
64,192,37361,1,0,0:0:0:0:
448,192,37361,1,0,0:0:0:0:
192,192,37507,1,0,0:0:0:0:
64,192,37507,1,0,0:0:0:0:
320,192,37652,1,0,0:0:0:0:
448,192,37652,1,0,0:0:0:0:
448,192,37798,1,0,0:0:0:0:
320,192,37798,1,0,0:0:0:0:
320,192,37944,1,0,0:0:0:0:
192,192,37944,1,0,0:0:0:0:
64,192,37944,1,0,0:0:0:0:
192,192,38089,1,0,0:0:0:0:
64,192,38089,1,0,0:0:0:0:
320,192,38235,1,0,0:0:0:0:
448,192,38235,1,0,0:0:0:0:
320,192,38380,1,0,0:0:0:0:
192,192,38380,1,0,0:0:0:0:
320,192,38526,1,0,0:0:0:0:
448,192,38526,1,0,0:0:0:0:
64,192,38526,1,0,0:0:0:0:
320,192,38672,1,0,0:0:0:0:
448,192,38672,1,0,0:0:0:0:
64,192,38817,1,0,0:0:0:0:
320,192,38817,1,0,0:0:0:0:
192,192,38963,1,0,0:0:0:0:
64,192,38963,1,0,0:0:0:0:
448,192,39109,1,0,0:0:0:0:
192,192,39109,1,0,0:0:0:0:
320,192,39109,1,0,0:0:0:0:
448,192,39254,1,0,0:0:0:0:
320,192,39254,1,0,0:0:0:0:
192,192,39400,1,0,0:0:0:0:
320,192,39400,1,0,0:0:0:0:
192,192,39546,1,0,0:0:0:0:
320,192,39546,1,0,0:0:0:0:
448,192,39691,1,0,0:0:0:0:
320,192,39691,1,0,0:0:0:0:
64,192,39691,1,0,0:0:0:0:
192,192,39837,1,0,0:0:0:0:
64,192,39837,1,0,0:0:0:0:
320,192,39982,1,0,0:0:0:0:
192,192,39982,1,0,0:0:0:0:
320,192,40128,1,0,0:0:0:0:
448,192,40128,1,0,0:0:0:0:
192,192,40274,1,0,0:0:0:0:
64,192,40274,1,0,0:0:0:0:
448,192,40274,1,0,0:0:0:0:
192,192,40419,1,0,0:0:0:0:
320,192,40419,1,0,0:0:0:0:
320,192,40565,1,0,0:0:0:0:
448,192,40565,1,0,0:0:0:0:
192,192,40711,1,0,0:0:0:0:
64,192,40711,1,0,0:0:0:0:
320,192,40856,1,0,0:0:0:0:
448,192,40856,1,0,0:0:0:0:
192,192,40856,1,0,0:0:0:0:
320,192,41002,1,0,0:0:0:0:
64,192,41002,1,0,0:0:0:0:
448,192,41147,1,0,0:0:0:0:
320,192,41147,1,0,0:0:0:0:
192,192,41293,1,0,0:0:0:0:
64,192,41293,1,0,0:0:0:0:
320,192,41439,1,0,0:0:0:0:
192,192,41439,1,0,0:0:0:0:
448,192,41439,1,0,0:0:0:0:
192,192,41584,1,0,0:0:0:0:
64,192,41584,1,0,0:0:0:0:
448,192,41730,1,0,0:0:0:0:
320,192,41730,1,0,0:0:0:0:
192,192,41730,1,0,0:0:0:0:
320,192,41876,1,0,0:0:0:0:
64,192,41876,1,0,0:0:0:0:
192,192,42021,1,0,0:0:0:0:
64,192,42021,1,0,0:0:0:0:
448,192,42021,1,0,0:0:0:0:
192,192,42167,1,0,0:0:0:0:
64,192,42167,1,0,0:0:0:0:
320,192,42313,1,0,0:0:0:0:
448,192,42313,1,0,0:0:0:0:
320,192,42458,1,0,0:0:0:0:
448,192,42458,1,0,0:0:0:0:
320,192,42604,1,0,0:0:0:0:
192,192,42604,1,0,0:0:0:0:
64,192,42604,1,0,0:0:0:0:
192,192,42749,1,0,0:0:0:0:
320,192,42749,1,0,0:0:0:0:
320,192,42895,1,0,0:0:0:0:
448,192,42895,1,0,0:0:0:0:
192,192,43041,1,0,0:0:0:0:
64,192,43041,1,0,0:0:0:0:
192,192,43186,1,0,0:0:0:0:
448,192,43186,1,0,0:0:0:0:
320,192,43186,1,0,0:0:0:0:
448,192,43332,1,0,0:0:0:0:
192,192,43332,1,0,0:0:0:0:
320,192,43478,1,0,0:0:0:0:
64,192,43478,1,0,0:0:0:0:
320,192,43623,1,0,0:0:0:0:
64,192,43623,1,0,0:0:0:0:
192,192,43769,1,0,0:0:0:0:
320,192,43769,1,0,0:0:0:0:
448,192,43769,1,0,0:0:0:0:
192,192,43914,1,0,0:0:0:0:
64,192,43914,1,0,0:0:0:0:
320,192,44060,1,0,0:0:0:0:
192,192,44060,1,0,0:0:0:0:
192,192,44206,1,0,0:0:0:0:
64,192,44206,1,0,0:0:0:0:
448,192,44351,1,0,0:0:0:0:
320,192,44351,1,0,0:0:0:0:
64,192,44351,1,0,0:0:0:0:
192,192,44497,1,0,0:0:0:0:
320,192,44497,1,0,0:0:0:0:
448,192,44643,1,0,0:0:0:0:
320,192,44643,1,0,0:0:0:0:
192,192,44788,1,0,0:0:0:0:
64,192,44788,1,0,0:0:0:0:
320,192,44934,1,0,0:0:0:0:
448,192,44934,1,0,0:0:0:0:
64,192,44934,1,0,0:0:0:0:
320,192,45079,1,0,0:0:0:0:
448,192,45079,1,0,0:0:0:0:
320,192,45225,1,0,0:0:0:0:
192,192,45225,1,0,0:0:0:0:
64,192,45225,1,0,0:0:0:0:
192,192,45371,1,0,0:0:0:0:
320,192,45371,1,0,0:0:0:0:
192,192,45516,1,0,0:0:0:0:
64,192,45516,1,0,0:0:0:0:
448,192,45516,1,0,0:0:0:0:
320,192,45662,1,0,0:0:0:0:
448,192,45662,1,0,0:0:0:0:
192,192,45808,1,0,0:0:0:0:
64,192,45808,1,0,0:0:0:0:
192,192,45953,1,0,0:0:0:0:
64,192,45953,1,0,0:0:0:0:
320,192,45953,1,0,0:0:0:0:
320,192,46099,1,0,0:0:0:0:
448,192,46099,1,0,0:0:0:0:
192,192,46245,1,0,0:0:0:0:
448,192,46245,1,0,0:0:0:0:
320,192,46390,1,0,0:0:0:0:
192,192,46390,1,0,0:0:0:0:
64,192,46390,1,0,0:0:0:0:
64,192,46536,1,0,0:0:0:0:
320,192,46536,1,0,0:0:0:0:
192,192,46681,1,0,0:0:0:0:
320,192,46681,1,0,0:0:0:0:
448,192,46681,1,0,0:0:0:0:
192,192,46827,1,0,0:0:0:0:
64,192,46827,1,0,0:0:0:0:
320,192,46973,1,0,0:0:0:0:
192,192,46973,1,0,0:0:0:0:
64,192,46973,1,0,0:0:0:0:
192,192,47118,1,0,0:0:0:0:
448,192,47118,1,0,0:0:0:0:
192,192,47264,1,0,0:0:0:0:
320,192,47264,1,0,0:0:0:0:
448,192,47264,1,0,0:0:0:0:
320,192,47410,1,0,0:0:0:0:
64,192,47410,1,0,0:0:0:0:
192,192,47555,1,0,0:0:0:0:
64,192,47555,1,0,0:0:0:0:
448,192,47555,1,0,0:0:0:0:
448,192,47701,1,0,0:0:0:0:
192,192,47701,1,0,0:0:0:0:
192,192,47846,1,0,0:0:0:0:
448,192,47846,1,0,0:0:0:0:
320,192,47846,1,0,0:0:0:0:
320,192,47992,1,0,0:0:0:0:
64,192,47992,1,0,0:0:0:0:
64,192,48138,1,0,0:0:0:0:
192,192,48138,1,0,0:0:0:0:
320,192,48138,1,0,0:0:0:0:
448,192,48283,1,0,0:0:0:0:
320,192,48283,1,0,0:0:0:0:
192,192,48429,1,0,0:0:0:0:
64,192,48429,1,0,0:0:0:0:
448,192,48429,1,0,0:0:0:0:
320,192,48575,1,0,0:0:0:0:
192,192,48575,1,0,0:0:0:0:
320,192,48720,1,0,0:0:0:0:
448,192,48720,1,0,0:0:0:0:
64,192,48720,1,0,0:0:0:0:
192,192,48866,1,0,0:0:0:0:
64,192,48866,1,0,0:0:0:0:
192,192,49012,1,0,0:0:0:0:
320,192,49012,1,0,0:0:0:0:
448,192,49012,1,0,0:0:0:0:
448,192,49157,1,0,0:0:0:0:
320,192,49157,1,0,0:0:0:0:
192,192,49303,1,0,0:0:0:0:
64,192,49303,1,0,0:0:0:0:
448,192,49303,1,0,0:0:0:0:
320,192,49448,1,0,0:0:0:0:
64,192,49448,1,0,0:0:0:0:
192,192,49594,1,0,0:0:0:0:
320,192,49594,1,0,0:0:0:0:
448,192,49594,1,0,0:0:0:0:
448,192,49740,1,0,0:0:0:0:
64,192,49740,1,0,0:0:0:0:
320,192,49885,1,0,0:0:0:0:
192,192,49885,1,0,0:0:0:0:
64,192,49885,1,0,0:0:0:0:
192,192,50031,1,0,0:0:0:0:
320,192,50031,1,0,0:0:0:0:
448,192,50177,1,0,0:0:0:0:
320,192,50177,1,0,0:0:0:0:
64,192,50177,1,0,0:0:0:0:
192,192,50322,1,0,0:0:0:0:
448,192,50322,1,0,0:0:0:0:
448,192,50468,1,0,0:0:0:0:
320,192,50468,1,0,0:0:0:0:
192,192,50468,1,0,0:0:0:0:
448,192,50613,1,0,0:0:0:0:
192,192,50613,1,0,0:0:0:0:
320,192,50759,1,0,0:0:0:0:
64,192,50759,1,0,0:0:0:0:
192,192,50759,1,0,0:0:0:0:
320,192,50905,1,0,0:0:0:0:
64,192,50905,1,0,0:0:0:0:
192,192,51050,1,0,0:0:0:0:
320,192,51050,1,0,0:0:0:0:
448,192,51050,1,0,0:0:0:0:
448,192,51196,1,0,0:0:0:0:
64,192,51196,1,0,0:0:0:0:
320,192,51342,1,0,0:0:0:0:
192,192,51342,1,0,0:0:0:0:
64,192,51342,1,0,0:0:0:0:
448,192,51342,1,0,0:0:0:0:
448,192,51487,1,0,0:0:0:0:
320,192,51487,1,0,0:0:0:0:
192,192,51633,1,0,0:0:0:0:
64,192,51633,1,0,0:0:0:0:
320,192,51633,1,0,0:0:0:0:
448,192,51779,1,0,0:0:0:0:
192,192,51779,1,0,0:0:0:0:
192,192,51924,1,0,0:0:0:0:
448,192,51924,1,0,0:0:0:0:
320,192,51924,1,0,0:0:0:0:
64,192,51924,1,0,0:0:0:0:
320,192,52070,1,0,0:0:0:0:
64,192,52070,1,0,0:0:0:0:
192,192,52215,1,0,0:0:0:0:
448,192,52215,1,0,0:0:0:0:
320,192,52215,1,0,0:0:0:0:
64,192,52361,1,0,0:0:0:0:
448,192,52361,1,0,0:0:0:0:
320,192,52507,1,0,0:0:0:0:
192,192,52507,1,0,0:0:0:0:
64,192,52507,1,0,0:0:0:0:
448,192,52507,1,0,0:0:0:0:
192,192,52652,1,0,0:0:0:0:
320,192,52652,1,0,0:0:0:0:
320,192,52798,1,0,0:0:0:0:
64,192,52798,1,0,0:0:0:0:
448,192,52798,1,0,0:0:0:0:
64,192,52944,5,0,0:0:0:0:
448,192,52944,1,0,0:0:0:0:
64,192,53089,1,0,0:0:0:0:
192,192,53089,1,0,0:0:0:0:
320,192,53089,1,0,0:0:0:0:
448,192,53089,1,0,0:0:0:0:
192,192,53235,1,0,0:0:0:0:
320,192,53235,1,0,0:0:0:0:
192,192,53380,1,0,0:0:0:0:
320,192,53380,1,0,0:0:0:0:
448,192,53380,1,0,0:0:0:0:
448,192,53526,1,0,0:0:0:0:
64,192,53526,1,0,0:0:0:0:
64,192,53672,5,0,0:0:0:0:
448,192,53672,1,0,0:0:0:0:
192,192,53672,1,0,0:0:0:0:
320,192,53672,1,0,0:0:0:0:
320,192,53817,1,0,0:0:0:0:
64,192,53817,1,0,0:0:0:0:
192,192,53963,1,0,0:0:0:0:
320,192,53963,1,0,0:0:0:0:
448,192,53963,1,0,0:0:0:0:
64,192,53963,1,0,0:0:0:0:
192,192,54109,1,0,0:0:0:0:
448,192,54109,1,0,0:0:0:0:
448,192,54254,1,0,0:0:0:0:
320,192,54254,1,0,0:0:0:0:
192,192,54254,1,0,0:0:0:0:
64,192,54254,1,0,0:0:0:0:
320,192,54400,1,0,0:0:0:0:
64,192,54400,1,0,0:0:0:0:
64,192,54546,1,0,0:0:0:0:
192,192,54546,1,0,0:0:0:0:
320,192,54546,1,0,0:0:0:0:
448,192,54546,1,0,0:0:0:0:
448,192,54691,1,0,0:0:0:0:
64,192,54691,1,0,0:0:0:0:
64,192,54837,1,0,0:0:0:0:
192,192,54837,1,0,0:0:0:0:
320,192,54837,1,0,0:0:0:0:
448,192,54837,1,0,0:0:0:0:
192,192,54982,1,0,0:0:0:0:
320,192,54982,1,0,0:0:0:0:
448,192,55128,1,0,0:0:0:0:
192,192,55128,1,0,0:0:0:0:
64,192,55128,1,0,0:0:0:0:
320,192,55128,1,0,0:0:0:0:
448,192,55274,5,0,0:0:0:0:
64,192,55274,1,0,0:0:0:0:
64,192,55419,1,0,0:0:0:0:
192,192,55419,1,0,0:0:0:0:
320,192,55419,1,0,0:0:0:0:
448,192,55419,1,0,0:0:0:0:
320,192,55565,1,0,0:0:0:0:
192,192,55565,1,0,0:0:0:0:
64,192,55711,1,0,0:0:0:0:
192,192,55711,1,0,0:0:0:0:
320,192,55711,1,0,0:0:0:0:
448,192,55711,1,0,0:0:0:0:
448,192,55856,1,0,0:0:0:0:
64,192,55856,1,0,0:0:0:0:
192,192,56002,5,0,0:0:0:0:
64,192,56002,1,0,0:0:0:0:
448,192,56002,1,0,0:0:0:0:
192,192,56147,1,0,0:0:0:0:
320,192,56147,1,0,0:0:0:0:
192,192,56293,1,0,0:0:0:0:
64,192,56293,1,0,0:0:0:0:
448,192,56293,1,0,0:0:0:0:
448,192,56439,1,0,0:0:0:0:
192,192,56439,1,0,0:0:0:0:
64,192,56439,1,0,0:0:0:0:
320,192,56584,1,0,0:0:0:0:
448,192,56584,1,0,0:0:0:0:
64,192,56584,1,0,0:0:0:0:
64,192,56730,1,0,0:0:0:0:
320,192,56730,1,0,0:0:0:0:
448,192,56730,1,0,0:0:0:0:
192,192,56876,1,0,0:0:0:0:
320,192,56876,1,0,0:0:0:0:
448,192,56876,1,0,0:0:0:0:
192,192,57021,1,0,0:0:0:0:
64,192,57021,1,0,0:0:0:0:
448,192,57021,1,0,0:0:0:0:
320,192,57167,1,0,0:0:0:0:
192,192,57167,1,0,0:0:0:0:
64,192,57167,1,0,0:0:0:0:
64,192,57313,1,0,0:0:0:0:
192,192,57313,1,0,0:0:0:0:
320,192,57313,1,0,0:0:0:0:
448,192,57458,1,0,0:0:0:0:
320,192,57458,1,0,0:0:0:0:
64,192,57458,1,0,0:0:0:0:
192,192,57604,1,0,0:0:0:0:
320,192,57604,1,0,0:0:0:0:
448,192,57604,1,0,0:0:0:0:
192,192,57749,1,0,0:0:0:0:
64,192,57749,1,0,0:0:0:0:
448,192,57749,1,0,0:0:0:0:
320,192,57895,1,0,0:0:0:0:
64,192,57895,1,0,0:0:0:0:
320,192,58041,1,0,0:0:0:0:
448,192,58041,1,0,0:0:0:0:
64,192,58041,1,0,0:0:0:0:
192,192,58186,1,0,0:0:0:0:
448,192,58186,1,0,0:0:0:0:
64,192,58332,1,0,0:0:0:0:
192,192,58332,1,0,0:0:0:0:
320,192,58332,1,0,0:0:0:0:
320,192,58478,1,0,0:0:0:0:
192,192,58478,1,0,0:0:0:0:
64,192,58478,1,0,0:0:0:0:
320,192,58623,1,0,0:0:0:0:
448,192,58623,1,0,0:0:0:0:
64,192,58623,1,0,0:0:0:0:
192,192,58769,1,0,0:0:0:0:
320,192,58769,1,0,0:0:0:0:
448,192,58769,1,0,0:0:0:0:
192,192,58914,1,0,0:0:0:0:
64,192,58914,1,0,0:0:0:0:
448,192,58914,1,0,0:0:0:0:
320,192,59060,1,0,0:0:0:0:
192,192,59060,1,0,0:0:0:0:
64,192,59060,1,0,0:0:0:0:
192,192,59206,1,0,0:0:0:0:
320,192,59206,1,0,0:0:0:0:
448,192,59206,1,0,0:0:0:0:
320,192,59351,1,0,0:0:0:0:
448,192,59351,1,0,0:0:0:0:
64,192,59351,1,0,0:0:0:0:
320,192,59497,1,0,0:0:0:0:
192,192,59497,1,0,0:0:0:0:
64,192,59497,1,0,0:0:0:0:
448,192,59497,1,0,0:0:0:0:
192,192,59643,1,0,0:0:0:0:
320,192,59643,1,0,0:0:0:0:
64,192,59788,1,0,0:0:0:0:
448,192,59788,1,0,0:0:0:0:
320,192,59934,1,0,0:0:0:0:
192,192,59934,1,0,0:0:0:0:
64,192,59934,1,0,0:0:0:0:
448,192,59934,1,0,0:0:0:0:
320,192,60079,1,0,0:0:0:0:
64,192,60079,1,0,0:0:0:0:
448,192,60225,1,0,0:0:0:0:
192,192,60225,1,0,0:0:0:0:
64,192,60371,1,0,0:0:0:0:
192,192,60371,1,0,0:0:0:0:
448,192,60371,1,0,0:0:0:0:
320,192,60371,1,0,0:0:0:0:
64,192,60516,1,0,0:0:0:0:
320,192,60516,1,0,0:0:0:0:
192,192,60662,5,0,0:0:0:0:
64,192,60662,1,0,0:0:0:0:
448,192,60662,1,0,0:0:0:0:
320,192,60662,1,0,0:0:0:0:
448,192,60808,1,0,0:0:0:0:
64,192,60808,1,0,0:0:0:0:
320,192,60953,1,0,0:0:0:0:
448,192,60953,1,0,0:0:0:0:
192,192,60953,1,0,0:0:0:0:
192,192,61099,1,0,0:0:0:0:
320,192,61099,1,0,0:0:0:0:
448,192,61099,1,0,0:0:0:0:
192,192,61245,1,0,0:0:0:0:
64,192,61245,1,0,0:0:0:0:
448,192,61245,1,0,0:0:0:0:
448,192,61390,1,0,0:0:0:0:
192,192,61390,1,0,0:0:0:0:
64,192,61390,1,0,0:0:0:0:
320,192,61536,1,0,0:0:0:0:
192,192,61536,1,0,0:0:0:0:
64,192,61536,1,0,0:0:0:0:
320,192,61681,1,0,0:0:0:0:
448,192,61681,1,0,0:0:0:0:
64,192,61681,1,0,0:0:0:0:
192,192,61827,1,0,0:0:0:0:
320,192,61827,1,0,0:0:0:0:
448,192,61827,1,0,0:0:0:0:
448,192,61973,1,0,0:0:0:0:
320,192,61973,1,0,0:0:0:0:
192,192,61973,1,0,0:0:0:0:
64,192,62118,1,0,0:0:0:0:
448,192,62118,1,0,0:0:0:0:
320,192,62264,1,0,0:0:0:0:
192,192,62264,1,0,0:0:0:0:
64,192,62264,1,0,0:0:0:0:
320,192,62410,1,0,0:0:0:0:
448,192,62410,1,0,0:0:0:0:
64,192,62410,1,0,0:0:0:0:
320,192,62555,1,0,0:0:0:0:
448,192,62555,1,0,0:0:0:0:
192,192,62701,1,0,0:0:0:0:
64,192,62701,1,0,0:0:0:0:
448,192,62701,1,0,0:0:0:0:
192,192,62846,1,0,0:0:0:0:
64,192,62846,1,0,0:0:0:0:
448,192,62992,1,0,0:0:0:0:
320,192,62992,1,0,0:0:0:0:
192,192,62992,1,0,0:0:0:0:
192,192,63138,1,0,0:0:0:0:
320,192,63138,1,0,0:0:0:0:
448,192,63138,1,0,0:0:0:0:
192,192,63283,1,0,0:0:0:0:
64,192,63283,1,0,0:0:0:0:
448,192,63283,1,0,0:0:0:0:
320,192,63429,1,0,0:0:0:0:
192,192,63429,1,0,0:0:0:0:
64,192,63429,1,0,0:0:0:0:
320,192,63575,1,0,0:0:0:0:
448,192,63575,1,0,0:0:0:0:
64,192,63575,1,0,0:0:0:0:
192,192,63720,1,0,0:0:0:0:
320,192,63720,1,0,0:0:0:0:
448,192,63720,1,0,0:0:0:0:
320,192,63866,1,0,0:0:0:0:
192,192,63866,1,0,0:0:0:0:
64,192,63866,1,0,0:0:0:0:
192,192,64012,1,0,0:0:0:0:
64,192,64012,1,0,0:0:0:0:
448,192,64012,1,0,0:0:0:0:
192,192,64157,1,0,0:0:0:0:
320,192,64157,1,0,0:0:0:0:
448,192,64157,1,0,0:0:0:0:
64,192,64157,1,0,0:0:0:0:
192,192,64303,1,0,0:0:0:0:
448,192,64303,1,0,0:0:0:0:
64,192,64448,1,0,0:0:0:0:
320,192,64448,1,0,0:0:0:0:
192,192,64594,1,0,0:0:0:0:
320,192,64594,1,0,0:0:0:0:
448,192,64594,1,0,0:0:0:0:
64,192,64594,1,0,0:0:0:0:
64,192,64740,1,0,0:0:0:0:
448,192,64740,1,0,0:0:0:0:
320,192,64885,1,0,0:0:0:0:
192,192,64885,1,0,0:0:0:0:
448,192,65031,1,0,0:0:0:0:
320,192,65031,1,0,0:0:0:0:
64,192,65031,1,0,0:0:0:0:
192,192,65031,1,0,0:0:0:0:
448,192,65177,1,0,0:0:0:0:
64,192,65177,1,0,0:0:0:0:
320,192,65322,1,0,0:0:0:0:
448,192,65322,1,0,0:0:0:0:
64,192,65322,1,0,0:0:0:0:
192,192,65322,1,0,0:0:0:0:
192,192,65468,1,0,0:0:0:0:
320,192,65468,1,0,0:0:0:0:
192,192,65613,1,0,0:0:0:0:
64,192,65613,1,0,0:0:0:0:
448,192,65613,1,0,0:0:0:0:
320,192,65759,1,0,0:0:0:0:
192,192,65759,1,0,0:0:0:0:
64,192,65759,1,0,0:0:0:0:
320,192,65905,1,0,0:0:0:0:
448,192,65905,1,0,0:0:0:0:
64,192,65905,1,0,0:0:0:0:
192,192,66050,1,0,0:0:0:0:
320,192,66050,1,0,0:0:0:0:
448,192,66050,1,0,0:0:0:0:
192,192,66196,1,0,0:0:0:0:
320,192,66196,1,0,0:0:0:0:
64,192,66196,1,0,0:0:0:0:
64,192,66342,1,0,0:0:0:0:
192,192,66342,1,0,0:0:0:0:
448,192,66342,1,0,0:0:0:0:
448,192,66487,1,0,0:0:0:0:
320,192,66487,1,0,0:0:0:0:
192,192,66487,1,0,0:0:0:0:
64,192,66633,1,0,0:0:0:0:
192,192,66633,1,0,0:0:0:0:
320,192,66633,1,0,0:0:0:0:
64,192,66779,1,0,0:0:0:0:
448,192,66779,1,0,0:0:0:0:
320,192,66924,1,0,0:0:0:0:
192,192,66924,1,0,0:0:0:0:
64,192,66924,1,0,0:0:0:0:
192,192,67070,1,0,0:0:0:0:
320,192,67070,1,0,0:0:0:0:
448,192,67070,1,0,0:0:0:0:
320,192,67215,1,0,0:0:0:0:
448,192,67215,1,0,0:0:0:0:
320,192,67361,1,0,0:0:0:0:
192,192,67361,1,0,0:0:0:0:
64,192,67361,1,0,0:0:0:0:
64,192,67507,1,0,0:0:0:0:
192,192,67507,1,0,0:0:0:0:
320,192,67652,1,0,0:0:0:0:
448,192,67652,1,0,0:0:0:0:
192,192,67652,1,0,0:0:0:0:
64,192,67798,1,0,0:0:0:0:
448,192,67798,1,0,0:0:0:0:
320,192,67798,1,0,0:0:0:0:
64,192,67944,1,0,0:0:0:0:
448,192,67944,1,0,0:0:0:0:
192,192,67944,1,0,0:0:0:0:
192,192,68089,1,0,0:0:0:0:
64,192,68089,1,0,0:0:0:0:
320,192,68089,1,0,0:0:0:0:
448,192,68235,1,0,0:0:0:0:
192,192,68235,1,0,0:0:0:0:
64,192,68235,1,0,0:0:0:0:
320,192,68380,1,0,0:0:0:0:
448,192,68380,1,0,0:0:0:0:
192,192,68380,1,0,0:0:0:0:
64,192,68526,1,0,0:0:0:0:
320,192,68526,1,0,0:0:0:0:
448,192,68526,1,0,0:0:0:0:
320,192,68672,1,0,0:0:0:0:
192,192,68672,1,0,0:0:0:0:
64,192,68672,1,0,0:0:0:0:
64,192,68817,1,0,0:0:0:0:
192,192,68817,1,0,0:0:0:0:
320,192,68817,1,0,0:0:0:0:
448,192,68817,1,0,0:0:0:0:
320,192,68963,1,0,0:0:0:0:
192,192,68963,1,0,0:0:0:0:
64,192,69109,1,0,0:0:0:0:
448,192,69109,1,0,0:0:0:0:
192,192,69254,1,0,0:0:0:0:
320,192,69254,1,0,0:0:0:0:
448,192,69254,1,0,0:0:0:0:
64,192,69254,1,0,0:0:0:0:
64,192,69400,1,0,0:0:0:0:
320,192,69400,1,0,0:0:0:0:
192,192,69546,1,0,0:0:0:0:
448,192,69546,1,0,0:0:0:0:
64,192,69691,1,0,0:0:0:0:
192,192,69691,1,0,0:0:0:0:
320,192,69691,1,0,0:0:0:0:
448,192,69691,1,0,0:0:0:0:
64,192,69837,1,0,0:0:0:0:
320,192,69837,1,0,0:0:0:0:
448,192,69982,1,0,0:0:0:0:
320,192,69982,1,0,0:0:0:0:
192,192,69982,1,0,0:0:0:0:
64,192,69982,1,0,0:0:0:0:
192,192,70128,1,0,0:0:0:0:
448,192,70128,1,0,0:0:0:0:
320,192,70274,1,0,0:0:0:0:
192,192,70274,1,0,0:0:0:0:
64,192,70274,1,0,0:0:0:0:
320,192,70419,1,0,0:0:0:0:
448,192,70419,1,0,0:0:0:0:
64,192,70419,1,0,0:0:0:0:
192,192,70565,1,0,0:0:0:0:
320,192,70565,1,0,0:0:0:0:
448,192,70565,1,0,0:0:0:0:
64,192,70711,1,0,0:0:0:0:
192,192,70711,1,0,0:0:0:0:
320,192,70711,1,0,0:0:0:0:
320,192,70856,1,0,0:0:0:0:
448,192,70856,1,0,0:0:0:0:
64,192,70856,1,0,0:0:0:0:
192,192,71002,1,0,0:0:0:0:
320,192,71002,1,0,0:0:0:0:
448,192,71002,1,0,0:0:0:0:
320,192,71147,1,0,0:0:0:0:
192,192,71147,1,0,0:0:0:0:
64,192,71147,1,0,0:0:0:0:
192,192,71293,1,0,0:0:0:0:
64,192,71293,1,0,0:0:0:0:
320,192,71293,1,0,0:0:0:0:
448,192,71439,1,0,0:0:0:0:
192,192,71439,1,0,0:0:0:0:
64,192,71584,1,0,0:0:0:0:
192,192,71584,1,0,0:0:0:0:
320,192,71584,1,0,0:0:0:0:
320,192,71730,1,0,0:0:0:0:
448,192,71730,1,0,0:0:0:0:
64,192,71730,1,0,0:0:0:0:
320,192,71876,1,0,0:0:0:0:
448,192,71876,1,0,0:0:0:0:
320,192,72021,1,0,0:0:0:0:
64,192,72021,1,0,0:0:0:0:
192,192,72021,1,0,0:0:0:0:
192,192,72167,1,0,0:0:0:0:
64,192,72167,1,0,0:0:0:0:
448,192,72313,1,0,0:0:0:0:
320,192,72313,1,0,0:0:0:0:
192,192,72313,1,0,0:0:0:0:
192,192,72458,1,0,0:0:0:0:
320,192,72458,1,0,0:0:0:0:
448,192,72458,1,0,0:0:0:0:
320,192,72604,1,0,0:0:0:0:
192,192,72604,1,0,0:0:0:0:
64,192,72604,1,0,0:0:0:0:
64,192,72749,1,0,0:0:0:0:
192,192,72749,1,0,0:0:0:0:
320,192,72749,1,0,0:0:0:0:
320,192,72895,1,0,0:0:0:0:
448,192,72895,1,0,0:0:0:0:
64,192,72895,1,0,0:0:0:0:
192,192,73041,1,0,0:0:0:0:
320,192,73041,1,0,0:0:0:0:
448,192,73041,1,0,0:0:0:0:
320,192,73186,1,0,0:0:0:0:
192,192,73186,1,0,0:0:0:0:
64,192,73186,1,0,0:0:0:0:
448,192,73332,1,0,0:0:0:0:
64,192,73332,1,0,0:0:0:0:
192,192,73332,1,0,0:0:0:0:
64,192,73478,1,0,0:0:0:0:
192,192,73478,1,0,0:0:0:0:
320,192,73478,1,0,0:0:0:0:
448,192,73478,1,0,0:0:0:0:
448,192,73623,1,0,0:0:0:0:
320,192,73623,1,0,0:0:0:0:
192,192,73623,1,0,0:0:0:0:
64,192,73623,1,0,0:0:0:0:
64,192,73769,1,0,0:0:0:0:
192,192,73769,1,0,0:0:0:0:
320,192,73769,1,0,0:0:0:0:
448,192,73769,1,0,0:0:0:0:
448,192,73914,1,0,0:0:0:0:
320,192,73914,1,0,0:0:0:0:
192,192,73914,1,0,0:0:0:0:
64,192,73914,1,0,0:0:0:0:
64,192,74060,1,0,0:0:0:0:
192,192,74060,1,0,0:0:0:0:
320,192,74060,1,0,0:0:0:0:
448,192,74060,1,0,0:0:0:0:
448,192,74206,1,0,0:0:0:0:
320,192,74206,1,0,0:0:0:0:
64,192,74206,1,0,0:0:0:0:
192,192,74206,1,0,0:0:0:0:
64,192,74351,1,0,0:0:0:0:
192,192,74351,1,0,0:0:0:0:
320,192,74351,1,0,0:0:0:0:
448,192,74351,1,0,0:0:0:0:
448,192,74497,1,0,0:0:0:0:
320,192,74497,1,0,0:0:0:0:
192,192,74497,1,0,0:0:0:0:
64,192,74497,1,0,0:0:0:0:
64,192,74643,1,0,0:0:0:0:
192,192,74643,1,0,0:0:0:0:
320,192,74643,1,0,0:0:0:0:
448,192,74643,1,0,0:0:0:0:
192,192,74788,1,0,0:0:0:0:
448,192,74788,1,0,0:0:0:0:
320,192,74934,1,0,0:0:0:0:
64,192,74934,1,0,0:0:0:0:
64,192,75079,1,0,0:0:0:0:
320,192,75079,1,0,0:0:0:0:
192,192,75225,1,0,0:0:0:0:
448,192,75225,1,0,0:0:0:0:
448,192,75371,1,0,0:0:0:0:
320,192,75371,1,0,0:0:0:0:
320,192,75516,1,0,0:0:0:0:
64,192,75516,1,0,0:0:0:0:
192,192,75662,1,0,0:0:0:0:
64,192,75662,1,0,0:0:0:0:
320,192,75808,1,0,0:0:0:0:
448,192,75808,1,0,0:0:0:0:
448,192,75953,1,0,0:0:0:0:
192,192,75953,1,0,0:0:0:0:
320,192,76099,1,0,0:0:0:0:
448,192,76099,1,0,0:0:0:0:
192,192,76245,1,0,0:0:0:0:
64,192,76245,1,0,0:0:0:0:
320,192,76390,1,0,0:0:0:0:
64,192,76390,1,0,0:0:0:0:
192,192,76536,1,0,0:0:0:0:
448,192,76536,1,0,0:0:0:0:
320,192,76681,1,0,0:0:0:0:
448,192,76681,1,0,0:0:0:0:
64,192,76827,1,0,0:0:0:0:
320,192,76827,1,0,0:0:0:0:
64,192,76973,1,0,0:0:0:0:
192,192,76973,1,0,0:0:0:0:
320,192,77118,1,0,0:0:0:0:
448,192,77118,1,0,0:0:0:0:
448,192,77264,1,0,0:0:0:0:
192,192,77264,1,0,0:0:0:0:
320,192,77410,1,0,0:0:0:0:
448,192,77410,1,0,0:0:0:0:
192,192,77555,1,0,0:0:0:0:
64,192,77555,1,0,0:0:0:0:
320,192,77701,1,0,0:0:0:0:
64,192,77701,1,0,0:0:0:0:
192,192,77846,1,0,0:0:0:0:
448,192,77846,1,0,0:0:0:0:
320,192,77992,1,0,0:0:0:0:
448,192,77992,1,0,0:0:0:0:
192,192,78138,1,0,0:0:0:0:
64,192,78138,1,0,0:0:0:0:
64,192,78283,1,0,0:0:0:0:
448,192,78283,1,0,0:0:0:0:
192,192,78429,1,0,0:0:0:0:
64,192,78429,1,0,0:0:0:0:
320,192,78575,1,0,0:0:0:0:
448,192,78575,1,0,0:0:0:0:
192,192,78720,1,0,0:0:0:0:
448,192,78720,1,0,0:0:0:0:
320,192,78866,1,0,0:0:0:0:
64,192,78866,1,0,0:0:0:0:
192,192,79012,1,0,0:0:0:0:
64,192,79012,1,0,0:0:0:0:
320,192,79157,1,0,0:0:0:0:
448,192,79157,1,0,0:0:0:0:
320,192,79303,1,0,0:0:0:0:
448,192,79303,1,0,0:0:0:0:
192,192,79448,1,0,0:0:0:0:
64,192,79448,1,0,0:0:0:0:
320,192,79594,1,0,0:0:0:0:
64,192,79594,1,0,0:0:0:0:
192,192,79740,1,0,0:0:0:0:
64,192,79740,1,0,0:0:0:0:
320,192,79885,1,0,0:0:0:0:
448,192,79885,1,0,0:0:0:0:
192,192,80031,1,0,0:0:0:0:
320,192,80031,1,0,0:0:0:0:
320,192,80177,1,0,0:0:0:0:
192,192,80177,1,0,0:0:0:0:
448,192,80322,1,0,0:0:0:0:
64,192,80322,1,0,0:0:0:0:
192,192,80468,1,0,0:0:0:0:
320,192,80468,1,0,0:0:0:0:
320,192,80613,1,0,0:0:0:0:
64,192,80613,1,0,0:0:0:0:
192,192,80759,1,0,0:0:0:0:
64,192,80759,1,0,0:0:0:0:
320,192,80905,1,0,0:0:0:0:
448,192,80905,1,0,0:0:0:0:
192,192,81050,1,0,0:0:0:0:
64,192,81050,1,0,0:0:0:0:
64,192,81196,1,0,0:0:0:0:
320,192,81196,1,0,0:0:0:0:
320,192,81342,1,0,0:0:0:0:
448,192,81342,1,0,0:0:0:0:
448,192,81487,1,0,0:0:0:0:
192,192,81487,1,0,0:0:0:0:
192,192,81633,1,0,0:0:0:0:
64,192,81633,1,0,0:0:0:0:
320,192,81706,1,0,0:0:0:0:
64,192,81706,1,0,0:0:0:0:
320,192,81779,1,0,0:0:0:0:
448,192,81779,1,0,0:0:0:0:
192,192,81924,1,0,0:0:0:0:
64,192,81924,1,0,0:0:0:0:
320,192,82070,1,0,0:0:0:0:
448,192,82070,1,0,0:0:0:0:
192,192,82215,1,0,0:0:0:0:
320,192,82215,1,0,0:0:0:0:
320,192,82361,1,0,0:0:0:0:
448,192,82361,1,0,0:0:0:0:
64,192,82507,1,0,0:0:0:0:
320,192,82507,1,0,0:0:0:0:
192,192,82652,1,0,0:0:0:0:
448,192,82652,1,0,0:0:0:0:
192,192,82798,1,0,0:0:0:0:
64,192,82798,1,0,0:0:0:0:
320,192,82798,1,0,0:0:0:0:
448,192,82944,1,0,0:0:0:0:
64,192,82944,1,0,0:0:0:0:
448,192,83089,1,0,0:0:0:0:
192,192,83089,1,0,0:0:0:0:
320,192,83089,1,0,0:0:0:0:
64,192,83235,1,0,0:0:0:0:
320,192,83235,1,0,0:0:0:0:
448,192,83380,1,0,0:0:0:0:
64,192,83380,1,0,0:0:0:0:
192,192,83380,1,0,0:0:0:0:
192,192,83526,1,0,0:0:0:0:
448,192,83526,1,0,0:0:0:0:
448,192,83672,1,0,0:0:0:0:
64,192,83672,1,0,0:0:0:0:
320,192,83672,1,0,0:0:0:0:
320,192,83817,1,0,0:0:0:0:
64,192,83817,1,0,0:0:0:0:
192,192,83963,1,0,0:0:0:0:
320,192,83963,1,0,0:0:0:0:
448,192,83963,1,0,0:0:0:0:
448,192,84109,1,0,0:0:0:0:
192,192,84109,1,0,0:0:0:0:
320,192,84254,1,0,0:0:0:0:
448,192,84254,1,0,0:0:0:0:
192,192,84400,1,0,0:0:0:0:
64,192,84400,1,0,0:0:0:0:
64,192,84546,1,0,0:0:0:0:
192,192,84546,1,0,0:0:0:0:
320,192,84691,1,0,0:0:0:0:
64,192,84691,1,0,0:0:0:0:
192,192,84837,1,0,0:0:0:0:
448,192,84837,1,0,0:0:0:0:
320,192,84982,1,0,0:0:0:0:
448,192,84982,1,0,0:0:0:0:
64,192,85128,1,0,0:0:0:0:
448,192,85128,1,0,0:0:0:0:
320,192,85274,1,0,0:0:0:0:
192,192,85274,1,0,0:0:0:0:
64,192,85419,1,0,0:0:0:0:
320,192,85419,1,0,0:0:0:0:
448,192,85565,1,0,0:0:0:0:
64,192,85565,1,0,0:0:0:0:
320,192,85711,1,0,0:0:0:0:
448,192,85711,1,0,0:0:0:0:
192,192,85856,1,0,0:0:0:0:
64,192,85856,1,0,0:0:0:0:
320,192,86002,1,0,0:0:0:0:
64,192,86002,1,0,0:0:0:0:
192,192,86147,1,0,0:0:0:0:
448,192,86147,1,0,0:0:0:0:
320,192,86293,1,0,0:0:0:0:
448,192,86293,1,0,0:0:0:0:
192,192,86439,1,0,0:0:0:0:
64,192,86439,1,0,0:0:0:0:
448,192,86584,1,0,0:0:0:0:
64,192,86584,1,0,0:0:0:0:
320,192,86730,1,0,0:0:0:0:
448,192,86730,1,0,0:0:0:0:
320,192,86876,1,0,0:0:0:0:
192,192,86876,1,0,0:0:0:0:
320,192,87021,1,0,0:0:0:0:
448,192,87021,1,0,0:0:0:0:
192,192,87167,1,0,0:0:0:0:
64,192,87167,1,0,0:0:0:0:
320,192,87313,1,0,0:0:0:0:
192,192,87313,1,0,0:0:0:0:
192,192,87458,1,0,0:0:0:0:
64,192,87458,1,0,0:0:0:0:
320,192,87604,1,0,0:0:0:0:
448,192,87604,1,0,0:0:0:0:
192,192,87749,1,0,0:0:0:0:
448,192,87749,1,0,0:0:0:0:
320,192,87895,1,0,0:0:0:0:
448,192,87895,1,0,0:0:0:0:
192,192,88041,1,0,0:0:0:0:
64,192,88041,1,0,0:0:0:0:
320,192,88186,1,0,0:0:0:0:
64,192,88186,1,0,0:0:0:0:
192,192,88332,1,0,0:0:0:0:
448,192,88332,1,0,0:0:0:0:
320,192,88478,1,0,0:0:0:0:
448,192,88478,1,0,0:0:0:0:
192,192,88623,1,0,0:0:0:0:
64,192,88623,1,0,0:0:0:0:
192,192,88769,1,0,0:0:0:0:
64,192,88769,1,0,0:0:0:0:
448,192,88914,1,0,0:0:0:0:
192,192,88914,1,0,0:0:0:0:
320,192,89060,1,0,0:0:0:0:
448,192,89060,1,0,0:0:0:0:
64,192,89206,1,0,0:0:0:0:
192,192,89206,1,0,0:0:0:0:
320,192,89351,1,0,0:0:0:0:
64,192,89351,1,0,0:0:0:0:
320,192,89497,1,0,0:0:0:0:
448,192,89497,1,0,0:0:0:0:
320,192,89643,1,0,0:0:0:0:
192,192,89643,1,0,0:0:0:0:
320,192,89788,1,0,0:0:0:0:
448,192,89788,1,0,0:0:0:0:
192,192,89934,1,0,0:0:0:0:
64,192,89934,1,0,0:0:0:0:
320,192,90079,1,0,0:0:0:0:
64,192,90079,1,0,0:0:0:0:
320,192,90225,1,0,0:0:0:0:
448,192,90225,1,0,0:0:0:0:
192,192,90371,1,0,0:0:0:0:
448,192,90371,1,0,0:0:0:0:
320,192,90516,1,0,0:0:0:0:
64,192,90516,1,0,0:0:0:0:
192,192,90662,1,0,0:0:0:0:
64,192,90662,1,0,0:0:0:0:
448,192,90808,1,0,0:0:0:0:
320,192,90808,1,0,0:0:0:0:
448,192,90953,1,0,0:0:0:0:
64,192,90953,1,0,0:0:0:0:
320,192,91099,1,0,0:0:0:0:
448,192,91099,1,0,0:0:0:0:
192,192,91245,1,0,0:0:0:0:
64,192,91245,1,0,0:0:0:0:
64,192,91390,1,0,0:0:0:0:
448,192,91390,1,0,0:0:0:0:
64,192,91536,1,0,0:0:0:0:
192,192,91536,1,0,0:0:0:0:
320,192,91681,1,0,0:0:0:0:
192,192,91681,1,0,0:0:0:0:
320,192,91827,1,0,0:0:0:0:
192,192,91827,1,0,0:0:0:0:
320,192,91973,1,0,0:0:0:0:
448,192,91973,1,0,0:0:0:0:
192,192,92118,1,0,0:0:0:0:
64,192,92118,1,0,0:0:0:0:
320,192,92264,1,0,0:0:0:0:
64,192,92264,1,0,0:0:0:0:
192,192,92410,1,0,0:0:0:0:
448,192,92410,1,0,0:0:0:0:
192,192,92555,1,0,0:0:0:0:
448,192,92555,1,0,0:0:0:0:
320,192,92701,1,0,0:0:0:0:
64,192,92701,1,0,0:0:0:0:
64,192,92846,1,0,0:0:0:0:
448,192,92846,1,0,0:0:0:0:
448,192,92992,1,0,0:0:0:0:
64,192,92992,1,0,0:0:0:0:
192,192,93138,1,0,0:0:0:0:
64,192,93138,1,0,0:0:0:0:
192,192,93283,1,0,0:0:0:0:
448,192,93283,1,0,0:0:0:0:
320,192,93283,1,0,0:0:0:0:
192,192,93429,1,0,0:0:0:0:
64,192,93429,1,0,0:0:0:0:
320,192,93575,1,0,0:0:0:0:
448,192,93575,1,0,0:0:0:0:
448,192,93720,1,0,0:0:0:0:
320,192,93720,1,0,0:0:0:0:
320,192,93866,1,0,0:0:0:0:
192,192,93866,1,0,0:0:0:0:
64,192,93866,1,0,0:0:0:0:
192,192,94012,1,0,0:0:0:0:
64,192,94012,1,0,0:0:0:0:
320,192,94157,1,0,0:0:0:0:
448,192,94157,1,0,0:0:0:0:
320,192,94303,1,0,0:0:0:0:
192,192,94303,1,0,0:0:0:0:
320,192,94448,1,0,0:0:0:0:
448,192,94448,1,0,0:0:0:0:
64,192,94448,1,0,0:0:0:0:
320,192,94594,1,0,0:0:0:0:
448,192,94594,1,0,0:0:0:0:
64,192,94740,1,0,0:0:0:0:
320,192,94740,1,0,0:0:0:0:
192,192,94885,1,0,0:0:0:0:
64,192,94885,1,0,0:0:0:0:
448,192,95031,1,0,0:0:0:0:
192,192,95031,1,0,0:0:0:0:
320,192,95031,1,0,0:0:0:0:
448,192,95177,1,0,0:0:0:0:
320,192,95177,1,0,0:0:0:0:
192,192,95322,1,0,0:0:0:0:
320,192,95322,1,0,0:0:0:0:
192,192,95468,1,0,0:0:0:0:
320,192,95468,1,0,0:0:0:0:
448,192,95613,1,0,0:0:0:0:
320,192,95613,1,0,0:0:0:0:
64,192,95613,1,0,0:0:0:0:
192,192,95759,1,0,0:0:0:0:
64,192,95759,1,0,0:0:0:0:
320,192,95905,1,0,0:0:0:0:
192,192,95905,1,0,0:0:0:0:
320,192,96050,1,0,0:0:0:0:
448,192,96050,1,0,0:0:0:0:
192,192,96196,1,0,0:0:0:0:
64,192,96196,1,0,0:0:0:0:
448,192,96196,1,0,0:0:0:0:
192,192,96342,1,0,0:0:0:0:
320,192,96342,1,0,0:0:0:0:
320,192,96487,1,0,0:0:0:0:
448,192,96487,1,0,0:0:0:0:
192,192,96633,1,0,0:0:0:0:
64,192,96633,1,0,0:0:0:0:
320,192,96779,1,0,0:0:0:0:
448,192,96779,1,0,0:0:0:0:
192,192,96779,1,0,0:0:0:0:
320,192,96924,1,0,0:0:0:0:
64,192,96924,1,0,0:0:0:0:
448,192,97070,1,0,0:0:0:0:
320,192,97070,1,0,0:0:0:0:
192,192,97215,1,0,0:0:0:0:
64,192,97215,1,0,0:0:0:0:
320,192,97361,1,0,0:0:0:0:
192,192,97361,1,0,0:0:0:0:
448,192,97361,1,0,0:0:0:0:
192,192,97507,1,0,0:0:0:0:
64,192,97507,1,0,0:0:0:0:
448,192,97652,1,0,0:0:0:0:
320,192,97652,1,0,0:0:0:0:
192,192,97652,1,0,0:0:0:0:
320,192,97798,1,0,0:0:0:0:
64,192,97798,1,0,0:0:0:0:
192,192,97944,1,0,0:0:0:0:
64,192,97944,1,0,0:0:0:0:
448,192,97944,1,0,0:0:0:0:
192,192,98089,1,0,0:0:0:0:
64,192,98089,1,0,0:0:0:0:
320,192,98235,1,0,0:0:0:0:
448,192,98235,1,0,0:0:0:0:
320,192,98380,1,0,0:0:0:0:
192,192,98380,1,0,0:0:0:0:
320,192,98526,1,0,0:0:0:0:
448,192,98526,1,0,0:0:0:0:
64,192,98526,1,0,0:0:0:0:
192,192,98672,1,0,0:0:0:0:
320,192,98672,1,0,0:0:0:0:
64,192,98817,1,0,0:0:0:0:
448,192,98817,1,0,0:0:0:0:
448,192,98963,1,0,0:0:0:0:
64,192,98963,1,0,0:0:0:0:
192,192,99109,1,0,0:0:0:0:
320,192,99109,1,0,0:0:0:0:
448,192,99109,1,0,0:0:0:0:
320,192,99254,1,0,0:0:0:0:
64,192,99254,1,0,0:0:0:0:
192,192,99400,1,0,0:0:0:0:
448,192,99400,1,0,0:0:0:0:
448,192,99546,1,0,0:0:0:0:
192,192,99546,1,0,0:0:0:0:
64,192,99691,1,0,0:0:0:0:
320,192,99691,1,0,0:0:0:0:
192,192,99691,1,0,0:0:0:0:
448,192,99837,1,0,0:0:0:0:
320,192,99837,1,0,0:0:0:0:
192,192,99982,1,0,0:0:0:0:
64,192,99982,1,0,0:0:0:0:
320,192,100128,1,0,0:0:0:0:
192,192,100128,1,0,0:0:0:0:
320,192,100274,1,0,0:0:0:0:
448,192,100274,1,0,0:0:0:0:
192,192,100274,1,0,0:0:0:0:
64,192,100419,1,0,0:0:0:0:
320,192,100419,1,0,0:0:0:0:
320,192,100565,1,0,0:0:0:0:
64,192,100565,1,0,0:0:0:0:
192,192,100711,1,0,0:0:0:0:
448,192,100711,1,0,0:0:0:0:
320,192,100856,1,0,0:0:0:0:
192,192,100856,1,0,0:0:0:0:
64,192,100856,1,0,0:0:0:0:
448,192,101002,1,0,0:0:0:0:
64,192,101002,1,0,0:0:0:0:
448,192,101147,1,0,0:0:0:0:
192,192,101147,1,0,0:0:0:0:
320,192,101147,1,0,0:0:0:0:
320,192,101293,1,0,0:0:0:0:
448,192,101293,1,0,0:0:0:0:
192,192,101439,1,0,0:0:0:0:
64,192,101439,1,0,0:0:0:0:
320,192,101439,1,0,0:0:0:0:
192,192,101584,1,0,0:0:0:0:
64,192,101584,1,0,0:0:0:0:
192,192,101730,1,0,0:0:0:0:
320,192,101730,1,0,0:0:0:0:
448,192,101730,1,0,0:0:0:0:
64,192,101876,1,0,0:0:0:0:
448,192,101876,1,0,0:0:0:0:
192,192,102021,1,0,0:0:0:0:
64,192,102021,1,0,0:0:0:0:
448,192,102021,1,0,0:0:0:0:
192,192,102167,1,0,0:0:0:0:
320,192,102167,1,0,0:0:0:0:
320,192,102313,1,0,0:0:0:0:
64,192,102313,1,0,0:0:0:0:
192,192,102313,1,0,0:0:0:0:
448,192,102458,1,0,0:0:0:0:
64,192,102458,1,0,0:0:0:0:
192,192,102604,1,0,0:0:0:0:
320,192,102604,1,0,0:0:0:0:
448,192,102604,1,0,0:0:0:0:
192,192,102749,1,0,0:0:0:0:
64,192,102749,1,0,0:0:0:0:
320,192,102895,1,0,0:0:0:0:
192,192,102895,1,0,0:0:0:0:
64,192,102895,1,0,0:0:0:0:
192,192,103041,1,0,0:0:0:0:
448,192,103041,1,0,0:0:0:0:
192,192,103186,1,0,0:0:0:0:
320,192,103186,1,0,0:0:0:0:
448,192,103186,1,0,0:0:0:0:
320,192,103332,1,0,0:0:0:0:
64,192,103332,1,0,0:0:0:0:
192,192,103478,1,0,0:0:0:0:
64,192,103478,1,0,0:0:0:0:
448,192,103478,1,0,0:0:0:0:
448,192,103623,1,0,0:0:0:0:
192,192,103623,1,0,0:0:0:0:
192,192,103769,1,0,0:0:0:0:
448,192,103769,1,0,0:0:0:0:
320,192,103769,1,0,0:0:0:0:
320,192,103914,1,0,0:0:0:0:
64,192,103914,1,0,0:0:0:0:
64,192,104060,1,0,0:0:0:0:
192,192,104060,1,0,0:0:0:0:
320,192,104060,1,0,0:0:0:0:
448,192,104206,1,0,0:0:0:0:
320,192,104206,1,0,0:0:0:0:
192,192,104351,1,0,0:0:0:0:
64,192,104351,1,0,0:0:0:0:
448,192,104351,1,0,0:0:0:0:
320,192,104497,1,0,0:0:0:0:
192,192,104497,1,0,0:0:0:0:
320,192,104643,1,0,0:0:0:0:
448,192,104643,1,0,0:0:0:0:
64,192,104643,1,0,0:0:0:0:
192,192,104788,1,0,0:0:0:0:
64,192,104788,1,0,0:0:0:0:
192,192,104934,1,0,0:0:0:0:
320,192,104934,1,0,0:0:0:0:
448,192,104934,1,0,0:0:0:0:
448,192,105079,1,0,0:0:0:0:
320,192,105079,1,0,0:0:0:0:
192,192,105225,1,0,0:0:0:0:
64,192,105225,1,0,0:0:0:0:
448,192,105225,1,0,0:0:0:0:
320,192,105371,1,0,0:0:0:0:
64,192,105371,1,0,0:0:0:0:
192,192,105516,1,0,0:0:0:0:
320,192,105516,1,0,0:0:0:0:
448,192,105516,1,0,0:0:0:0:
448,192,105662,1,0,0:0:0:0:
64,192,105662,1,0,0:0:0:0:
320,192,105808,1,0,0:0:0:0:
192,192,105808,1,0,0:0:0:0:
64,192,105808,1,0,0:0:0:0:
192,192,105953,1,0,0:0:0:0:
320,192,105953,1,0,0:0:0:0:
448,192,106099,1,0,0:0:0:0:
320,192,106099,1,0,0:0:0:0:
64,192,106099,1,0,0:0:0:0:
192,192,106245,1,0,0:0:0:0:
448,192,106245,1,0,0:0:0:0:
448,192,106390,1,0,0:0:0:0:
320,192,106390,1,0,0:0:0:0:
192,192,106390,1,0,0:0:0:0:
448,192,106536,1,0,0:0:0:0:
192,192,106536,1,0,0:0:0:0:
320,192,106681,1,0,0:0:0:0:
64,192,106681,1,0,0:0:0:0:
192,192,106681,1,0,0:0:0:0:
320,192,106827,1,0,0:0:0:0:
64,192,106827,1,0,0:0:0:0:
192,192,106973,1,0,0:0:0:0:
320,192,106973,1,0,0:0:0:0:
448,192,106973,1,0,0:0:0:0:
448,192,107118,1,0,0:0:0:0:
64,192,107118,1,0,0:0:0:0:
64,192,107264,1,0,0:0:0:0:
192,192,107264,1,0,0:0:0:0:
320,192,107264,1,0,0:0:0:0:
448,192,107264,1,0,0:0:0:0:
320,192,107410,1,0,0:0:0:0:
192,192,107410,1,0,0:0:0:0:
64,192,107555,1,0,0:0:0:0:
320,192,107555,1,0,0:0:0:0:
448,192,107555,1,0,0:0:0:0:
320,192,107701,1,0,0:0:0:0:
448,192,107701,1,0,0:0:0:0:
320,192,107846,1,0,0:0:0:0:
64,192,107846,1,0,0:0:0:0:
192,192,107846,1,0,0:0:0:0:
448,192,107846,1,0,0:0:0:0:
192,192,107992,1,0,0:0:0:0:
64,192,107992,1,0,0:0:0:0:
320,192,108138,1,0,0:0:0:0:
448,192,108138,1,0,0:0:0:0:
64,192,108138,1,0,0:0:0:0:
192,192,108283,1,0,0:0:0:0:
320,192,108283,1,0,0:0:0:0:
448,192,108429,1,0,0:0:0:0:
320,192,108429,1,0,0:0:0:0:
64,192,108429,1,0,0:0:0:0:
192,192,108429,1,0,0:0:0:0:
64,192,108575,1,0,0:0:0:0:
448,192,108575,1,0,0:0:0:0:
320,192,108720,1,0,0:0:0:0:
192,192,108720,1,0,0:0:0:0:
64,192,108720,1,0,0:0:0:0:
192,192,108866,5,0,0:0:0:0:
448,192,108866,1,0,0:0:0:0:
448,192,109012,1,0,0:0:0:0:
320,192,109012,1,0,0:0:0:0:
192,192,109012,1,0,0:0:0:0:
64,192,109012,1,0,0:0:0:0:
320,192,109157,1,0,0:0:0:0:
64,192,109157,1,0,0:0:0:0:
192,192,109303,1,0,0:0:0:0:
320,192,109303,1,0,0:0:0:0:
448,192,109303,1,0,0:0:0:0:
448,192,109448,1,0,0:0:0:0:
64,192,109448,1,0,0:0:0:0:
64,192,109594,5,0,0:0:0:0:
192,192,109594,1,0,0:0:0:0:
448,192,109594,1,0,0:0:0:0:
320,192,109594,1,0,0:0:0:0:
320,192,109740,1,0,0:0:0:0:
64,192,109740,1,0,0:0:0:0:
192,192,109885,1,0,0:0:0:0:
320,192,109885,1,0,0:0:0:0:
448,192,109885,1,0,0:0:0:0:
64,192,109885,1,0,0:0:0:0:
192,192,110031,1,0,0:0:0:0:
448,192,110031,1,0,0:0:0:0:
448,192,110177,1,0,0:0:0:0:
320,192,110177,1,0,0:0:0:0:
192,192,110177,1,0,0:0:0:0:
64,192,110177,1,0,0:0:0:0:
320,192,110322,1,0,0:0:0:0:
64,192,110322,1,0,0:0:0:0:
64,192,110468,1,0,0:0:0:0:
192,192,110468,1,0,0:0:0:0:
320,192,110468,1,0,0:0:0:0:
448,192,110468,1,0,0:0:0:0:
448,192,110613,1,0,0:0:0:0:
64,192,110613,1,0,0:0:0:0:
64,192,110759,1,0,0:0:0:0:
192,192,110759,1,0,0:0:0:0:
320,192,110759,1,0,0:0:0:0:
448,192,110759,1,0,0:0:0:0:
192,192,110905,1,0,0:0:0:0:
320,192,110905,1,0,0:0:0:0:
448,192,111050,1,0,0:0:0:0:
192,192,111050,1,0,0:0:0:0:
64,192,111050,1,0,0:0:0:0:
320,192,111050,1,0,0:0:0:0:
448,192,111196,1,0,0:0:0:0:
64,192,111196,1,0,0:0:0:0:
64,192,111342,1,0,0:0:0:0:
192,192,111342,1,0,0:0:0:0:
320,192,111342,1,0,0:0:0:0:
448,192,111342,1,0,0:0:0:0:
320,192,111487,1,0,0:0:0:0:
192,192,111487,1,0,0:0:0:0:
64,192,111633,1,0,0:0:0:0:
192,192,111633,1,0,0:0:0:0:
320,192,111633,1,0,0:0:0:0:
448,192,111633,1,0,0:0:0:0:
448,192,111779,1,0,0:0:0:0:
64,192,111779,1,0,0:0:0:0:
64,192,111924,1,0,0:0:0:0:
192,192,111924,1,0,0:0:0:0:
320,192,111924,1,0,0:0:0:0:
448,192,111924,1,0,0:0:0:0:
192,192,112070,1,0,0:0:0:0:
320,192,112070,1,0,0:0:0:0:
192,192,112215,1,0,0:0:0:0:
64,192,112215,1,0,0:0:0:0:
448,192,112215,1,0,0:0:0:0:
448,192,112361,1,0,0:0:0:0:
192,192,112361,1,0,0:0:0:0:
64,192,112361,1,0,0:0:0:0:
320,192,112507,1,0,0:0:0:0:
448,192,112507,1,0,0:0:0:0:
64,192,112507,1,0,0:0:0:0:
64,192,112652,1,0,0:0:0:0:
320,192,112652,1,0,0:0:0:0:
448,192,112652,1,0,0:0:0:0:
192,192,112798,1,0,0:0:0:0:
320,192,112798,1,0,0:0:0:0:
448,192,112798,1,0,0:0:0:0:
192,192,112944,1,0,0:0:0:0:
64,192,112944,1,0,0:0:0:0:
448,192,112944,1,0,0:0:0:0:
320,192,113089,1,0,0:0:0:0:
192,192,113089,1,0,0:0:0:0:
64,192,113089,1,0,0:0:0:0:
64,192,113235,1,0,0:0:0:0:
192,192,113235,1,0,0:0:0:0:
320,192,113235,1,0,0:0:0:0:
448,192,113380,1,0,0:0:0:0:
320,192,113380,1,0,0:0:0:0:
64,192,113380,1,0,0:0:0:0:
192,192,113526,1,0,0:0:0:0:
320,192,113526,1,0,0:0:0:0:
448,192,113526,1,0,0:0:0:0:
192,192,113672,1,0,0:0:0:0:
64,192,113672,1,0,0:0:0:0:
448,192,113672,1,0,0:0:0:0:
320,192,113817,1,0,0:0:0:0:
64,192,113817,1,0,0:0:0:0:
320,192,113963,1,0,0:0:0:0:
448,192,113963,1,0,0:0:0:0:
64,192,113963,1,0,0:0:0:0:
192,192,114109,1,0,0:0:0:0:
448,192,114109,1,0,0:0:0:0:
64,192,114254,1,0,0:0:0:0:
192,192,114254,1,0,0:0:0:0:
320,192,114254,1,0,0:0:0:0:
320,192,114400,1,0,0:0:0:0:
192,192,114400,1,0,0:0:0:0:
64,192,114400,1,0,0:0:0:0:
320,192,114546,1,0,0:0:0:0:
448,192,114546,1,0,0:0:0:0:
64,192,114546,1,0,0:0:0:0:
192,192,114691,1,0,0:0:0:0:
320,192,114691,1,0,0:0:0:0:
448,192,114691,1,0,0:0:0:0:
192,192,114837,1,0,0:0:0:0:
64,192,114837,1,0,0:0:0:0:
448,192,114837,1,0,0:0:0:0:
320,192,114982,1,0,0:0:0:0:
192,192,114982,1,0,0:0:0:0:
64,192,114982,1,0,0:0:0:0:
192,192,115128,1,0,0:0:0:0:
320,192,115128,1,0,0:0:0:0:
448,192,115128,1,0,0:0:0:0:
320,192,115274,1,0,0:0:0:0:
448,192,115274,1,0,0:0:0:0:
64,192,115274,1,0,0:0:0:0:
320,192,115419,1,0,0:0:0:0:
192,192,115419,1,0,0:0:0:0:
64,192,115419,1,0,0:0:0:0:
448,192,115419,1,0,0:0:0:0:
192,192,115565,1,0,0:0:0:0:
320,192,115565,1,0,0:0:0:0:
64,192,115711,1,0,0:0:0:0:
448,192,115711,1,0,0:0:0:0:
320,192,115856,1,0,0:0:0:0:
192,192,115856,1,0,0:0:0:0:
64,192,115856,1,0,0:0:0:0:
448,192,115856,1,0,0:0:0:0:
320,192,116002,1,0,0:0:0:0:
64,192,116002,1,0,0:0:0:0:
448,192,116147,1,0,0:0:0:0:
192,192,116147,1,0,0:0:0:0:
64,192,116293,1,0,0:0:0:0:
192,192,116293,1,0,0:0:0:0:
448,192,116293,1,0,0:0:0:0:
320,192,116293,1,0,0:0:0:0:
64,192,116439,1,0,0:0:0:0:
320,192,116439,1,0,0:0:0:0:
192,192,116584,5,0,0:0:0:0:
448,192,116584,1,0,0:0:0:0:
64,192,116584,1,0,0:0:0:0:
320,192,116584,1,0,0:0:0:0:
448,192,116730,1,0,0:0:0:0:
64,192,116730,1,0,0:0:0:0:
320,192,116876,1,0,0:0:0:0:
448,192,116876,1,0,0:0:0:0:
192,192,116876,1,0,0:0:0:0:
192,192,117021,1,0,0:0:0:0:
320,192,117021,1,0,0:0:0:0:
448,192,117021,1,0,0:0:0:0:
192,192,117167,1,0,0:0:0:0:
64,192,117167,1,0,0:0:0:0:
448,192,117167,1,0,0:0:0:0:
448,192,117313,1,0,0:0:0:0:
192,192,117313,1,0,0:0:0:0:
64,192,117313,1,0,0:0:0:0:
320,192,117458,1,0,0:0:0:0:
192,192,117458,1,0,0:0:0:0:
64,192,117458,1,0,0:0:0:0:
320,192,117604,1,0,0:0:0:0:
448,192,117604,1,0,0:0:0:0:
64,192,117604,1,0,0:0:0:0:
192,192,117749,1,0,0:0:0:0:
320,192,117749,1,0,0:0:0:0:
448,192,117749,1,0,0:0:0:0:
448,192,117895,1,0,0:0:0:0:
320,192,117895,1,0,0:0:0:0:
192,192,117895,1,0,0:0:0:0:
64,192,118041,1,0,0:0:0:0:
448,192,118041,1,0,0:0:0:0:
320,192,118186,1,0,0:0:0:0:
192,192,118186,1,0,0:0:0:0:
64,192,118186,1,0,0:0:0:0:
320,192,118332,1,0,0:0:0:0:
448,192,118332,1,0,0:0:0:0:
64,192,118332,1,0,0:0:0:0:
320,192,118478,1,0,0:0:0:0:
448,192,118478,1,0,0:0:0:0:
192,192,118623,1,0,0:0:0:0:
64,192,118623,1,0,0:0:0:0:
448,192,118623,1,0,0:0:0:0:
192,192,118769,1,0,0:0:0:0:
64,192,118769,1,0,0:0:0:0:
448,192,118914,1,0,0:0:0:0:
320,192,118914,1,0,0:0:0:0:
192,192,118914,1,0,0:0:0:0:
192,192,119060,1,0,0:0:0:0:
320,192,119060,1,0,0:0:0:0:
448,192,119060,1,0,0:0:0:0:
192,192,119206,1,0,0:0:0:0:
64,192,119206,1,0,0:0:0:0:
448,192,119206,1,0,0:0:0:0:
320,192,119351,1,0,0:0:0:0:
192,192,119351,1,0,0:0:0:0:
64,192,119351,1,0,0:0:0:0:
320,192,119497,1,0,0:0:0:0:
448,192,119497,1,0,0:0:0:0:
64,192,119497,1,0,0:0:0:0:
192,192,119643,1,0,0:0:0:0:
320,192,119643,1,0,0:0:0:0:
448,192,119643,1,0,0:0:0:0:
320,192,119788,1,0,0:0:0:0:
192,192,119788,1,0,0:0:0:0:
64,192,119788,1,0,0:0:0:0:
192,192,119934,1,0,0:0:0:0:
64,192,119934,1,0,0:0:0:0:
448,192,119934,1,0,0:0:0:0:
192,192,120079,1,0,0:0:0:0:
320,192,120079,1,0,0:0:0:0:
448,192,120079,1,0,0:0:0:0:
64,192,120079,1,0,0:0:0:0:
192,192,120225,1,0,0:0:0:0:
448,192,120225,1,0,0:0:0:0:
64,192,120371,1,0,0:0:0:0:
320,192,120371,1,0,0:0:0:0:
192,192,120516,1,0,0:0:0:0:
320,192,120516,1,0,0:0:0:0:
448,192,120516,1,0,0:0:0:0:
64,192,120516,1,0,0:0:0:0:
64,192,120662,1,0,0:0:0:0:
448,192,120662,1,0,0:0:0:0:
320,192,120808,1,0,0:0:0:0:
192,192,120808,1,0,0:0:0:0:
448,192,120953,1,0,0:0:0:0:
320,192,120953,1,0,0:0:0:0:
64,192,120953,1,0,0:0:0:0:
192,192,120953,1,0,0:0:0:0:
448,192,121099,1,0,0:0:0:0:
64,192,121099,1,0,0:0:0:0:
320,192,121245,1,0,0:0:0:0:
448,192,121245,1,0,0:0:0:0:
64,192,121245,1,0,0:0:0:0:
192,192,121245,1,0,0:0:0:0:
192,192,121390,1,0,0:0:0:0:
320,192,121390,1,0,0:0:0:0:
192,192,121536,1,0,0:0:0:0:
64,192,121536,1,0,0:0:0:0:
448,192,121536,1,0,0:0:0:0:
320,192,121681,1,0,0:0:0:0:
192,192,121681,1,0,0:0:0:0:
64,192,121681,1,0,0:0:0:0:
320,192,121827,1,0,0:0:0:0:
448,192,121827,1,0,0:0:0:0:
64,192,121827,1,0,0:0:0:0:
192,192,121973,1,0,0:0:0:0:
320,192,121973,1,0,0:0:0:0:
448,192,121973,1,0,0:0:0:0:
192,192,122118,1,0,0:0:0:0:
320,192,122118,1,0,0:0:0:0:
64,192,122118,1,0,0:0:0:0:
64,192,122264,1,0,0:0:0:0:
192,192,122264,1,0,0:0:0:0:
448,192,122264,1,0,0:0:0:0:
448,192,122410,1,0,0:0:0:0:
320,192,122410,1,0,0:0:0:0:
192,192,122410,1,0,0:0:0:0:
64,192,122555,1,0,0:0:0:0:
192,192,122555,1,0,0:0:0:0:
320,192,122555,1,0,0:0:0:0:
64,192,122701,1,0,0:0:0:0:
448,192,122701,1,0,0:0:0:0:
320,192,122846,1,0,0:0:0:0:
192,192,122846,1,0,0:0:0:0:
64,192,122846,1,0,0:0:0:0:
192,192,122992,1,0,0:0:0:0:
320,192,122992,1,0,0:0:0:0:
448,192,122992,1,0,0:0:0:0:
320,192,123138,1,0,0:0:0:0:
448,192,123138,1,0,0:0:0:0:
320,192,123283,1,0,0:0:0:0:
192,192,123283,1,0,0:0:0:0:
64,192,123283,1,0,0:0:0:0:
64,192,123429,1,0,0:0:0:0:
192,192,123429,1,0,0:0:0:0:
320,192,123575,1,0,0:0:0:0:
448,192,123575,1,0,0:0:0:0:
192,192,123575,1,0,0:0:0:0:
64,192,123720,1,0,0:0:0:0:
448,192,123720,1,0,0:0:0:0:
320,192,123720,1,0,0:0:0:0:
64,192,123866,1,0,0:0:0:0:
448,192,123866,1,0,0:0:0:0:
192,192,123866,1,0,0:0:0:0:
192,192,124012,1,0,0:0:0:0:
64,192,124012,1,0,0:0:0:0:
320,192,124012,1,0,0:0:0:0:
448,192,124157,1,0,0:0:0:0:
192,192,124157,1,0,0:0:0:0:
64,192,124157,1,0,0:0:0:0:
320,192,124303,1,0,0:0:0:0:
448,192,124303,1,0,0:0:0:0:
192,192,124303,1,0,0:0:0:0:
64,192,124448,1,0,0:0:0:0:
320,192,124448,1,0,0:0:0:0:
448,192,124448,1,0,0:0:0:0:
320,192,124594,1,0,0:0:0:0:
192,192,124594,1,0,0:0:0:0:
64,192,124594,1,0,0:0:0:0:
64,192,124740,1,0,0:0:0:0:
192,192,124740,1,0,0:0:0:0:
320,192,124740,1,0,0:0:0:0:
448,192,124740,1,0,0:0:0:0:
320,192,124885,1,0,0:0:0:0:
192,192,124885,1,0,0:0:0:0:
64,192,125031,1,0,0:0:0:0:
448,192,125031,1,0,0:0:0:0:
192,192,125177,1,0,0:0:0:0:
320,192,125177,1,0,0:0:0:0:
448,192,125177,1,0,0:0:0:0:
64,192,125177,1,0,0:0:0:0:
64,192,125322,1,0,0:0:0:0:
320,192,125322,1,0,0:0:0:0:
192,192,125468,1,0,0:0:0:0:
448,192,125468,1,0,0:0:0:0:
64,192,125613,1,0,0:0:0:0:
192,192,125613,1,0,0:0:0:0:
320,192,125613,1,0,0:0:0:0:
448,192,125613,1,0,0:0:0:0:
64,192,125759,1,0,0:0:0:0:
320,192,125759,1,0,0:0:0:0:
448,192,125905,1,0,0:0:0:0:
320,192,125905,1,0,0:0:0:0:
192,192,125905,1,0,0:0:0:0:
64,192,125905,1,0,0:0:0:0:
192,192,126050,1,0,0:0:0:0:
448,192,126050,1,0,0:0:0:0:
320,192,126196,1,0,0:0:0:0:
192,192,126196,1,0,0:0:0:0:
64,192,126196,1,0,0:0:0:0:
320,192,126342,1,0,0:0:0:0:
448,192,126342,1,0,0:0:0:0:
64,192,126342,1,0,0:0:0:0:
192,192,126487,1,0,0:0:0:0:
320,192,126487,1,0,0:0:0:0:
448,192,126487,1,0,0:0:0:0:
64,192,126633,1,0,0:0:0:0:
192,192,126633,1,0,0:0:0:0:
320,192,126633,1,0,0:0:0:0:
320,192,126779,1,0,0:0:0:0:
448,192,126779,1,0,0:0:0:0:
64,192,126779,1,0,0:0:0:0:
192,192,126924,1,0,0:0:0:0:
320,192,126924,1,0,0:0:0:0:
448,192,126924,1,0,0:0:0:0:
320,192,127070,1,0,0:0:0:0:
192,192,127070,1,0,0:0:0:0:
64,192,127070,1,0,0:0:0:0:
192,192,127215,1,0,0:0:0:0:
64,192,127215,1,0,0:0:0:0:
320,192,127215,1,0,0:0:0:0:
448,192,127361,1,0,0:0:0:0:
192,192,127361,1,0,0:0:0:0:
64,192,127507,1,0,0:0:0:0:
192,192,127507,1,0,0:0:0:0:
320,192,127507,1,0,0:0:0:0:
320,192,127652,1,0,0:0:0:0:
448,192,127652,1,0,0:0:0:0:
64,192,127652,1,0,0:0:0:0:
320,192,127798,1,0,0:0:0:0:
448,192,127798,1,0,0:0:0:0:
320,192,127944,1,0,0:0:0:0:
64,192,127944,1,0,0:0:0:0:
192,192,127944,1,0,0:0:0:0:
192,192,128089,1,0,0:0:0:0:
64,192,128089,1,0,0:0:0:0:
192,192,128235,1,0,0:0:0:0:
320,192,128235,1,0,0:0:0:0:
448,192,128235,1,0,0:0:0:0:
448,192,128380,1,0,0:0:0:0:
320,192,128380,1,0,0:0:0:0:
64,192,128526,1,0,0:0:0:0:
192,192,128526,1,0,0:0:0:0:
320,192,128526,1,0,0:0:0:0:
64,192,128672,1,0,0:0:0:0:
192,192,128672,1,0,0:0:0:0:
320,192,128672,1,0,0:0:0:0:
448,192,128817,1,0,0:0:0:0:
320,192,128817,1,0,0:0:0:0:
192,192,128817,1,0,0:0:0:0:
448,192,128963,1,0,0:0:0:0:
320,192,128963,1,0,0:0:0:0:
64,192,129109,1,0,0:0:0:0:
192,192,129109,1,0,0:0:0:0:
320,192,129109,1,0,0:0:0:0:
192,192,129254,1,0,0:0:0:0:
64,192,129254,1,0,0:0:0:0:
320,192,129400,1,0,0:0:0:0:
448,192,129400,1,0,0:0:0:0:
64,192,129400,1,0,0:0:0:0:
192,192,129400,1,0,0:0:0:0:
192,192,129546,1,0,0:0:0:0:
320,192,129546,1,0,0:0:0:0:
320,192,129691,1,0,0:0:0:0:
448,192,129691,1,0,0:0:0:0:
64,192,129691,1,0,0:0:0:0:
192,192,129691,1,0,0:0:0:0:
192,192,129837,1,0,0:0:0:0:
320,192,129837,1,0,0:0:0:0:
320,192,129982,1,0,0:0:0:0:
448,192,129982,1,0,0:0:0:0:
64,192,129982,1,0,0:0:0:0:
192,192,129982,1,0,0:0:0:0:
64,192,130128,1,0,0:0:0:0:
448,192,130128,1,0,0:0:0:0:
320,192,130274,1,0,0:0:0:0:
448,192,130274,1,0,0:0:0:0:
64,192,130274,1,0,0:0:0:0:
192,192,130274,1,0,0:0:0:0:
320,192,130419,1,0,0:0:0:0:
192,192,130419,1,0,0:0:0:0:
448,192,130565,1,0,0:0:0:0:
64,192,130565,1,0,0:0:0:0:
