osu file format v14

[General]
AudioFilename: 03 Psicicite.mp3
AudioLeadIn: 0
PreviewTime: 53893
Countdown: 0
SampleSet: None
StackLeniency: 0.7
Mode: 3
LetterboxInBreaks: 0
SpecialStyle: 0
WidescreenStoryboard: 0

[Editor]
DistanceSpacing: 0.8
BeatDivisor: 4
GridSize: 32
TimelineZoom: 1.7

[Metadata]
Title:Psicicite
TitleUnicode:Psicicite
Artist:Xanopticon
ArtistUnicode:Xanopticon
Creator:Shoegazer
Version:Extra
Source:
Tags:breakcore flashcore ep wiosna
BeatmapID:3109276
BeatmapSetID:659977

[Difficulty]
HPDrainRate:8.5
CircleSize:4
OverallDifficulty:8.5
ApproachRate:5
SliderMultiplier:1.4
SliderTickRate:1

[Events]
//Background and Video events
0,0,"psicicite-bg.png",0,0
//Break Periods
//Storyboard Layer 0 (Background)
//Storyboard Layer 1 (Fail)
//Storyboard Layer 2 (Pass)
//Storyboard Layer 3 (Foreground)
//Storyboard Layer 4 (Overlay)
//Storyboard Sound Samples

[TimingPoints]
560,333.333333,4,3,0,35,1,0


[HitObjects]
320,192,560,5,0,0:0:0:0:
448,192,560,1,0,0:0:0:0:
320,192,726,1,0,0:0:0:0:
192,192,809,1,0,0:0:0:0:
64,192,809,1,0,0:0:0:0:
320,192,893,1,0,0:0:0:0:
448,192,976,1,0,0:0:0:0:
64,192,976,1,0,0:0:0:0:
320,192,1059,1,0,0:0:0:0:
192,192,1059,1,0,0:0:0:0:
448,192,1226,1,0,0:0:0:0:
320,192,1282,1,0,0:0:0:0:
192,192,1337,1,0,0:0:0:0:
448,192,1393,1,0,0:0:0:0:
64,192,1434,1,0,0:0:0:0:
320,192,1476,1,0,0:0:0:0:
192,192,1726,1,0,0:0:0:0:
448,192,1893,1,0,0:0:0:0:
320,192,1893,1,0,0:0:0:0:
448,192,2059,1,0,0:0:0:0:
320,192,2059,1,0,0:0:0:0:
320,192,2226,1,0,0:0:0:0:
192,192,2226,1,0,0:0:0:0:
192,192,2309,1,0,0:0:0:0:
64,192,2309,1,0,0:0:0:0:
448,192,2393,1,0,0:0:0:0:
192,192,2476,1,0,0:0:0:0:
64,192,2476,1,0,0:0:0:0:
320,192,2559,1,0,0:0:0:0:
64,192,2726,1,0,0:0:0:0:
448,192,2893,1,0,0:0:0:0:
192,192,2893,1,0,0:0:0:0:
448,192,3059,1,0,0:0:0:0:
320,192,3143,1,0,0:0:0:0:
192,192,3226,1,0,0:0:0:0:
64,192,3226,1,0,0:0:0:0:
448,192,3309,1,0,0:0:0:0:
192,192,3393,1,0,0:0:0:0:
64,192,3393,1,0,0:0:0:0:
448,192,3559,1,0,0:0:0:0:
320,192,3559,1,0,0:0:0:0:
320,192,3643,1,0,0:0:0:0:
64,192,3726,1,0,0:0:0:0:
64,192,3809,1,0,0:0:0:0:
448,192,3893,1,0,0:0:0:0:
192,192,3976,1,0,0:0:0:0:
448,192,4059,1,0,0:0:0:0:
320,192,4059,1,0,0:0:0:0:
448,192,4226,1,0,0:0:0:0:
64,192,4226,1,0,0:0:0:0:
448,192,4393,1,0,0:0:0:0:
64,192,4448,1,0,0:0:0:0:
192,192,4504,1,0,0:0:0:0:
448,192,4559,1,0,0:0:0:0:
320,192,4559,1,0,0:0:0:0:
64,192,4559,1,0,0:0:0:0:
192,192,4643,1,0,0:0:0:0:
320,192,4726,1,0,0:0:0:0:
64,192,4809,1,0,0:0:0:0:
448,192,4893,1,0,0:0:0:0:
320,192,4893,1,0,0:0:0:0:
192,192,4914,1,0,0:0:0:0:
64,192,4976,1,0,0:0:0:0:
448,192,5059,1,0,0:0:0:0:
192,192,5101,1,0,0:0:0:0:
320,192,5143,1,0,0:0:0:0:
448,192,5226,1,0,0:0:0:0:
64,192,5226,1,0,0:0:0:0:
320,192,5393,1,0,0:0:0:0:
64,192,5393,1,0,0:0:0:0:
320,192,5559,1,0,0:0:0:0:
448,192,5601,1,0,0:0:0:0:
192,192,5643,1,0,0:0:0:0:
192,192,5809,1,0,0:0:0:0:
448,192,5893,1,0,0:0:0:0:
320,192,5893,1,0,0:0:0:0:
320,192,6059,1,0,0:0:0:0:
192,192,6143,1,0,0:0:0:0:
64,192,6143,1,0,0:0:0:0:
448,192,6226,1,0,0:0:0:0:
320,192,6309,1,0,0:0:0:0:
192,192,6309,1,0,0:0:0:0:
448,192,6393,1,0,0:0:0:0:
64,192,6393,1,0,0:0:0:0:
192,192,6476,1,0,0:0:0:0:
320,192,6559,1,0,0:0:0:0:
64,192,6559,1,0,0:0:0:0:
320,192,6643,1,0,0:0:0:0:
448,192,6726,1,0,0:0:0:0:
192,192,6782,1,0,0:0:0:0:
320,192,6837,1,0,0:0:0:0:
448,192,6893,1,0,0:0:0:0:
64,192,6893,1,0,0:0:0:0:
448,192,7059,1,0,0:0:0:0:
64,192,7059,1,0,0:0:0:0:
320,192,7226,1,0,0:0:0:0:
192,192,7226,1,0,0:0:0:0:
320,192,7393,1,0,0:0:0:0:
192,192,7448,1,0,0:0:0:0:
64,192,7448,1,0,0:0:0:0:
448,192,7532,1,0,0:0:0:0:
320,192,7532,1,0,0:0:0:0:
192,192,7615,1,0,0:0:0:0:
448,192,7726,1,0,0:0:0:0:
64,192,7726,1,0,0:0:0:0:
320,192,7837,1,0,0:0:0:0:
192,192,7893,1,0,0:0:0:0:
64,192,7893,1,0,0:0:0:0:
320,192,8059,1,0,0:0:0:0:
192,192,8059,1,0,0:0:0:0:
448,192,8115,1,0,0:0:0:0:
320,192,8171,1,0,0:0:0:0:
64,192,8226,1,0,0:0:0:0:
192,192,8282,1,0,0:0:0:0:
448,192,8337,1,0,0:0:0:0:
320,192,8393,1,0,0:0:0:0:
64,192,8434,1,0,0:0:0:0:
448,192,8476,1,0,0:0:0:0:
320,192,8518,1,0,0:0:0:0:
192,192,8559,1,0,0:0:0:0:
64,192,8559,1,0,0:0:0:0:
448,192,8643,1,0,0:0:0:0:
192,192,8726,1,0,0:0:0:0:
448,192,8809,1,0,0:0:0:0:
320,192,8809,1,0,0:0:0:0:
64,192,8893,1,0,0:0:0:0:
320,192,8976,1,0,0:0:0:0:
448,192,9059,1,0,0:0:0:0:
192,192,9059,1,0,0:0:0:0:
64,192,9143,1,0,0:0:0:0:
192,192,9226,1,0,0:0:0:0:
192,192,9309,1,0,0:0:0:0:
320,192,9393,1,0,0:0:0:0:
64,192,9476,1,0,0:0:0:0:
320,192,9559,1,0,0:0:0:0:
192,192,9559,1,0,0:0:0:0:
448,192,9601,1,0,0:0:0:0:
64,192,9643,1,0,0:0:0:0:
192,192,9726,1,0,0:0:0:0:
448,192,9809,1,0,0:0:0:0:
192,192,9893,1,0,0:0:0:0:
64,192,9893,1,0,0:0:0:0:
320,192,9976,1,0,0:0:0:0:
64,192,10059,1,0,0:0:0:0:
448,192,10143,1,0,0:0:0:0:
320,192,10226,1,0,0:0:0:0:
192,192,10226,1,0,0:0:0:0:
64,192,10309,1,0,0:0:0:0:
320,192,10393,1,0,0:0:0:0:
192,192,10476,1,0,0:0:0:0:
64,192,10518,1,0,0:0:0:0:
320,192,10559,1,0,0:0:0:0:
448,192,10601,1,0,0:0:0:0:
192,192,10643,1,0,0:0:0:0:
320,192,10726,1,0,0:0:0:0:
64,192,10726,1,0,0:0:0:0:
448,192,10809,1,0,0:0:0:0:
320,192,10893,1,0,0:0:0:0:
192,192,10893,1,0,0:0:0:0:
64,192,10976,1,0,0:0:0:0:
448,192,11059,1,0,0:0:0:0:
320,192,11143,1,0,0:0:0:0:
192,192,11226,1,0,0:0:0:0:
64,192,11226,1,0,0:0:0:0:
192,192,11393,1,0,0:0:0:0:
448,192,11476,1,0,0:0:0:0:
320,192,11476,1,0,0:0:0:0:
64,192,11559,1,0,0:0:0:0:
320,192,11643,1,0,0:0:0:0:
192,192,11643,1,0,0:0:0:0:
448,192,11726,1,0,0:0:0:0:
64,192,11726,1,0,0:0:0:0:
192,192,11809,1,0,0:0:0:0:
320,192,11893,1,0,0:0:0:0:
64,192,11893,1,0,0:0:0:0:
448,192,11976,1,0,0:0:0:0:
192,192,12059,1,0,0:0:0:0:
320,192,12143,1,0,0:0:0:0:
192,192,12226,1,0,0:0:0:0:
64,192,12226,1,0,0:0:0:0:
448,192,12393,1,0,0:0:0:0:
64,192,12393,1,0,0:0:0:0:
320,192,12476,1,0,0:0:0:0:
192,192,12559,1,0,0:0:0:0:
448,192,12643,1,0,0:0:0:0:
320,192,12643,1,0,0:0:0:0:
64,192,12726,1,0,0:0:0:0:
448,192,12809,1,0,0:0:0:0:
320,192,12809,1,0,0:0:0:0:
320,192,12893,1,0,0:0:0:0:
192,192,12893,1,0,0:0:0:0:
64,192,12976,1,0,0:0:0:0:
64,192,13059,1,0,0:0:0:0:
320,192,13101,1,0,0:0:0:0:
448,192,13143,1,0,0:0:0:0:
320,192,13226,1,0,0:0:0:0:
192,192,13226,1,0,0:0:0:0:
64,192,13309,1,0,0:0:0:0:
448,192,13393,1,0,0:0:0:0:
320,192,13393,1,0,0:0:0:0:
192,192,13476,1,0,0:0:0:0:
448,192,13559,1,0,0:0:0:0:
320,192,13643,1,0,0:0:0:0:
192,192,13726,1,0,0:0:0:0:
64,192,13726,1,0,0:0:0:0:
448,192,13893,1,0,0:0:0:0:
192,192,13893,1,0,0:0:0:0:
320,192,13976,1,0,0:0:0:0:
192,192,14059,1,0,0:0:0:0:
448,192,14143,1,0,0:0:0:0:
64,192,14143,1,0,0:0:0:0:
320,192,14226,1,0,0:0:0:0:
64,192,14226,1,0,0:0:0:0:
448,192,14309,1,0,0:0:0:0:
192,192,14393,1,0,0:0:0:0:
64,192,14393,1,0,0:0:0:0:
320,192,14559,1,0,0:0:0:0:
64,192,14643,1,0,0:0:0:0:
320,192,14726,1,0,0:0:0:0:
192,192,14726,1,0,0:0:0:0:
448,192,14893,1,0,0:0:0:0:
64,192,14893,1,0,0:0:0:0:
320,192,14976,1,0,0:0:0:0:
448,192,15074,1,0,0:0:0:0:
192,192,15115,1,0,0:0:0:0:
448,192,15226,1,0,0:0:0:0:
320,192,15226,1,0,0:0:0:0:
320,192,15393,1,0,0:0:0:0:
64,192,15393,1,0,0:0:0:0:
64,192,15559,1,0,0:0:0:0:
448,192,15643,1,0,0:0:0:0:
320,192,15726,1,0,0:0:0:0:
192,192,15782,1,0,0:0:0:0:
64,192,15837,1,0,0:0:0:0:
320,192,15893,1,0,0:0:0:0:
192,192,15893,1,0,0:0:0:0:
448,192,16059,1,0,0:0:0:0:
64,192,16059,1,0,0:0:0:0:
320,192,16143,1,0,0:0:0:0:
64,192,16226,1,0,0:0:0:0:
448,192,16309,1,0,0:0:0:0:
320,192,16309,1,0,0:0:0:0:
320,192,16393,1,0,0:0:0:0:
448,192,16476,1,0,0:0:0:0:
64,192,16476,1,0,0:0:0:0:
192,192,16559,1,0,0:0:0:0:
64,192,16559,1,0,0:0:0:0:
192,192,16726,1,0,0:0:0:0:
448,192,16809,1,0,0:0:0:0:
320,192,16809,1,0,0:0:0:0:
192,192,16893,1,0,0:0:0:0:
448,192,16976,1,0,0:0:0:0:
64,192,16976,1,0,0:0:0:0:
320,192,17059,1,0,0:0:0:0:
192,192,17059,1,0,0:0:0:0:
448,192,17143,1,0,0:0:0:0:
320,192,17226,1,0,0:0:0:0:
64,192,17226,1,0,0:0:0:0:
192,192,17309,1,0,0:0:0:0:
448,192,17393,1,0,0:0:0:0:
320,192,17476,1,0,0:0:0:0:
192,192,17559,1,0,0:0:0:0:
64,192,17559,1,0,0:0:0:0:
448,192,17726,1,0,0:0:0:0:
64,192,17726,1,0,0:0:0:0:
192,192,17809,1,0,0:0:0:0:
448,192,17893,1,0,0:0:0:0:
320,192,17893,1,0,0:0:0:0:
320,192,17976,1,0,0:0:0:0:
192,192,17976,1,0,0:0:0:0:
448,192,18059,1,0,0:0:0:0:
64,192,18059,1,0,0:0:0:0:
192,192,18143,1,0,0:0:0:0:
448,192,18226,1,0,0:0:0:0:
320,192,18226,1,0,0:0:0:0:
320,192,18309,1,0,0:0:0:0:
64,192,18309,1,0,0:0:0:0:
448,192,18393,1,0,0:0:0:0:
192,192,18434,1,0,0:0:0:0:
64,192,18476,1,0,0:0:0:0:
320,192,18559,1,0,0:0:0:0:
192,192,18643,1,0,0:0:0:0:
64,192,18643,1,0,0:0:0:0:
448,192,18726,1,0,0:0:0:0:
192,192,18809,1,0,0:0:0:0:
320,192,18893,1,0,0:0:0:0:
64,192,18893,1,0,0:0:0:0:
448,192,18976,1,0,0:0:0:0:
320,192,19059,1,0,0:0:0:0:
192,192,19059,1,0,0:0:0:0:
320,192,19143,1,0,0:0:0:0:
192,192,19226,1,0,0:0:0:0:
64,192,19226,1,0,0:0:0:0:
448,192,19309,1,0,0:0:0:0:
192,192,19393,1,0,0:0:0:0:
448,192,19476,1,0,0:0:0:0:
320,192,19476,1,0,0:0:0:0:
64,192,19559,1,0,0:0:0:0:
320,192,19643,1,0,0:0:0:0:
448,192,19726,1,0,0:0:0:0:
192,192,19726,1,0,0:0:0:0:
64,192,19809,1,0,0:0:0:0:
320,192,19893,1,0,0:0:0:0:
192,192,19976,1,0,0:0:0:0:
448,192,20059,1,0,0:0:0:0:
320,192,20143,1,0,0:0:0:0:
448,192,20226,1,0,0:0:0:0:
192,192,20226,1,0,0:0:0:0:
448,192,20393,1,0,0:0:0:0:
192,192,20559,1,0,0:0:0:0:
64,192,20559,1,0,0:0:0:0:
448,192,20643,1,0,0:0:0:0:
320,192,20726,1,0,0:0:0:0:
192,192,20726,1,0,0:0:0:0:
448,192,20809,1,0,0:0:0:0:
64,192,20809,1,0,0:0:0:0:
320,192,20893,1,0,0:0:0:0:
192,192,20893,1,0,0:0:0:0:
448,192,20976,1,0,0:0:0:0:
320,192,20976,1,0,0:0:0:0:
192,192,21059,1,0,0:0:0:0:
64,192,21059,1,0,0:0:0:0:
448,192,21115,1,0,0:0:0:0:
192,192,21171,1,0,0:0:0:0:
320,192,21226,1,0,0:0:0:0:
64,192,21226,1,0,0:0:0:0:
448,192,21393,1,0,0:0:0:0:
192,192,21559,1,0,0:0:0:0:
64,192,21559,1,0,0:0:0:0:
448,192,21643,1,0,0:0:0:0:
320,192,21643,1,0,0:0:0:0:
448,192,21809,1,0,0:0:0:0:
320,192,21809,1,0,0:0:0:0:
192,192,21893,1,0,0:0:0:0:
64,192,21893,1,0,0:0:0:0:
448,192,21976,1,0,0:0:0:0:
192,192,22059,1,0,0:0:0:0:
448,192,22143,1,0,0:0:0:0:
320,192,22143,1,0,0:0:0:0:
64,192,22226,1,0,0:0:0:0:
448,192,22309,1,0,0:0:0:0:
320,192,22309,1,0,0:0:0:0:
320,192,22393,1,0,0:0:0:0:
192,192,22393,1,0,0:0:0:0:
64,192,22476,1,0,0:0:0:0:
448,192,22559,1,0,0:0:0:0:
448,192,22643,1,0,0:0:0:0:
192,192,22726,1,0,0:0:0:0:
192,192,22809,1,0,0:0:0:0:
320,192,22893,1,0,0:0:0:0:
64,192,22893,1,0,0:0:0:0:
320,192,22976,1,0,0:0:0:0:
192,192,22976,1,0,0:0:0:0:
448,192,23059,1,0,0:0:0:0:
320,192,23143,1,0,0:0:0:0:
192,192,23226,1,0,0:0:0:0:
64,192,23226,1,0,0:0:0:0:
448,192,23309,1,0,0:0:0:0:
320,192,23393,1,0,0:0:0:0:
192,192,23393,1,0,0:0:0:0:
448,192,23476,1,0,0:0:0:0:
64,192,23476,1,0,0:0:0:0:
320,192,23559,1,0,0:0:0:0:
192,192,23559,1,0,0:0:0:0:
448,192,23643,1,0,0:0:0:0:
320,192,23643,1,0,0:0:0:0:
192,192,23726,1,0,0:0:0:0:
64,192,23726,1,0,0:0:0:0:
448,192,23809,1,0,0:0:0:0:
64,192,23809,1,0,0:0:0:0:
320,192,23893,1,0,0:0:0:0:
192,192,23893,1,0,0:0:0:0:
448,192,24059,1,0,0:0:0:0:
320,192,24059,1,0,0:0:0:0:
448,192,24143,1,0,0:0:0:0:
320,192,24143,1,0,0:0:0:0:
192,192,24226,1,0,0:0:0:0:
64,192,24226,1,0,0:0:0:0:
448,192,24393,1,0,0:0:0:0:
64,192,24393,1,0,0:0:0:0:
448,192,24559,1,0,0:0:0:0:
320,192,24559,1,0,0:0:0:0:
192,192,24643,1,0,0:0:0:0:
320,192,24726,1,0,0:0:0:0:
192,192,24809,1,0,0:0:0:0:
64,192,24809,1,0,0:0:0:0:
448,192,24893,1,0,0:0:0:0:
192,192,24976,1,0,0:0:0:0:
320,192,25059,1,0,0:0:0:0:
64,192,25059,1,0,0:0:0:0:
448,192,25143,1,0,0:0:0:0:
192,192,25226,1,0,0:0:0:0:
320,192,25309,1,0,0:0:0:0:
448,192,25393,1,0,0:0:0:0:
64,192,25393,1,0,0:0:0:0:
448,192,25559,1,0,0:0:0:0:
320,192,25559,1,0,0:0:0:0:
192,192,25643,1,0,0:0:0:0:
64,192,25643,1,0,0:0:0:0:
320,192,25726,1,0,0:0:0:0:
448,192,25809,1,0,0:0:0:0:
64,192,25809,1,0,0:0:0:0:
320,192,25893,1,0,0:0:0:0:
192,192,25893,1,0,0:0:0:0:
448,192,25976,1,0,0:0:0:0:
192,192,26059,1,0,0:0:0:0:
64,192,26059,1,0,0:0:0:0:
320,192,26143,1,0,0:0:0:0:
192,192,26143,1,0,0:0:0:0:
448,192,26226,1,0,0:0:0:0:
320,192,26309,1,0,0:0:0:0:
64,192,26309,1,0,0:0:0:0:
320,192,26393,1,0,0:0:0:0:
192,192,26434,1,0,0:0:0:0:
64,192,26476,1,0,0:0:0:0:
448,192,26559,1,0,0:0:0:0:
320,192,26559,1,0,0:0:0:0:
448,192,26726,1,0,0:0:0:0:
64,192,26726,1,0,0:0:0:0:
192,192,26893,1,0,0:0:0:0:
64,192,26893,1,0,0:0:0:0:
448,192,26976,1,0,0:0:0:0:
320,192,26976,1,0,0:0:0:0:
320,192,27059,1,0,0:0:0:0:
192,192,27059,1,0,0:0:0:0:
64,192,27143,1,0,0:0:0:0:
192,192,27184,1,0,0:0:0:0:
448,192,27226,1,0,0:0:0:0:
320,192,27226,1,0,0:0:0:0:
64,192,27309,1,0,0:0:0:0:
320,192,27393,1,0,0:0:0:0:
192,192,27476,1,0,0:0:0:0:
64,192,27476,1,0,0:0:0:0:
448,192,27559,1,0,0:0:0:0:
320,192,27643,1,0,0:0:0:0:
448,192,27726,1,0,0:0:0:0:
64,192,27726,1,0,0:0:0:0:
192,192,27893,1,0,0:0:0:0:
192,192,27976,1,0,0:0:0:0:
320,192,28059,1,0,0:0:0:0:
64,192,28059,1,0,0:0:0:0:
448,192,28143,1,0,0:0:0:0:
192,192,28226,1,0,0:0:0:0:
64,192,28226,1,0,0:0:0:0:
448,192,28309,1,0,0:0:0:0:
320,192,28309,1,0,0:0:0:0:
192,192,28393,1,0,0:0:0:0:
64,192,28476,1,0,0:0:0:0:
448,192,28559,1,0,0:0:0:0:
320,192,28559,1,0,0:0:0:0:
192,192,28643,1,0,0:0:0:0:
448,192,28726,1,0,0:0:0:0:
64,192,28809,1,0,0:0:0:0:
192,192,28893,1,0,0:0:0:0:
448,192,28976,1,0,0:0:0:0:
64,192,29059,1,0,0:0:0:0:
448,192,29143,1,0,0:0:0:0:
192,192,29226,1,0,0:0:0:0:
448,192,29309,1,0,0:0:0:0:
64,192,29393,1,0,0:0:0:0:
448,192,29434,1,0,0:0:0:0:
192,192,29476,1,0,0:0:0:0:
320,192,29559,1,0,0:0:0:0:
64,192,29615,1,0,0:0:0:0:
320,192,29671,1,0,0:0:0:0:
192,192,29726,1,0,0:0:0:0:
448,192,29809,1,0,0:0:0:0:
320,192,29851,1,0,0:0:0:0:
192,192,29893,1,0,0:0:0:0:
64,192,29893,1,0,0:0:0:0:
320,192,29976,1,0,0:0:0:0:
448,192,30143,1,0,0:0:0:0:
320,192,30143,1,0,0:0:0:0:
448,192,30309,1,0,0:0:0:0:
192,192,30309,1,0,0:0:0:0:
320,192,30393,1,0,0:0:0:0:
64,192,30476,1,0,0:0:0:0:
320,192,30559,1,0,0:0:0:0:
192,192,30559,1,0,0:0:0:0:
448,192,30726,1,0,0:0:0:0:
192,192,30726,1,0,0:0:0:0:
448,192,30893,1,0,0:0:0:0:
320,192,30893,1,0,0:0:0:0:
192,192,30976,1,0,0:0:0:0:
64,192,30976,1,0,0:0:0:0:
448,192,31059,1,0,0:0:0:0:
320,192,31143,1,0,0:0:0:0:
192,192,31226,1,0,0:0:0:0:
64,192,31226,1,0,0:0:0:0:
192,192,31393,1,0,0:0:0:0:
448,192,31476,1,0,0:0:0:0:
320,192,31559,1,0,0:0:0:0:
64,192,31559,1,0,0:0:0:0:
320,192,31643,1,0,0:0:0:0:
448,192,31726,1,0,0:0:0:0:
192,192,31726,1,0,0:0:0:0:
64,192,31782,1,0,0:0:0:0:
192,192,31837,1,0,0:0:0:0:
448,192,31893,1,0,0:0:0:0:
320,192,31893,1,0,0:0:0:0:
64,192,31976,1,0,0:0:0:0:
448,192,32059,1,0,0:0:0:0:
192,192,32059,1,0,0:0:0:0:
64,192,32143,1,0,0:0:0:0:
320,192,32226,1,0,0:0:0:0:
192,192,32226,1,0,0:0:0:0:
448,192,32309,1,0,0:0:0:0:
448,192,32393,1,0,0:0:0:0:
192,192,32476,1,0,0:0:0:0:
64,192,32518,1,0,0:0:0:0:
448,192,32559,1,0,0:0:0:0:
320,192,32559,1,0,0:0:0:0:
192,192,32643,1,0,0:0:0:0:
320,192,32726,1,0,0:0:0:0:
192,192,32809,1,0,0:0:0:0:
64,192,32809,1,0,0:0:0:0:
448,192,32893,1,0,0:0:0:0:
320,192,32976,1,0,0:0:0:0:
64,192,32976,1,0,0:0:0:0:
320,192,33059,1,0,0:0:0:0:
192,192,33059,1,0,0:0:0:0:
448,192,33143,1,0,0:0:0:0:
192,192,33226,1,0,0:0:0:0:
64,192,33226,1,0,0:0:0:0:
448,192,33309,1,0,0:0:0:0:
64,192,33309,1,0,0:0:0:0:
320,192,33393,1,0,0:0:0:0:
192,192,33393,1,0,0:0:0:0:
448,192,33476,1,0,0:0:0:0:
320,192,33476,1,0,0:0:0:0:
192,192,33559,1,0,0:0:0:0:
64,192,33559,1,0,0:0:0:0:
192,192,33643,1,0,0:0:0:0:
64,192,33726,1,0,0:0:0:0:
448,192,33782,1,0,0:0:0:0:
320,192,33837,1,0,0:0:0:0:
192,192,33893,1,0,0:0:0:0:
64,192,33893,1,0,0:0:0:0:
448,192,33976,1,0,0:0:0:0:
192,192,34059,1,0,0:0:0:0:
448,192,34143,1,0,0:0:0:0:
320,192,34143,1,0,0:0:0:0:
448,192,34309,1,0,0:0:0:0:
64,192,34309,1,0,0:0:0:0:
448,192,34476,1,0,0:0:0:0:
64,192,34476,1,0,0:0:0:0:
320,192,34559,1,0,0:0:0:0:
192,192,34559,1,0,0:0:0:0:
64,192,34643,1,0,0:0:0:0:
448,192,34726,1,0,0:0:0:0:
320,192,34726,1,0,0:0:0:0:
192,192,34809,1,0,0:0:0:0:
320,192,34893,1,0,0:0:0:0:
64,192,34893,1,0,0:0:0:0:
448,192,34976,1,0,0:0:0:0:
192,192,35059,1,0,0:0:0:0:
64,192,35059,1,0,0:0:0:0:
192,192,35143,1,0,0:0:0:0:
448,192,35226,1,0,0:0:0:0:
320,192,35226,1,0,0:0:0:0:
64,192,35309,1,0,0:0:0:0:
448,192,35393,1,0,0:0:0:0:
192,192,35393,1,0,0:0:0:0:
448,192,35476,1,0,0:0:0:0:
320,192,35476,1,0,0:0:0:0:
64,192,35559,1,0,0:0:0:0:
448,192,35643,1,0,0:0:0:0:
320,192,35643,1,0,0:0:0:0:
192,192,35726,1,0,0:0:0:0:
64,192,35726,1,0,0:0:0:0:
320,192,35809,1,0,0:0:0:0:
448,192,35893,1,0,0:0:0:0:
64,192,35893,1,0,0:0:0:0:
320,192,36059,1,0,0:0:0:0:
448,192,36101,1,0,0:0:0:0:
192,192,36143,1,0,0:0:0:0:
64,192,36184,1,0,0:0:0:0:
320,192,36226,1,0,0:0:0:0:
320,192,36309,1,0,0:0:0:0:
192,192,36393,1,0,0:0:0:0:
448,192,36434,1,0,0:0:0:0:
64,192,36476,1,0,0:0:0:0:
192,192,36518,1,0,0:0:0:0:
448,192,36559,1,0,0:0:0:0:
320,192,36559,1,0,0:0:0:0:
448,192,36726,1,0,0:0:0:0:
320,192,36809,1,0,0:0:0:0:
192,192,36893,1,0,0:0:0:0:
64,192,36893,1,0,0:0:0:0:
448,192,36948,1,0,0:0:0:0:
64,192,36976,1,0,0:0:0:0:
192,192,37059,1,0,0:0:0:0:
448,192,37143,1,0,0:0:0:0:
320,192,37143,1,0,0:0:0:0:
192,192,37226,1,0,0:0:0:0:
64,192,37268,1,0,0:0:0:0:
448,192,37309,1,0,0:0:0:0:
320,192,37393,1,0,0:0:0:0:
192,192,37393,1,0,0:0:0:0:
64,192,37476,1,0,0:0:0:0:
320,192,37559,1,0,0:0:0:0:
192,192,37643,1,0,0:0:0:0:
448,192,37726,1,0,0:0:0:0:
192,192,37893,1,0,0:0:0:0:
64,192,37893,1,0,0:0:0:0:
192,192,38059,1,0,0:0:0:0:
448,192,38143,1,0,0:0:0:0:
320,192,38143,1,0,0:0:0:0:
64,192,38226,1,0,0:0:0:0:
448,192,38309,1,0,0:0:0:0:
192,192,38309,1,0,0:0:0:0:
192,192,38393,1,0,0:0:0:0:
64,192,38393,1,0,0:0:0:0:
448,192,38559,1,0,0:0:0:0:
320,192,38559,1,0,0:0:0:0:
320,192,38643,1,0,0:0:0:0:
192,192,38643,1,0,0:0:0:0:
448,192,38726,1,0,0:0:0:0:
64,192,38726,1,0,0:0:0:0:
192,192,38809,1,0,0:0:0:0:
64,192,38809,1,0,0:0:0:0:
448,192,38893,1,0,0:0:0:0:
320,192,38893,1,0,0:0:0:0:
448,192,38976,1,0,0:0:0:0:
320,192,39059,1,0,0:0:0:0:
64,192,39115,1,0,0:0:0:0:
320,192,39171,1,0,0:0:0:0:
192,192,39226,1,0,0:0:0:0:
192,192,39309,1,0,0:0:0:0:
448,192,39393,1,0,0:0:0:0:
320,192,39434,1,0,0:0:0:0:
192,192,39476,1,0,0:0:0:0:
64,192,39518,1,0,0:0:0:0:
448,192,39559,1,0,0:0:0:0:
320,192,39559,1,0,0:0:0:0:
192,192,39643,1,0,0:0:0:0:
448,192,39726,1,0,0:0:0:0:
320,192,39726,1,0,0:0:0:0:
448,192,39893,1,0,0:0:0:0:
64,192,39893,1,0,0:0:0:0:
192,192,39976,1,0,0:0:0:0:
448,192,40059,1,0,0:0:0:0:
320,192,40059,1,0,0:0:0:0:
192,192,40143,1,0,0:0:0:0:
320,192,40226,1,0,0:0:0:0:
64,192,40226,1,0,0:0:0:0:
448,192,40309,1,0,0:0:0:0:
192,192,40393,1,0,0:0:0:0:
64,192,40393,1,0,0:0:0:0:
192,192,40476,1,0,0:0:0:0:
320,192,40518,1,0,0:0:0:0:
448,192,40559,1,0,0:0:0:0:
64,192,40559,1,0,0:0:0:0:
448,192,40726,1,0,0:0:0:0:
192,192,40726,1,0,0:0:0:0:
64,192,40893,1,0,0:0:0:0:
320,192,40976,1,0,0:0:0:0:
64,192,41059,1,0,0:0:0:0:
448,192,41226,1,0,0:0:0:0:
192,192,41226,1,0,0:0:0:0:
64,192,41309,1,0,0:0:0:0:
192,192,41351,1,0,0:0:0:0:
448,192,41393,1,0,0:0:0:0:
320,192,41393,1,0,0:0:0:0:
192,192,41559,1,0,0:0:0:0:
64,192,41559,1,0,0:0:0:0:
448,192,41643,1,0,0:0:0:0:
320,192,41643,1,0,0:0:0:0:
192,192,41726,1,0,0:0:0:0:
448,192,41809,1,0,0:0:0:0:
64,192,41809,1,0,0:0:0:0:
320,192,41893,1,0,0:0:0:0:
192,192,41893,1,0,0:0:0:0:
448,192,41976,1,0,0:0:0:0:
448,192,42059,1,0,0:0:0:0:
192,192,42143,1,0,0:0:0:0:
64,192,42143,1,0,0:0:0:0:
320,192,42337,1,0,0:0:0:0:
192,192,42559,1,0,0:0:0:0:
64,192,42559,1,0,0:0:0:0:
448,192,42643,1,0,0:0:0:0:
320,192,42726,1,0,0:0:0:0:
192,192,42726,1,0,0:0:0:0:
192,192,42809,1,0,0:0:0:0:
64,192,42809,1,0,0:0:0:0:
448,192,42893,1,0,0:0:0:0:
192,192,42976,1,0,0:0:0:0:
320,192,43059,1,0,0:0:0:0:
448,192,43115,1,0,0:0:0:0:
320,192,43171,1,0,0:0:0:0:
192,192,43226,1,0,0:0:0:0:
64,192,43226,1,0,0:0:0:0:
448,192,43309,1,0,0:0:0:0:
320,192,43393,1,0,0:0:0:0:
192,192,43448,1,0,0:0:0:0:
64,192,43448,1,0,0:0:0:0:
320,192,43504,1,0,0:0:0:0:
448,192,43559,1,0,0:0:0:0:
64,192,43615,1,0,0:0:0:0:
448,192,43671,1,0,0:0:0:0:
192,192,43671,1,0,0:0:0:0:
320,192,43726,1,0,0:0:0:0:
64,192,43809,1,0,0:0:0:0:
320,192,43893,1,0,0:0:0:0:
192,192,43893,1,0,0:0:0:0:
448,192,43948,1,0,0:0:0:0:
64,192,44004,1,0,0:0:0:0:
192,192,44059,1,0,0:0:0:0:
448,192,44115,1,0,0:0:0:0:
320,192,44171,1,0,0:0:0:0:
64,192,44226,1,0,0:0:0:0:
192,192,44282,1,0,0:0:0:0:
320,192,44337,1,0,0:0:0:0:
448,192,44393,1,0,0:0:0:0:
64,192,44393,1,0,0:0:0:0:
320,192,44448,1,0,0:0:0:0:
448,192,44504,1,0,0:0:0:0:
192,192,44559,1,0,0:0:0:0:
64,192,44559,1,0,0:0:0:0:
320,192,44615,1,0,0:0:0:0:
192,192,44671,1,0,0:0:0:0:
448,192,44726,1,0,0:0:0:0:
320,192,44782,1,0,0:0:0:0:
448,192,44837,1,0,0:0:0:0:
64,192,44893,1,0,0:0:0:0:
192,192,44948,1,0,0:0:0:0:
320,192,45004,1,0,0:0:0:0:
192,192,45059,1,0,0:0:0:0:
64,192,45059,1,0,0:0:0:0:
448,192,45115,1,0,0:0:0:0:
320,192,45171,1,0,0:0:0:0:
64,192,45226,1,0,0:0:0:0:
448,192,45282,1,0,0:0:0:0:
64,192,45337,1,0,0:0:0:0:
320,192,45393,1,0,0:0:0:0:
192,192,45448,1,0,0:0:0:0:
320,192,45504,1,0,0:0:0:0:
448,192,45559,1,0,0:0:0:0:
64,192,45559,1,0,0:0:0:0:
192,192,45615,1,0,0:0:0:0:
64,192,45671,1,0,0:0:0:0:
448,192,45726,1,0,0:0:0:0:
320,192,45782,1,0,0:0:0:0:
192,192,45837,1,0,0:0:0:0:
448,192,45893,1,0,0:0:0:0:
320,192,45893,1,0,0:0:0:0:
320,192,46059,1,0,0:0:0:0:
64,192,46143,1,0,0:0:0:0:
448,192,46226,1,0,0:0:0:0:
320,192,46268,1,0,0:0:0:0:
192,192,46309,1,0,0:0:0:0:
448,192,46393,1,0,0:0:0:0:
192,192,46476,1,0,0:0:0:0:
320,192,46559,1,0,0:0:0:0:
448,192,46601,1,0,0:0:0:0:
64,192,46643,1,0,0:0:0:0:
192,192,46684,1,0,0:0:0:0:
448,192,46726,1,0,0:0:0:0:
320,192,46726,1,0,0:0:0:0:
64,192,46809,1,0,0:0:0:0:
320,192,46893,1,0,0:0:0:0:
192,192,46934,1,0,0:0:0:0:
64,192,46976,1,0,0:0:0:0:
448,192,47059,1,0,0:0:0:0:
320,192,47115,1,0,0:0:0:0:
448,192,47171,1,0,0:0:0:0:
192,192,47226,1,0,0:0:0:0:
64,192,47226,1,0,0:0:0:0:
448,192,47393,1,0,0:0:0:0:
192,192,47559,1,0,0:0:0:0:
64,192,47559,1,0,0:0:0:0:
320,192,47726,1,0,0:0:0:0:
448,192,47809,1,0,0:0:0:0:
320,192,47893,1,0,0:0:0:0:
192,192,47976,1,0,0:0:0:0:
448,192,48059,1,0,0:0:0:0:
64,192,48059,1,0,0:0:0:0:
192,192,48393,1,0,0:0:0:0:
64,192,48476,1,0,0:0:0:0:
448,192,48559,1,0,0:0:0:0:
320,192,48559,1,0,0:0:0:0:
192,192,48726,1,0,0:0:0:0:
448,192,48893,1,0,0:0:0:0:
64,192,48893,1,0,0:0:0:0:
320,192,49059,1,0,0:0:0:0:
64,192,49143,1,0,0:0:0:0:
448,192,49226,1,0,0:0:0:0:
192,192,49226,1,0,0:0:0:0:
448,192,49393,1,0,0:0:0:0:
320,192,49393,1,0,0:0:0:0:
448,192,49559,1,0,0:0:0:0:
320,192,49559,1,0,0:0:0:0:
448,192,49726,1,0,0:0:0:0:
64,192,49726,1,0,0:0:0:0:
192,192,49893,1,0,0:0:0:0:
64,192,49893,1,0,0:0:0:0:
320,192,50059,1,0,0:0:0:0:
192,192,50059,1,0,0:0:0:0:
448,192,50143,1,0,0:0:0:0:
320,192,50226,1,0,0:0:0:0:
192,192,50309,1,0,0:0:0:0:
64,192,50309,1,0,0:0:0:0:
448,192,50393,1,0,0:0:0:0:
320,192,50393,1,0,0:0:0:0:
448,192,50559,1,0,0:0:0:0:
320,192,50726,1,0,0:0:0:0:
448,192,50893,1,0,0:0:0:0:
64,192,50893,1,0,0:0:0:0:
448,192,51226,1,0,0:0:0:0:
320,192,51226,1,0,0:0:0:0:
320,192,51393,1,0,0:0:0:0:
192,192,51476,1,0,0:0:0:0:
448,192,51559,1,0,0:0:0:0:
64,192,51559,1,0,0:0:0:0:
448,192,51726,1,0,0:0:0:0:
64,192,51726,1,0,0:0:0:0:
192,192,51809,1,0,0:0:0:0:
448,192,51893,1,0,0:0:0:0:
320,192,51893,1,0,0:0:0:0:
320,192,51976,1,0,0:0:0:0:
192,192,52059,1,0,0:0:0:0:
64,192,52059,1,0,0:0:0:0:
448,192,52143,1,0,0:0:0:0:
320,192,52226,1,0,0:0:0:0:
64,192,52226,1,0,0:0:0:0:
192,192,52309,1,0,0:0:0:0:
320,192,52393,1,0,0:0:0:0:
64,192,52393,1,0,0:0:0:0:
448,192,52476,1,0,0:0:0:0:
320,192,52559,1,0,0:0:0:0:
192,192,52559,1,0,0:0:0:0:
64,192,52615,1,0,0:0:0:0:
448,192,52671,1,0,0:0:0:0:
320,192,52726,1,0,0:0:0:0:
192,192,52782,1,0,0:0:0:0:
448,192,52837,1,0,0:0:0:0:
320,192,52893,1,0,0:0:0:0:
64,192,52893,1,0,0:0:0:0:
192,192,52948,1,0,0:0:0:0:
320,192,53004,1,0,0:0:0:0:
448,192,53059,1,0,0:0:0:0:
192,192,53115,1,0,0:0:0:0:
320,192,53171,1,0,0:0:0:0:
64,192,53226,1,0,0:0:0:0:
192,192,53268,1,0,0:0:0:0:
320,192,53309,1,0,0:0:0:0:
448,192,53351,1,0,0:0:0:0:
64,192,53393,1,0,0:0:0:0:
192,192,53434,1,0,0:0:0:0:
320,192,53476,1,0,0:0:0:0:
448,192,53518,1,0,0:0:0:0:
64,192,53559,1,0,0:0:0:0:
192,192,53601,1,0,0:0:0:0:
320,192,53643,1,0,0:0:0:0:
64,192,53684,1,0,0:0:0:0:
448,192,53726,1,0,0:0:0:0:
320,192,53768,1,0,0:0:0:0:
64,192,53809,1,0,0:0:0:0:
192,192,53851,1,0,0:0:0:0:
448,192,53893,1,0,0:0:0:0:
320,192,53893,1,0,0:0:0:0:
64,192,53976,1,0,0:0:0:0:
320,192,54059,1,0,0:0:0:0:
192,192,54059,1,0,0:0:0:0:
448,192,54143,1,0,0:0:0:0:
320,192,54143,1,0,0:0:0:0:
64,192,54226,1,0,0:0:0:0:
320,192,54309,1,0,0:0:0:0:
192,192,54309,1,0,0:0:0:0:
448,192,54393,1,0,0:0:0:0:
64,192,54393,1,0,0:0:0:0:
320,192,54476,1,0,0:0:0:0:
192,192,54559,1,0,0:0:0:0:
448,192,54601,1,0,0:0:0:0:
320,192,54643,1,0,0:0:0:0:
192,192,54726,1,0,0:0:0:0:
64,192,54726,1,0,0:0:0:0:
448,192,54809,1,0,0:0:0:0:
64,192,54893,1,0,0:0:0:0:
320,192,54976,1,0,0:0:0:0:
448,192,55059,1,0,0:0:0:0:
192,192,55059,1,0,0:0:0:0:
448,192,55226,1,0,0:0:0:0:
320,192,55226,1,0,0:0:0:0:
64,192,55309,1,0,0:0:0:0:
320,192,55393,1,0,0:0:0:0:
192,192,55476,1,0,0:0:0:0:
448,192,55559,1,0,0:0:0:0:
448,192,55643,1,0,0:0:0:0:
320,192,55726,1,0,0:0:0:0:
64,192,55726,1,0,0:0:0:0:
192,192,55809,1,0,0:0:0:0:
448,192,55893,1,0,0:0:0:0:
320,192,55893,1,0,0:0:0:0:
192,192,55976,1,0,0:0:0:0:
64,192,55976,1,0,0:0:0:0:
448,192,56059,1,0,0:0:0:0:
320,192,56059,1,0,0:0:0:0:
448,192,56143,1,0,0:0:0:0:
64,192,56226,1,0,0:0:0:0:
192,192,56268,1,0,0:0:0:0:
448,192,56309,1,0,0:0:0:0:
320,192,56309,1,0,0:0:0:0:
64,192,56393,1,0,0:0:0:0:
320,192,56434,1,0,0:0:0:0:
192,192,56559,1,0,0:0:0:0:
64,192,56559,1,0,0:0:0:0:
320,192,56643,1,0,0:0:0:0:
192,192,56726,1,0,0:0:0:0:
448,192,56782,1,0,0:0:0:0:
64,192,56837,1,0,0:0:0:0:
320,192,56893,1,0,0:0:0:0:
192,192,56893,1,0,0:0:0:0:
448,192,57059,1,0,0:0:0:0:
64,192,57059,1,0,0:0:0:0:
448,192,57226,1,0,0:0:0:0:
320,192,57226,1,0,0:0:0:0:
320,192,57309,1,0,0:0:0:0:
64,192,57309,1,0,0:0:0:0:
448,192,57393,1,0,0:0:0:0:
192,192,57393,1,0,0:0:0:0:
64,192,57476,1,0,0:0:0:0:
320,192,57559,1,0,0:0:0:0:
192,192,57559,1,0,0:0:0:0:
448,192,57643,1,0,0:0:0:0:
192,192,57726,1,0,0:0:0:0:
64,192,57726,1,0,0:0:0:0:
320,192,57768,1,0,0:0:0:0:
448,192,57809,1,0,0:0:0:0:
192,192,57851,1,0,0:0:0:0:
320,192,57893,1,0,0:0:0:0:
64,192,57893,1,0,0:0:0:0:
448,192,58226,1,0,0:0:0:0:
320,192,58226,1,0,0:0:0:0:
320,192,58309,1,0,0:0:0:0:
64,192,58393,1,0,0:0:0:0:
64,192,58476,1,0,0:0:0:0:
448,192,58559,1,0,0:0:0:0:
192,192,58559,1,0,0:0:0:0:
320,192,58601,1,0,0:0:0:0:
64,192,58643,1,0,0:0:0:0:
448,192,58726,1,0,0:0:0:0:
192,192,58726,1,0,0:0:0:0:
192,192,58809,1,0,0:0:0:0:
448,192,58893,1,0,0:0:0:0:
320,192,58893,1,0,0:0:0:0:
320,192,58976,1,0,0:0:0:0:
192,192,58976,1,0,0:0:0:0:
448,192,59059,1,0,0:0:0:0:
64,192,59059,1,0,0:0:0:0:
448,192,59226,1,0,0:0:0:0:
320,192,59226,1,0,0:0:0:0:
192,192,59309,1,0,0:0:0:0:
320,192,59393,1,0,0:0:0:0:
192,192,59476,1,0,0:0:0:0:
64,192,59476,1,0,0:0:0:0:
448,192,59559,1,0,0:0:0:0:
320,192,59643,1,0,0:0:0:0:
64,192,59643,1,0,0:0:0:0:
192,192,59726,1,0,0:0:0:0:
64,192,59726,1,0,0:0:0:0:
320,192,59809,1,0,0:0:0:0:
448,192,59893,1,0,0:0:0:0:
64,192,59893,1,0,0:0:0:0:
448,192,59976,1,0,0:0:0:0:
320,192,59976,1,0,0:0:0:0:
192,192,60059,1,0,0:0:0:0:
64,192,60059,1,0,0:0:0:0:
320,192,60143,1,0,0:0:0:0:
192,192,60143,1,0,0:0:0:0:
448,192,60226,1,0,0:0:0:0:
64,192,60226,1,0,0:0:0:0:
448,192,60309,1,0,0:0:0:0:
192,192,60393,1,0,0:0:0:0:
320,192,60448,1,0,0:0:0:0:
64,192,60504,1,0,0:0:0:0:
448,192,60559,1,0,0:0:0:0:
320,192,60559,1,0,0:0:0:0:
448,192,60726,1,0,0:0:0:0:
320,192,60726,1,0,0:0:0:0:
192,192,60893,1,0,0:0:0:0:
64,192,61059,1,0,0:0:0:0:
320,192,61226,1,0,0:0:0:0:
192,192,61226,1,0,0:0:0:0:
448,192,61282,1,0,0:0:0:0:
192,192,61337,1,0,0:0:0:0:
64,192,61393,1,0,0:0:0:0:
448,192,61476,1,0,0:0:0:0:
192,192,61559,1,0,0:0:0:0:
64,192,61559,1,0,0:0:0:0:
320,192,61601,1,0,0:0:0:0:
448,192,61643,1,0,0:0:0:0:
64,192,61684,1,0,0:0:0:0:
320,192,61726,1,0,0:0:0:0:
192,192,61768,1,0,0:0:0:0:
448,192,61809,1,0,0:0:0:0:
320,192,61851,1,0,0:0:0:0:
192,192,61893,1,0,0:0:0:0:
64,192,61893,1,0,0:0:0:0:
320,192,61976,1,0,0:0:0:0:
192,192,61976,1,0,0:0:0:0:
448,192,62059,1,0,0:0:0:0:
64,192,62059,1,0,0:0:0:0:
320,192,62143,1,0,0:0:0:0:
192,192,62143,1,0,0:0:0:0:
320,192,62226,1,0,0:0:0:0:
64,192,62226,1,0,0:0:0:0:
192,192,62309,1,0,0:0:0:0:
448,192,62393,1,0,0:0:0:0:
320,192,62393,1,0,0:0:0:0:
192,192,62434,1,0,0:0:0:0:
64,192,62476,1,0,0:0:0:0:
448,192,62518,1,0,0:0:0:0:
320,192,62559,1,0,0:0:0:0:
192,192,62559,1,0,0:0:0:0:
64,192,62643,1,0,0:0:0:0:
448,192,62726,1,0,0:0:0:0:
192,192,62726,1,0,0:0:0:0:
320,192,62809,1,0,0:0:0:0:
448,192,62893,1,0,0:0:0:0:
64,192,62893,1,0,0:0:0:0:
192,192,62976,1,0,0:0:0:0:
448,192,63059,1,0,0:0:0:0:
320,192,63059,1,0,0:0:0:0:
320,192,63143,1,0,0:0:0:0:
448,192,63184,1,0,0:0:0:0:
192,192,63226,1,0,0:0:0:0:
64,192,63226,1,0,0:0:0:0:
320,192,63309,1,0,0:0:0:0:
448,192,63393,1,0,0:0:0:0:
192,192,63393,1,0,0:0:0:0:
192,192,63476,1,0,0:0:0:0:
64,192,63476,1,0,0:0:0:0:
320,192,63559,1,0,0:0:0:0:
192,192,63643,1,0,0:0:0:0:
64,192,63643,1,0,0:0:0:0:
448,192,63726,1,0,0:0:0:0:
320,192,63726,1,0,0:0:0:0:
320,192,63893,1,0,0:0:0:0:
192,192,63893,1,0,0:0:0:0:
448,192,63976,1,0,0:0:0:0:
64,192,63976,1,0,0:0:0:0:
448,192,64059,1,0,0:0:0:0:
320,192,64059,1,0,0:0:0:0:
192,192,64143,1,0,0:0:0:0:
320,192,64184,1,0,0:0:0:0:
448,192,64226,1,0,0:0:0:0:
64,192,64226,1,0,0:0:0:0:
448,192,64393,1,0,0:0:0:0:
64,192,64393,1,0,0:0:0:0:
192,192,64559,1,0,0:0:0:0:
64,192,64559,1,0,0:0:0:0:
320,192,64643,1,0,0:0:0:0:
448,192,64726,1,0,0:0:0:0:
192,192,64726,1,0,0:0:0:0:
448,192,64809,1,0,0:0:0:0:
320,192,64809,1,0,0:0:0:0:
64,192,64893,1,0,0:0:0:0:
448,192,64976,1,0,0:0:0:0:
320,192,64976,1,0,0:0:0:0:
192,192,65059,1,0,0:0:0:0:
64,192,65059,1,0,0:0:0:0:
320,192,65143,1,0,0:0:0:0:
448,192,65226,1,0,0:0:0:0:
64,192,65226,1,0,0:0:0:0:
448,192,65393,1,0,0:0:0:0:
320,192,65393,1,0,0:0:0:0:
192,192,65476,1,0,0:0:0:0:
64,192,65559,1,0,0:0:0:0:
448,192,65643,1,0,0:0:0:0:
320,192,65643,1,0,0:0:0:0:
192,192,65726,1,0,0:0:0:0:
64,192,65726,1,0,0:0:0:0:
448,192,65809,1,0,0:0:0:0:
64,192,65809,1,0,0:0:0:0:
320,192,65893,1,0,0:0:0:0:
192,192,65893,1,0,0:0:0:0:
448,192,65976,1,0,0:0:0:0:
192,192,66004,1,0,0:0:0:0:
320,192,66059,1,0,0:0:0:0:
64,192,66059,1,0,0:0:0:0:
448,192,66143,1,0,0:0:0:0:
320,192,66143,1,0,0:0:0:0:
192,192,66226,1,0,0:0:0:0:
448,192,66309,1,0,0:0:0:0:
64,192,66309,1,0,0:0:0:0:
192,192,66476,1,0,0:0:0:0:
64,192,66476,1,0,0:0:0:0:
448,192,66559,1,0,0:0:0:0:
320,192,66559,1,0,0:0:0:0:
192,192,66643,1,0,0:0:0:0:
320,192,66726,1,0,0:0:0:0:
64,192,66726,1,0,0:0:0:0:
448,192,66809,1,0,0:0:0:0:
192,192,66893,1,0,0:0:0:0:
64,192,66893,1,0,0:0:0:0:
192,192,66976,1,0,0:0:0:0:
448,192,67059,1,0,0:0:0:0:
192,192,67143,1,0,0:0:0:0:
320,192,67226,1,0,0:0:0:0:
64,192,67226,1,0,0:0:0:0:
448,192,67309,1,0,0:0:0:0:
192,192,67393,1,0,0:0:0:0:
64,192,67393,1,0,0:0:0:0:
448,192,67476,1,0,0:0:0:0:
320,192,67476,1,0,0:0:0:0:
192,192,67559,1,0,0:0:0:0:
448,192,67643,1,0,0:0:0:0:
64,192,67643,1,0,0:0:0:0:
448,192,67726,1,0,0:0:0:0:
320,192,67768,1,0,0:0:0:0:
192,192,67809,1,0,0:0:0:0:
448,192,67893,1,0,0:0:0:0:
64,192,67914,1,0,0:0:0:0:
64,192,68059,1,0,0:0:0:0:
192,192,68080,1,0,0:0:0:0:
448,192,68226,1,0,0:0:0:0:
320,192,68226,1,0,0:0:0:0:
192,192,68309,1,0,0:0:0:0:
64,192,68309,1,0,0:0:0:0:
448,192,68476,1,0,0:0:0:0:
64,192,68476,1,0,0:0:0:0:
320,192,68559,1,0,0:0:0:0:
192,192,68559,1,0,0:0:0:0:
64,192,68643,1,0,0:0:0:0:
448,192,68726,1,0,0:0:0:0:
320,192,68726,1,0,0:0:0:0:
320,192,68809,1,0,0:0:0:0:
192,192,68809,1,0,0:0:0:0:
448,192,68893,1,0,0:0:0:0:
64,192,68893,1,0,0:0:0:0:
192,192,68976,1,0,0:0:0:0:
320,192,69059,1,0,0:0:0:0:
64,192,69143,1,0,0:0:0:0:
320,192,69226,1,0,0:0:0:0:
192,192,69226,1,0,0:0:0:0:
448,192,69393,1,0,0:0:0:0:
64,192,69559,1,0,0:0:0:0:
448,192,69893,1,0,0:0:0:0:
320,192,69893,1,0,0:0:0:0:
192,192,69976,1,0,0:0:0:0:
448,192,70059,1,0,0:0:0:0:
64,192,70059,1,0,0:0:0:0:
64,192,70143,1,0,0:0:0:0:
448,192,70226,1,0,0:0:0:0:
320,192,70226,1,0,0:0:0:0:
192,192,70309,1,0,0:0:0:0:
448,192,70393,1,0,0:0:0:0:
320,192,70434,1,0,0:0:0:0:
64,192,70476,1,0,0:0:0:0:
320,192,70559,1,0,0:0:0:0:
192,192,70559,1,0,0:0:0:0:
448,192,70643,1,0,0:0:0:0:
192,192,70643,1,0,0:0:0:0:
320,192,70726,1,0,0:0:0:0:
64,192,70726,1,0,0:0:0:0:
320,192,70809,1,0,0:0:0:0:
192,192,70809,1,0,0:0:0:0:
448,192,70893,1,0,0:0:0:0:
64,192,70893,1,0,0:0:0:0:
320,192,70976,1,0,0:0:0:0:
192,192,71059,1,0,0:0:0:0:
448,192,71143,1,0,0:0:0:0:
64,192,71143,1,0,0:0:0:0:
320,192,71226,1,0,0:0:0:0:
192,192,71226,1,0,0:0:0:0:
64,192,71309,1,0,0:0:0:0:
448,192,71393,1,0,0:0:0:0:
320,192,71393,1,0,0:0:0:0:
192,192,71476,1,0,0:0:0:0:
448,192,71559,1,0,0:0:0:0:
64,192,71559,1,0,0:0:0:0:
448,192,71643,1,0,0:0:0:0:
320,192,71726,1,0,0:0:0:0:
192,192,71726,1,0,0:0:0:0:
192,192,71809,1,0,0:0:0:0:
320,192,71893,1,0,0:0:0:0:
64,192,71893,1,0,0:0:0:0:
448,192,71948,1,0,0:0:0:0:
320,192,72004,1,0,0:0:0:0:
192,192,72059,1,0,0:0:0:0:
64,192,72059,1,0,0:0:0:0:
448,192,72115,1,0,0:0:0:0:
64,192,72171,1,0,0:0:0:0:
320,192,72226,1,0,0:0:0:0:
192,192,72226,1,0,0:0:0:0:
448,192,72393,1,0,0:0:0:0:
320,192,72393,1,0,0:0:0:0:
192,192,72559,1,0,0:0:0:0:
64,192,72559,1,0,0:0:0:0:
320,192,72643,1,0,0:0:0:0:
448,192,72726,1,0,0:0:0:0:
320,192,72893,1,0,0:0:0:0:
64,192,72893,1,0,0:0:0:0:
320,192,73059,1,0,0:0:0:0:
192,192,73059,1,0,0:0:0:0:
448,192,73226,1,0,0:0:0:0:
64,192,73226,1,0,0:0:0:0:
320,192,73309,1,0,0:0:0:0:
448,192,73351,1,0,0:0:0:0:
192,192,73393,1,0,0:0:0:0:
64,192,73393,1,0,0:0:0:0:
192,192,73476,1,0,0:0:0:0:
448,192,73559,1,0,0:0:0:0:
320,192,73559,1,0,0:0:0:0:
64,192,73643,1,0,0:0:0:0:
320,192,73726,1,0,0:0:0:0:
192,192,73726,1,0,0:0:0:0:
448,192,73809,1,0,0:0:0:0:
320,192,73809,1,0,0:0:0:0:
192,192,73893,1,0,0:0:0:0:
64,192,73893,1,0,0:0:0:0:
448,192,73976,1,0,0:0:0:0:
192,192,73976,1,0,0:0:0:0:
320,192,74059,1,0,0:0:0:0:
64,192,74059,1,0,0:0:0:0:
320,192,74226,1,0,0:0:0:0:
192,192,74226,1,0,0:0:0:0:
448,192,74393,1,0,0:0:0:0:
64,192,74393,1,0,0:0:0:0:
192,192,74559,1,0,0:0:0:0:
64,192,74559,1,0,0:0:0:0:
320,192,74643,1,0,0:0:0:0:
448,192,74726,1,0,0:0:0:0:
192,192,74726,1,0,0:0:0:0:
320,192,74809,1,0,0:0:0:0:
192,192,74809,1,0,0:0:0:0:
448,192,74893,1,0,0:0:0:0:
64,192,74893,1,0,0:0:0:0:
192,192,74976,1,0,0:0:0:0:
320,192,75059,1,0,0:0:0:0:
64,192,75143,1,0,0:0:0:0:
448,192,75226,1,0,0:0:0:0:
320,192,75226,1,0,0:0:0:0:
192,192,75309,1,0,0:0:0:0:
320,192,75393,1,0,0:0:0:0:
64,192,75393,1,0,0:0:0:0:
192,192,75476,1,0,0:0:0:0:
64,192,75476,1,0,0:0:0:0:
320,192,75559,1,0,0:0:0:0:
448,192,75643,1,0,0:0:0:0:
64,192,75643,1,0,0:0:0:0:
320,192,75726,1,0,0:0:0:0:
192,192,75726,1,0,0:0:0:0:
448,192,75893,1,0,0:0:0:0:
192,192,75934,1,0,0:0:0:0:
320,192,75976,1,0,0:0:0:0:
192,192,76059,1,0,0:0:0:0:
64,192,76059,1,0,0:0:0:0:
448,192,76143,1,0,0:0:0:0:
320,192,76226,1,0,0:0:0:0:
192,192,76226,1,0,0:0:0:0:
448,192,76393,1,0,0:0:0:0:
64,192,76393,1,0,0:0:0:0:
192,192,76559,1,0,0:0:0:0:
64,192,76559,1,0,0:0:0:0:
320,192,76643,1,0,0:0:0:0:
448,192,76726,1,0,0:0:0:0:
192,192,76726,1,0,0:0:0:0:
320,192,76893,1,0,0:0:0:0:
192,192,76893,1,0,0:0:0:0:
448,192,76976,1,0,0:0:0:0:
64,192,76976,1,0,0:0:0:0:
320,192,77059,1,0,0:0:0:0:
448,192,77101,1,0,0:0:0:0:
192,192,77143,1,0,0:0:0:0:
320,192,77226,1,0,0:0:0:0:
64,192,77226,1,0,0:0:0:0:
448,192,77309,1,0,0:0:0:0:
192,192,77393,1,0,0:0:0:0:
448,192,77476,1,0,0:0:0:0:
64,192,77476,1,0,0:0:0:0:
320,192,77559,1,0,0:0:0:0:
192,192,77559,1,0,0:0:0:0:
192,192,77643,1,0,0:0:0:0:
64,192,77643,1,0,0:0:0:0:
448,192,77726,1,0,0:0:0:0:
320,192,77726,1,0,0:0:0:0:
448,192,77809,1,0,0:0:0:0:
320,192,77809,1,0,0:0:0:0:
192,192,77893,1,0,0:0:0:0:
64,192,77893,1,0,0:0:0:0:
448,192,77976,1,0,0:0:0:0:
320,192,78059,1,0,0:0:0:0:
192,192,78101,1,0,0:0:0:0:
64,192,78143,1,0,0:0:0:0:
448,192,78226,1,0,0:0:0:0:
320,192,78226,1,0,0:0:0:0:
192,192,78254,1,0,0:0:0:0:
448,192,78393,1,0,0:0:0:0:
64,192,78393,1,0,0:0:0:0:
192,192,78559,1,0,0:0:0:0:
64,192,78559,1,0,0:0:0:0:
320,192,78643,1,0,0:0:0:0:
192,192,78643,1,0,0:0:0:0:
448,192,78726,1,0,0:0:0:0:
320,192,78809,1,0,0:0:0:0:
192,192,78893,1,0,0:0:0:0:
64,192,78893,1,0,0:0:0:0:
448,192,79059,1,0,0:0:0:0:
192,192,79059,1,0,0:0:0:0:
320,192,79115,1,0,0:0:0:0:
192,192,79171,1,0,0:0:0:0:
448,192,79226,1,0,0:0:0:0:
64,192,79226,1,0,0:0:0:0:
320,192,79309,1,0,0:0:0:0:
448,192,79393,1,0,0:0:0:0:
192,192,79476,1,0,0:0:0:0:
320,192,79559,1,0,0:0:0:0:
448,192,79601,1,0,0:0:0:0:
192,192,79726,1,0,0:0:0:0:
64,192,79726,1,0,0:0:0:0:
320,192,79809,1,0,0:0:0:0:
448,192,79893,1,0,0:0:0:0:
192,192,79893,1,0,0:0:0:0:
64,192,79976,1,0,0:0:0:0:
320,192,80059,1,0,0:0:0:0:
192,192,80059,1,0,0:0:0:0:
448,192,80226,1,0,0:0:0:0:
320,192,80226,1,0,0:0:0:0:
448,192,80309,1,0,0:0:0:0:
64,192,80309,1,0,0:0:0:0:
320,192,80393,1,0,0:0:0:0:
192,192,80393,1,0,0:0:0:0:
192,192,80476,1,0,0:0:0:0:
64,192,80518,1,0,0:0:0:0:
448,192,80559,1,0,0:0:0:0:
320,192,80559,1,0,0:0:0:0:
320,192,80726,1,0,0:0:0:0:
64,192,80726,1,0,0:0:0:0:
192,192,80809,1,0,0:0:0:0:
64,192,80809,1,0,0:0:0:0:
448,192,80893,1,0,0:0:0:0:
64,192,80976,1,0,0:0:0:0:
320,192,81059,1,0,0:0:0:0:
192,192,81059,1,0,0:0:0:0:
448,192,81143,1,0,0:0:0:0:
320,192,81184,1,0,0:0:0:0:
64,192,81226,1,0,0:0:0:0:
192,192,81234,1,0,0:0:0:0:
448,192,81309,1,0,0:0:0:0:
64,192,81317,1,0,0:0:0:0:
192,192,81393,1,0,0:0:0:0:
320,192,81400,1,0,0:0:0:0:
448,192,81476,1,0,0:0:0:0:
320,192,81484,1,0,0:0:0:0:
192,192,81559,1,0,0:0:0:0:
64,192,81559,1,0,0:0:0:0:
448,192,81643,1,0,0:0:0:0:
320,192,81643,1,0,0:0:0:0:
64,192,81726,1,0,0:0:0:0:
192,192,81768,1,0,0:0:0:0:
320,192,81809,1,0,0:0:0:0:
448,192,81893,1,0,0:0:0:0:
64,192,81893,1,0,0:0:0:0:
448,192,82059,1,0,0:0:0:0:
320,192,82059,1,0,0:0:0:0:
192,192,82143,1,0,0:0:0:0:
448,192,82226,1,0,0:0:0:0:
64,192,82226,1,0,0:0:0:0:
192,192,82393,1,0,0:0:0:0:
64,192,82393,1,0,0:0:0:0:
320,192,82476,1,0,0:0:0:0:
448,192,82559,1,0,0:0:0:0:
192,192,82559,1,0,0:0:0:0:
448,192,82643,1,0,0:0:0:0:
64,192,82643,1,0,0:0:0:0:
320,192,82726,1,0,0:0:0:0:
448,192,82768,1,0,0:0:0:0:
64,192,82809,1,0,0:0:0:0:
320,192,82893,1,0,0:0:0:0:
192,192,82893,1,0,0:0:0:0:
320,192,83059,1,0,0:0:0:0:
192,192,83226,1,0,0:0:0:0:
64,192,83226,1,0,0:0:0:0:
192,192,83393,1,0,0:0:0:0:
64,192,83393,1,0,0:0:0:0:
320,192,83476,1,0,0:0:0:0:
448,192,83518,1,0,0:0:0:0:
192,192,83559,1,0,0:0:0:0:
64,192,83559,1,0,0:0:0:0:
448,192,83726,1,0,0:0:0:0:
192,192,83726,1,0,0:0:0:0:
64,192,83809,1,0,0:0:0:0:
448,192,83851,1,0,0:0:0:0:
320,192,83893,1,0,0:0:0:0:
192,192,83893,1,0,0:0:0:0:
192,192,83976,1,0,0:0:0:0:
448,192,84004,1,0,0:0:0:0:
320,192,84059,1,0,0:0:0:0:
448,192,84115,1,0,0:0:0:0:
192,192,84171,1,0,0:0:0:0:
320,192,84226,1,0,0:0:0:0:
192,192,84282,1,0,0:0:0:0:
64,192,84337,1,0,0:0:0:0:
448,192,84393,1,0,0:0:0:0:
320,192,84434,1,0,0:0:0:0:
448,192,84476,1,0,0:0:0:0:
192,192,84518,1,0,0:0:0:0:
320,192,84559,1,0,0:0:0:0:
64,192,84559,1,0,0:0:0:0:
448,192,84726,1,0,0:0:0:0:
320,192,84726,1,0,0:0:0:0:
192,192,84809,1,0,0:0:0:0:
64,192,84809,1,0,0:0:0:0:
448,192,84893,1,0,0:0:0:0:
64,192,84893,1,0,0:0:0:0:
192,192,85059,1,0,0:0:0:0:
320,192,85101,1,0,0:0:0:0:
64,192,85143,1,0,0:0:0:0:
192,192,85184,1,0,0:0:0:0:
448,192,85226,1,0,0:0:0:0:
320,192,85226,1,0,0:0:0:0:
448,192,85309,1,0,0:0:0:0:
64,192,85309,1,0,0:0:0:0:
320,192,85393,1,0,0:0:0:0:
192,192,85393,1,0,0:0:0:0:
448,192,85476,1,0,0:0:0:0:
320,192,85518,1,0,0:0:0:0:
192,192,85559,1,0,0:0:0:0:
64,192,85559,1,0,0:0:0:0:
448,192,85615,1,0,0:0:0:0:
64,192,85671,1,0,0:0:0:0:
320,192,85726,1,0,0:0:0:0:
192,192,85809,1,0,0:0:0:0:
448,192,85893,1,0,0:0:0:0:
320,192,85893,1,0,0:0:0:0:
64,192,85976,1,0,0:0:0:0:
320,192,86059,1,0,0:0:0:0:
192,192,86059,1,0,0:0:0:0:
192,192,86226,1,0,0:0:0:0:
64,192,86226,1,0,0:0:0:0:
320,192,86309,1,0,0:0:0:0:
64,192,86309,1,0,0:0:0:0:
448,192,86393,1,0,0:0:0:0:
192,192,86393,1,0,0:0:0:0:
320,192,86559,1,0,0:0:0:0:
448,192,86601,1,0,0:0:0:0:
192,192,86643,1,0,0:0:0:0:
320,192,86726,1,0,0:0:0:0:
64,192,86726,1,0,0:0:0:0:
448,192,86809,1,0,0:0:0:0:
320,192,86893,1,0,0:0:0:0:
192,192,86893,1,0,0:0:0:0:
448,192,87059,1,0,0:0:0:0:
64,192,87059,1,0,0:0:0:0:
192,192,87226,1,0,0:0:0:0:
64,192,87226,1,0,0:0:0:0:
320,192,87393,1,0,0:0:0:0:
192,192,87393,1,0,0:0:0:0:
448,192,87559,1,0,0:0:0:0:
64,192,87559,1,0,0:0:0:0:
320,192,87643,1,0,0:0:0:0:
192,192,87643,1,0,0:0:0:0:
448,192,87726,1,0,0:0:0:0:
192,192,87768,1,0,0:0:0:0:
64,192,87809,1,0,0:0:0:0:
448,192,87893,1,0,0:0:0:0:
320,192,87893,1,0,0:0:0:0:
192,192,87976,1,0,0:0:0:0:
64,192,87976,1,0,0:0:0:0:
320,192,88059,1,0,0:0:0:0:
448,192,88143,1,0,0:0:0:0:
64,192,88143,1,0,0:0:0:0:
320,192,88226,1,0,0:0:0:0:
192,192,88226,1,0,0:0:0:0:
192,192,88309,1,0,0:0:0:0:
64,192,88309,1,0,0:0:0:0:
448,192,88393,1,0,0:0:0:0:
320,192,88393,1,0,0:0:0:0:
448,192,88476,1,0,0:0:0:0:
320,192,88476,1,0,0:0:0:0:
192,192,88559,1,0,0:0:0:0:
64,192,88559,1,0,0:0:0:0:
320,192,88643,1,0,0:0:0:0:
448,192,88726,1,0,0:0:0:0:
192,192,88768,1,0,0:0:0:0:
64,192,88809,1,0,0:0:0:0:
320,192,88893,1,0,0:0:0:0:
448,192,88976,1,0,0:0:0:0:
64,192,88976,1,0,0:0:0:0:
320,192,89059,1,0,0:0:0:0:
192,192,89059,1,0,0:0:0:0:
448,192,89226,1,0,0:0:0:0:
64,192,89226,1,0,0:0:0:0:
192,192,89268,1,0,0:0:0:0:
320,192,89309,1,0,0:0:0:0:
448,192,89393,1,0,0:0:0:0:
64,192,89476,1,0,0:0:0:0:
320,192,89559,1,0,0:0:0:0:
192,192,89559,1,0,0:0:0:0:
448,192,89643,1,0,0:0:0:0:
320,192,89684,1,0,0:0:0:0:
64,192,89726,1,0,0:0:0:0:
192,192,89809,1,0,0:0:0:0:
320,192,89851,1,0,0:0:0:0:
448,192,89893,1,0,0:0:0:0:
64,192,89893,1,0,0:0:0:0:
320,192,90059,1,0,0:0:0:0:
64,192,90059,1,0,0:0:0:0:
192,192,90101,1,0,0:0:0:0:
448,192,90143,1,0,0:0:0:0:
320,192,90184,1,0,0:0:0:0:
192,192,90226,1,0,0:0:0:0:
64,192,90226,1,0,0:0:0:0:
64,192,90309,1,0,0:0:0:0:
448,192,90393,1,0,0:0:0:0:
320,192,90393,1,0,0:0:0:0:
320,192,90559,1,0,0:0:0:0:
192,192,90559,1,0,0:0:0:0:
448,192,90615,1,0,0:0:0:0:
320,192,90671,1,0,0:0:0:0:
192,192,90726,1,0,0:0:0:0:
64,192,90768,1,0,0:0:0:0:
448,192,90809,1,0,0:0:0:0:
192,192,90851,1,0,0:0:0:0:
320,192,90893,1,0,0:0:0:0:
64,192,90893,1,0,0:0:0:0:
448,192,91018,1,0,0:0:0:0:
320,192,91059,1,0,0:0:0:0:
192,192,91059,1,0,0:0:0:0:
448,192,91226,1,0,0:0:0:0:
320,192,91226,1,0,0:0:0:0:
64,192,91309,1,0,0:0:0:0:
448,192,91393,1,0,0:0:0:0:
192,192,91393,1,0,0:0:0:0:
320,192,91476,1,0,0:0:0:0:
192,192,91559,1,0,0:0:0:0:
64,192,91559,1,0,0:0:0:0:
448,192,91643,1,0,0:0:0:0:
64,192,91643,1,0,0:0:0:0:
320,192,91726,1,0,0:0:0:0:
192,192,91726,1,0,0:0:0:0:
64,192,91893,1,0,0:0:0:0:
320,192,91976,1,0,0:0:0:0:
192,192,91976,1,0,0:0:0:0:
448,192,92059,1,0,0:0:0:0:
64,192,92059,1,0,0:0:0:0:
448,192,92143,1,0,0:0:0:0:
320,192,92226,1,0,0:0:0:0:
192,192,92226,1,0,0:0:0:0:
64,192,92309,1,0,0:0:0:0:
448,192,92393,1,0,0:0:0:0:
320,192,92393,1,0,0:0:0:0:
320,192,92476,1,0,0:0:0:0:
192,192,92559,1,0,0:0:0:0:
64,192,92559,1,0,0:0:0:0:
448,192,92643,1,0,0:0:0:0:
192,192,92726,1,0,0:0:0:0:
64,192,92726,1,0,0:0:0:0:
320,192,92809,1,0,0:0:0:0:
448,192,92893,1,0,0:0:0:0:
192,192,92893,1,0,0:0:0:0:
64,192,92976,1,0,0:0:0:0:
448,192,93059,1,0,0:0:0:0:
320,192,93059,1,0,0:0:0:0:
192,192,93101,1,0,0:0:0:0:
64,192,93143,1,0,0:0:0:0:
448,192,93226,1,0,0:0:0:0:
320,192,93226,1,0,0:0:0:0:
192,192,93309,1,0,0:0:0:0:
448,192,93393,1,0,0:0:0:0:
320,192,93476,1,0,0:0:0:0:
192,192,93476,1,0,0:0:0:0:
448,192,93559,1,0,0:0:0:0:
64,192,93559,1,0,0:0:0:0:
192,192,93643,1,0,0:0:0:0:
448,192,93726,1,0,0:0:0:0:
320,192,93726,1,0,0:0:0:0:
448,192,93809,1,0,0:0:0:0:
320,192,93809,1,0,0:0:0:0:
192,192,93893,1,0,0:0:0:0:
64,192,93893,1,0,0:0:0:0:
320,192,93976,1,0,0:0:0:0:
192,192,94059,1,0,0:0:0:0:
448,192,94101,1,0,0:0:0:0:
64,192,94143,1,0,0:0:0:0:
320,192,94226,1,0,0:0:0:0:
448,192,94309,1,0,0:0:0:0:
64,192,94309,1,0,0:0:0:0:
320,192,94393,1,0,0:0:0:0:
192,192,94393,1,0,0:0:0:0:
448,192,94559,1,0,0:0:0:0:
64,192,94559,1,0,0:0:0:0:
192,192,94643,1,0,0:0:0:0:
448,192,94726,1,0,0:0:0:0:
64,192,94726,1,0,0:0:0:0:
448,192,94809,1,0,0:0:0:0:
192,192,94893,1,0,0:0:0:0:
64,192,94893,1,0,0:0:0:0:
448,192,94976,1,0,0:0:0:0:
320,192,95059,1,0,0:0:0:0:
192,192,95059,1,0,0:0:0:0:
320,192,95143,1,0,0:0:0:0:
64,192,95143,1,0,0:0:0:0:
448,192,95226,1,0,0:0:0:0:
192,192,95226,1,0,0:0:0:0:
64,192,95309,1,0,0:0:0:0:
448,192,95393,1,0,0:0:0:0:
320,192,95393,1,0,0:0:0:0:
192,192,95476,1,0,0:0:0:0:
448,192,95559,1,0,0:0:0:0:
64,192,95559,1,0,0:0:0:0:
192,192,95726,1,0,0:0:0:0:
64,192,95726,1,0,0:0:0:0:
320,192,95809,1,0,0:0:0:0:
448,192,95893,1,0,0:0:0:0:
192,192,95893,1,0,0:0:0:0:
448,192,96059,1,0,0:0:0:0:
64,192,96059,1,0,0:0:0:0:
448,192,96143,1,0,0:0:0:0:
192,192,96143,1,0,0:0:0:0:
448,192,96309,1,0,0:0:0:0:
192,192,96309,1,0,0:0:0:0:
192,192,96393,1,0,0:0:0:0:
64,192,96393,1,0,0:0:0:0:
448,192,96434,1,0,0:0:0:0:
320,192,96476,1,0,0:0:0:0:
64,192,96518,1,0,0:0:0:0:
448,192,96559,1,0,0:0:0:0:
192,192,96559,1,0,0:0:0:0:
448,192,96643,1,0,0:0:0:0:
192,192,96726,1,0,0:0:0:0:
64,192,96726,1,0,0:0:0:0:
448,192,96893,1,0,0:0:0:0:
320,192,96893,1,0,0:0:0:0:
320,192,96976,1,0,0:0:0:0:
192,192,96976,1,0,0:0:0:0:
448,192,97059,1,0,0:0:0:0:
64,192,97059,1,0,0:0:0:0:
320,192,97226,1,0,0:0:0:0:
192,192,97226,1,0,0:0:0:0:
192,192,97309,1,0,0:0:0:0:
64,192,97309,1,0,0:0:0:0:
448,192,97393,1,0,0:0:0:0:
320,192,97393,1,0,0:0:0:0:
448,192,97476,1,0,0:0:0:0:
64,192,97476,1,0,0:0:0:0:
448,192,97643,1,0,0:0:0:0:
64,192,97643,1,0,0:0:0:0:
192,192,97726,1,0,0:0:0:0:
64,192,97726,1,0,0:0:0:0:
448,192,97893,1,0,0:0:0:0:
192,192,97893,1,0,0:0:0:0:
64,192,97976,1,0,0:0:0:0:
448,192,98059,1,0,0:0:0:0:
320,192,98059,1,0,0:0:0:0:
192,192,98143,1,0,0:0:0:0:
320,192,98226,1,0,0:0:0:0:
64,192,98226,1,0,0:0:0:0:
448,192,98309,1,0,0:0:0:0:
320,192,98309,1,0,0:0:0:0:
192,192,98393,1,0,0:0:0:0:
64,192,98393,1,0,0:0:0:0:
448,192,98434,1,0,0:0:0:0:
320,192,98476,1,0,0:0:0:0:
192,192,98559,1,0,0:0:0:0:
64,192,98559,1,0,0:0:0:0:
320,192,98643,1,0,0:0:0:0:
448,192,98650,1,0,0:0:0:0:
192,192,98726,1,0,0:0:0:0:
320,192,98734,1,0,0:0:0:0:
448,192,98809,1,0,0:0:0:0:
64,192,98809,1,0,0:0:0:0:
320,192,98893,1,0,0:0:0:0:
192,192,98900,1,0,0:0:0:0:
64,192,98976,1,0,0:0:0:0:
192,192,98984,1,0,0:0:0:0:
448,192,99059,1,0,0:0:0:0:
320,192,99143,1,0,0:0:0:0:
64,192,99143,1,0,0:0:0:0:
448,192,99226,1,0,0:0:0:0:
320,192,99226,1,0,0:0:0:0:
192,192,99309,1,0,0:0:0:0:
320,192,99393,1,0,0:0:0:0:
448,192,99434,1,0,0:0:0:0:
192,192,99476,1,0,0:0:0:0:
64,192,99476,1,0,0:0:0:0:
448,192,99643,1,0,0:0:0:0:
64,192,99643,1,0,0:0:0:0:
320,192,99726,1,0,0:0:0:0:
192,192,99726,1,0,0:0:0:0:
320,192,99893,1,0,0:0:0:0:
192,192,99893,1,0,0:0:0:0:
448,192,99948,1,0,0:0:0:0:
320,192,100004,1,0,0:0:0:0:
192,192,100059,1,0,0:0:0:0:
64,192,100059,1,0,0:0:0:0:
320,192,100226,1,0,0:0:0:0:
64,192,100226,1,0,0:0:0:0:
192,192,100268,1,0,0:0:0:0:
448,192,100309,1,0,0:0:0:0:
320,192,100393,1,0,0:0:0:0:
192,192,100393,1,0,0:0:0:0:
448,192,100559,1,0,0:0:0:0:
320,192,100559,1,0,0:0:0:0:
448,192,100726,1,0,0:0:0:0:
192,192,100726,1,0,0:0:0:0:
64,192,100768,1,0,0:0:0:0:
320,192,100809,1,0,0:0:0:0:
448,192,100851,1,0,0:0:0:0:
192,192,100893,1,0,0:0:0:0:
64,192,100893,1,0,0:0:0:0:
64,192,100976,1,0,0:0:0:0:
320,192,101309,1,0,0:0:0:0:
192,192,101309,1,0,0:0:0:0:
448,192,101393,1,0,0:0:0:0:
192,192,101476,1,0,0:0:0:0:
64,192,101559,1,0,0:0:0:0:
448,192,101643,1,0,0:0:0:0:
192,192,101726,1,0,0:0:0:0:
320,192,101768,1,0,0:0:0:0:
64,192,101809,1,0,0:0:0:0:
448,192,101893,1,0,0:0:0:0:
320,192,101893,1,0,0:0:0:0:
192,192,101976,1,0,0:0:0:0:
320,192,102059,1,0,0:0:0:0:
64,192,102059,1,0,0:0:0:0:
448,192,102143,1,0,0:0:0:0:
192,192,102226,1,0,0:0:0:0:
64,192,102226,1,0,0:0:0:0:
320,192,102309,1,0,0:0:0:0:
192,192,102309,1,0,0:0:0:0:
448,192,102393,1,0,0:0:0:0:
64,192,102393,1,0,0:0:0:0:
448,192,102559,1,0,0:0:0:0:
64,192,102559,1,0,0:0:0:0:
192,192,102643,1,0,0:0:0:0:
448,192,102726,1,0,0:0:0:0:
320,192,102726,1,0,0:0:0:0:
320,192,102809,1,0,0:0:0:0:
448,192,102893,1,0,0:0:0:0:
64,192,102893,1,0,0:0:0:0:
192,192,102976,1,0,0:0:0:0:
320,192,103059,1,0,0:0:0:0:
64,192,103059,1,0,0:0:0:0:
64,192,103143,1,0,0:0:0:0:
320,192,103226,1,0,0:0:0:0:
448,192,103309,1,0,0:0:0:0:
64,192,103309,1,0,0:0:0:0:
320,192,103393,1,0,0:0:0:0:
192,192,103393,1,0,0:0:0:0:
448,192,103476,1,0,0:0:0:0:
64,192,103559,1,0,0:0:0:0:
448,192,103726,1,0,0:0:0:0:
64,192,103726,1,0,0:0:0:0:
320,192,103768,1,0,0:0:0:0:
192,192,103809,1,0,0:0:0:0:
448,192,103893,1,0,0:0:0:0:
320,192,103893,1,0,0:0:0:0:
64,192,103976,1,0,0:0:0:0:
448,192,104059,1,0,0:0:0:0:
192,192,104059,1,0,0:0:0:0:
320,192,104115,1,0,0:0:0:0:
64,192,104171,1,0,0:0:0:0:
320,192,104226,1,0,0:0:0:0:
192,192,104226,1,0,0:0:0:0:
448,192,104309,1,0,0:0:0:0:
192,192,104393,1,0,0:0:0:0:
64,192,104393,1,0,0:0:0:0:
192,192,104476,1,0,0:0:0:0:
64,192,104476,1,0,0:0:0:0:
448,192,104559,1,0,0:0:0:0:
320,192,104559,1,0,0:0:0:0:
448,192,104726,1,0,0:0:0:0:
192,192,104726,1,0,0:0:0:0:
192,192,104893,1,0,0:0:0:0:
448,192,104976,1,0,0:0:0:0:
64,192,104976,1,0,0:0:0:0:
320,192,105059,1,0,0:0:0:0:
192,192,105059,1,0,0:0:0:0:
448,192,105226,1,0,0:0:0:0:
64,192,105226,1,0,0:0:0:0:
448,192,105393,1,0,0:0:0:0:
64,192,105393,1,0,0:0:0:0:
320,192,105476,1,0,0:0:0:0:
192,192,105559,1,0,0:0:0:0:
64,192,105559,1,0,0:0:0:0:
320,192,105615,1,0,0:0:0:0:
64,192,105671,1,0,0:0:0:0:
448,192,105726,1,0,0:0:0:0:
192,192,105726,1,0,0:0:0:0:
448,192,105809,1,0,0:0:0:0:
320,192,105809,1,0,0:0:0:0:
192,192,105893,1,0,0:0:0:0:
64,192,105893,1,0,0:0:0:0:
448,192,105948,1,0,0:0:0:0:
320,192,106004,1,0,0:0:0:0:
192,192,106059,1,0,0:0:0:0:
64,192,106059,1,0,0:0:0:0:
320,192,106115,1,0,0:0:0:0:
448,192,106171,1,0,0:0:0:0:
320,192,106226,1,0,0:0:0:0:
192,192,106226,1,0,0:0:0:0:
448,192,106393,1,0,0:0:0:0:
64,192,106393,1,0,0:0:0:0:
448,192,106476,1,0,0:0:0:0:
192,192,106559,1,0,0:0:0:0:
64,192,106559,1,0,0:0:0:0:
320,192,106726,1,0,0:0:0:0:
192,192,106726,1,0,0:0:0:0:
192,192,106809,1,0,0:0:0:0:
64,192,106809,1,0,0:0:0:0:
320,192,106893,1,0,0:0:0:0:
448,192,106976,1,0,0:0:0:0:
64,192,106976,1,0,0:0:0:0:
448,192,107059,1,0,0:0:0:0:
320,192,107059,1,0,0:0:0:0:
64,192,107101,1,0,0:0:0:0:
192,192,107143,1,0,0:0:0:0:
448,192,107184,1,0,0:0:0:0:
320,192,107226,1,0,0:0:0:0:
64,192,107226,1,0,0:0:0:0:
192,192,107309,1,0,0:0:0:0:
448,192,107393,1,0,0:0:0:0:
320,192,107393,1,0,0:0:0:0:
192,192,107476,1,0,0:0:0:0:
448,192,107559,1,0,0:0:0:0:
64,192,107559,1,0,0:0:0:0:
192,192,107643,1,0,0:0:0:0:
64,192,107643,1,0,0:0:0:0:
448,192,107726,1,0,0:0:0:0:
320,192,107726,1,0,0:0:0:0:
320,192,107893,1,0,0:0:0:0:
448,192,107976,1,0,0:0:0:0:
64,192,107976,1,0,0:0:0:0:
320,192,108059,1,0,0:0:0:0:
192,192,108059,1,0,0:0:0:0:
320,192,108143,1,0,0:0:0:0:
448,192,108559,1,0,0:0:0:0:
192,192,108559,1,0,0:0:0:0:
320,192,108643,1,0,0:0:0:0:
64,192,108726,1,0,0:0:0:0:
320,192,108900,1,0,0:0:0:0:
192,192,108900,1,0,0:0:0:0:
192,192,108984,1,0,0:0:0:0:
448,192,109067,1,0,0:0:0:0:
64,192,109067,1,0,0:0:0:0:
320,192,109150,1,0,0:0:0:0:
192,192,109226,1,0,0:0:0:0:
64,192,109226,1,0,0:0:0:0:
192,192,109393,1,0,0:0:0:0:
448,192,109476,1,0,0:0:0:0:
64,192,109476,1,0,0:0:0:0:
192,192,109559,1,0,0:0:0:0:
448,192,109643,1,0,0:0:0:0:
320,192,109643,1,0,0:0:0:0:
192,192,109726,1,0,0:0:0:0:
64,192,109726,1,0,0:0:0:0:
192,192,109809,1,0,0:0:0:0:
64,192,109809,1,0,0:0:0:0:
448,192,109893,1,0,0:0:0:0:
320,192,109893,1,0,0:0:0:0:
192,192,109976,1,0,0:0:0:0:
448,192,110059,1,0,0:0:0:0:
64,192,110059,1,0,0:0:0:0:
192,192,110101,1,0,0:0:0:0:
320,192,110143,1,0,0:0:0:0:
64,192,110226,1,0,0:0:0:0:
448,192,110309,1,0,0:0:0:0:
320,192,110309,1,0,0:0:0:0:
192,192,110393,1,0,0:0:0:0:
448,192,110559,1,0,0:0:0:0:
320,192,110559,1,0,0:0:0:0:
192,192,110643,1,0,0:0:0:0:
64,192,110643,1,0,0:0:0:0:
448,192,110809,1,0,0:0:0:0:
320,192,110809,1,0,0:0:0:0:
64,192,110893,1,0,0:0:0:0:
192,192,110976,1,0,0:0:0:0:
320,192,111059,1,0,0:0:0:0:
192,192,111059,1,0,0:0:0:0:
448,192,111143,1,0,0:0:0:0:
64,192,111143,1,0,0:0:0:0:
448,192,111226,1,0,0:0:0:0:
320,192,111226,1,0,0:0:0:0:
192,192,111309,1,0,0:0:0:0:
448,192,111393,1,0,0:0:0:0:
320,192,111393,1,0,0:0:0:0:
64,192,111476,1,0,0:0:0:0:
448,192,111559,1,0,0:0:0:0:
320,192,111559,1,0,0:0:0:0:
192,192,111643,1,0,0:0:0:0:
448,192,111726,1,0,0:0:0:0:
64,192,111726,1,0,0:0:0:0:
320,192,111768,1,0,0:0:0:0:
192,192,111809,1,0,0:0:0:0:
320,192,111893,1,0,0:0:0:0:
64,192,111893,1,0,0:0:0:0:
448,192,111976,1,0,0:0:0:0:
192,192,112059,1,0,0:0:0:0:
64,192,112059,1,0,0:0:0:0:
320,192,112143,1,0,0:0:0:0:
448,192,112226,1,0,0:0:0:0:
64,192,112226,1,0,0:0:0:0:
448,192,112309,1,0,0:0:0:0:
192,192,112309,1,0,0:0:0:0:
320,192,112393,1,0,0:0:0:0:
64,192,112434,1,0,0:0:0:0:
448,192,112476,1,0,0:0:0:0:
320,192,112518,1,0,0:0:0:0:
192,192,112559,1,0,0:0:0:0:
64,192,112559,1,0,0:0:0:0:
448,192,112643,1,0,0:0:0:0:
192,192,112726,1,0,0:0:0:0:
64,192,112726,1,0,0:0:0:0:
320,192,112809,1,0,0:0:0:0:
448,192,112893,1,0,0:0:0:0:
64,192,112893,1,0,0:0:0:0:
448,192,112976,1,0,0:0:0:0:
320,192,112976,1,0,0:0:0:0:
192,192,113059,1,0,0:0:0:0:
64,192,113059,1,0,0:0:0:0:
448,192,113226,1,0,0:0:0:0:
320,192,113309,1,0,0:0:0:0:
192,192,113309,1,0,0:0:0:0:
448,192,113393,1,0,0:0:0:0:
64,192,113393,1,0,0:0:0:0:
448,192,113476,1,0,0:0:0:0:
320,192,113559,1,0,0:0:0:0:
64,192,113559,1,0,0:0:0:0:
192,192,113643,1,0,0:0:0:0:
448,192,113726,1,0,0:0:0:0:
320,192,113726,1,0,0:0:0:0:
64,192,113768,1,0,0:0:0:0:
320,192,113809,1,0,0:0:0:0:
448,192,113893,1,0,0:0:0:0:
192,192,113893,1,0,0:0:0:0:
64,192,113976,1,0,0:0:0:0:
320,192,114059,1,0,0:0:0:0:
192,192,114143,1,0,0:0:0:0:
320,192,114226,1,0,0:0:0:0:
192,192,114226,1,0,0:0:0:0:
448,192,114393,1,0,0:0:0:0:
64,192,114393,1,0,0:0:0:0:
320,192,114434,1,0,0:0:0:0:
192,192,114559,1,0,0:0:0:0:
64,192,114559,1,0,0:0:0:0:
448,192,114643,1,0,0:0:0:0:
64,192,114726,1,0,0:0:0:0:
320,192,114768,1,0,0:0:0:0:
448,192,114809,1,0,0:0:0:0:
192,192,114851,1,0,0:0:0:0:
320,192,114893,1,0,0:0:0:0:
64,192,114893,1,0,0:0:0:0:
448,192,115059,1,0,0:0:0:0:
320,192,115059,1,0,0:0:0:0:
448,192,115143,1,0,0:0:0:0:
320,192,115143,1,0,0:0:0:0:
192,192,115226,1,0,0:0:0:0:
64,192,115226,1,0,0:0:0:0:
448,192,115393,1,0,0:0:0:0:
64,192,115393,1,0,0:0:0:0:
320,192,115559,1,0,0:0:0:0:
192,192,115559,1,0,0:0:0:0:
320,192,115643,1,0,0:0:0:0:
192,192,115726,1,0,0:0:0:0:
64,192,115726,1,0,0:0:0:0:
320,192,115809,1,0,0:0:0:0:
192,192,115809,1,0,0:0:0:0:
448,192,115893,1,0,0:0:0:0:
64,192,115893,1,0,0:0:0:0:
320,192,115976,1,0,0:0:0:0:
448,192,116059,1,0,0:0:0:0:
192,192,116059,1,0,0:0:0:0:
448,192,116143,1,0,0:0:0:0:
320,192,116143,1,0,0:0:0:0:
192,192,116226,1,0,0:0:0:0:
64,192,116226,1,0,0:0:0:0:
320,192,116309,1,0,0:0:0:0:
448,192,116393,1,0,0:0:0:0:
64,192,116393,1,0,0:0:0:0:
64,192,116476,1,0,0:0:0:0:
448,192,116559,1,0,0:0:0:0:
320,192,116559,1,0,0:0:0:0:
192,192,116643,1,0,0:0:0:0:
448,192,116726,1,0,0:0:0:0:
320,192,116726,1,0,0:0:0:0:
64,192,116809,1,0,0:0:0:0:
320,192,116893,1,0,0:0:0:0:
192,192,116893,1,0,0:0:0:0:
448,192,116976,1,0,0:0:0:0:
192,192,116976,1,0,0:0:0:0:
320,192,117059,1,0,0:0:0:0:
64,192,117059,1,0,0:0:0:0:
448,192,117115,1,0,0:0:0:0:
320,192,117171,1,0,0:0:0:0:
192,192,117226,1,0,0:0:0:0:
64,192,117226,1,0,0:0:0:0:
448,192,117309,1,0,0:0:0:0:
320,192,117393,1,0,0:0:0:0:
64,192,117393,1,0,0:0:0:0:
64,192,117476,1,0,0:0:0:0:
448,192,117559,1,0,0:0:0:0:
320,192,117559,1,0,0:0:0:0:
192,192,117643,1,0,0:0:0:0:
448,192,117726,1,0,0:0:0:0:
64,192,117726,1,0,0:0:0:0:
192,192,117893,1,0,0:0:0:0:
64,192,117893,1,0,0:0:0:0:
320,192,117976,1,0,0:0:0:0:
448,192,118059,1,0,0:0:0:0:
64,192,118059,1,0,0:0:0:0:
320,192,118143,1,0,0:0:0:0:
192,192,118143,1,0,0:0:0:0:
448,192,118226,1,0,0:0:0:0:
64,192,118226,1,0,0:0:0:0:
192,192,118309,1,0,0:0:0:0:
64,192,118309,1,0,0:0:0:0:
448,192,118393,1,0,0:0:0:0:
320,192,118393,1,0,0:0:0:0:
320,192,118476,1,0,0:0:0:0:
448,192,118518,1,0,0:0:0:0:
320,192,118643,1,0,0:0:0:0:
64,192,118643,1,0,0:0:0:0:
320,192,118726,1,0,0:0:0:0:
192,192,118768,1,0,0:0:0:0:
64,192,118809,1,0,0:0:0:0:
320,192,118893,1,0,0:0:0:0:
192,192,118893,1,0,0:0:0:0:
448,192,119226,1,0,0:0:0:0:
320,192,119226,1,0,0:0:0:0:
192,192,119309,1,0,0:0:0:0:
64,192,119393,1,0,0:0:0:0:
320,192,119476,1,0,0:0:0:0:
192,192,119476,1,0,0:0:0:0:
448,192,119559,1,0,0:0:0:0:
320,192,119559,1,0,0:0:0:0:
192,192,119643,1,0,0:0:0:0:
64,192,119726,1,0,0:0:0:0:
320,192,119809,1,0,0:0:0:0:
192,192,119809,1,0,0:0:0:0:
448,192,119893,1,0,0:0:0:0:
320,192,119893,1,0,0:0:0:0:
64,192,119976,1,0,0:0:0:0:
320,192,120059,1,0,0:0:0:0:
448,192,120143,1,0,0:0:0:0:
192,192,120143,1,0,0:0:0:0:
64,192,120226,1,0,0:0:0:0:
320,192,120309,1,0,0:0:0:0:
192,192,120309,1,0,0:0:0:0:
448,192,120393,1,0,0:0:0:0:
320,192,120448,1,0,0:0:0:0:
192,192,120504,1,0,0:0:0:0:
448,192,120559,1,0,0:0:0:0:
320,192,120559,1,0,0:0:0:0:
64,192,120643,1,0,0:0:0:0:
320,192,120726,1,0,0:0:0:0:
192,192,120726,1,0,0:0:0:0:
448,192,120768,1,0,0:0:0:0:
64,192,120809,1,0,0:0:0:0:
320,192,120893,1,0,0:0:0:0:
192,192,120976,1,0,0:0:0:0:
64,192,120976,1,0,0:0:0:0:
448,192,121059,1,0,0:0:0:0:
320,192,121059,1,0,0:0:0:0:
448,192,121143,1,0,0:0:0:0:
320,192,121226,1,0,0:0:0:0:
192,192,121226,1,0,0:0:0:0:
448,192,121309,1,0,0:0:0:0:
64,192,121309,1,0,0:0:0:0:
320,192,121393,1,0,0:0:0:0:
192,192,121476,1,0,0:0:0:0:
64,192,121476,1,0,0:0:0:0:
448,192,121559,1,0,0:0:0:0:
320,192,121643,1,0,0:0:0:0:
320,192,121726,1,0,0:0:0:0:
192,192,121726,1,0,0:0:0:0:
448,192,121809,1,0,0:0:0:0:
64,192,121809,1,0,0:0:0:0:
320,192,121893,1,0,0:0:0:0:
192,192,121893,1,0,0:0:0:0:
448,192,121976,1,0,0:0:0:0:
192,192,121976,1,0,0:0:0:0:
320,192,122059,1,0,0:0:0:0:
64,192,122059,1,0,0:0:0:0:
192,192,122226,1,0,0:0:0:0:
64,192,122226,1,0,0:0:0:0:
448,192,122393,1,0,0:0:0:0:
64,192,122393,1,0,0:0:0:0:
320,192,122559,1,0,0:0:0:0:
192,192,122559,1,0,0:0:0:0:
320,192,122726,1,0,0:0:0:0:
192,192,122726,1,0,0:0:0:0:
448,192,122809,1,0,0:0:0:0:
320,192,122809,1,0,0:0:0:0:
192,192,122893,1,0,0:0:0:0:
64,192,122893,1,0,0:0:0:0:
320,192,123059,1,0,0:0:0:0:
448,192,123115,1,0,0:0:0:0:
320,192,123171,1,0,0:0:0:0:
192,192,123226,1,0,0:0:0:0:
64,192,123226,1,0,0:0:0:0:
448,192,123309,1,0,0:0:0:0:
192,192,123393,1,0,0:0:0:0:
64,192,123393,1,0,0:0:0:0:
320,192,123476,1,0,0:0:0:0:
448,192,123559,1,0,0:0:0:0:
64,192,123559,1,0,0:0:0:0:
448,192,123643,1,0,0:0:0:0:
192,192,123643,1,0,0:0:0:0:
320,192,123726,1,0,0:0:0:0:
64,192,123726,1,0,0:0:0:0:
320,192,123893,1,0,0:0:0:0:
192,192,123893,1,0,0:0:0:0:
64,192,123976,1,0,0:0:0:0:
448,192,124059,1,0,0:0:0:0:
320,192,124059,1,0,0:0:0:0:
448,192,124143,1,0,0:0:0:0:
192,192,124226,1,0,0:0:0:0:
64,192,124226,1,0,0:0:0:0:
64,192,124309,1,0,0:0:0:0:
192,192,124393,1,0,0:0:0:0:
320,192,124434,1,0,0:0:0:0:
64,192,124476,1,0,0:0:0:0:
448,192,124559,1,0,0:0:0:0:
192,192,124559,1,0,0:0:0:0:
320,192,124726,1,0,0:0:0:0:
192,192,124726,1,0,0:0:0:0:
448,192,124893,1,0,0:0:0:0:
320,192,124893,1,0,0:0:0:0:
64,192,124976,1,0,0:0:0:0:
320,192,125018,1,0,0:0:0:0:
64,192,125059,1,0,0:0:0:0:
448,192,125101,1,0,0:0:0:0:
320,192,125143,1,0,0:0:0:0:
192,192,125143,1,0,0:0:0:0:
448,192,125226,1,0,0:0:0:0:
64,192,125226,1,0,0:0:0:0:
192,192,125309,1,0,0:0:0:0:
448,192,125393,1,0,0:0:0:0:
320,192,125393,1,0,0:0:0:0:
64,192,125434,1,0,0:0:0:0:
192,192,125476,1,0,0:0:0:0:
448,192,125518,1,0,0:0:0:0:
320,192,125559,1,0,0:0:0:0:
64,192,125559,1,0,0:0:0:0:
192,192,125726,1,0,0:0:0:0:
64,192,125726,1,0,0:0:0:0:
192,192,125809,1,0,0:0:0:0:
64,192,125809,1,0,0:0:0:0:
448,192,125893,1,0,0:0:0:0:
320,192,125893,1,0,0:0:0:0:
448,192,126059,1,0,0:0:0:0:
64,192,126059,1,0,0:0:0:0:
320,192,126226,1,0,0:0:0:0:
192,192,126226,1,0,0:0:0:0:
320,192,126309,1,0,0:0:0:0:
192,192,126393,1,0,0:0:0:0:
64,192,126393,1,0,0:0:0:0:
320,192,126476,1,0,0:0:0:0:
192,192,126476,1,0,0:0:0:0:
448,192,126559,1,0,0:0:0:0:
64,192,126559,1,0,0:0:0:0:
320,192,126643,1,0,0:0:0:0:
448,192,126726,1,0,0:0:0:0:
192,192,126726,1,0,0:0:0:0:
448,192,126809,1,0,0:0:0:0:
320,192,126809,1,0,0:0:0:0:
192,192,126893,1,0,0:0:0:0:
64,192,126893,1,0,0:0:0:0:
320,192,126976,1,0,0:0:0:0:
448,192,127059,1,0,0:0:0:0:
64,192,127059,1,0,0:0:0:0:
64,192,127143,1,0,0:0:0:0:
320,192,127226,1,0,0:0:0:0:
192,192,127234,1,0,0:0:0:0:
448,192,127309,1,0,0:0:0:0:
320,192,127393,1,0,0:0:0:0:
192,192,127400,1,0,0:0:0:0:
64,192,127476,1,0,0:0:0:0:
448,192,127559,1,0,0:0:0:0:
192,192,127559,1,0,0:0:0:0:
320,192,127643,1,0,0:0:0:0:
448,192,127726,1,0,0:0:0:0:
64,192,127726,1,0,0:0:0:0:
320,192,127809,1,0,0:0:0:0:
192,192,127893,1,0,0:0:0:0:
64,192,127893,1,0,0:0:0:0:
320,192,128059,1,0,0:0:0:0:
192,192,128059,1,0,0:0:0:0:
448,192,128143,1,0,0:0:0:0:
320,192,128226,1,0,0:0:0:0:
64,192,128226,1,0,0:0:0:0:
192,192,128393,1,0,0:0:0:0:
64,192,128393,1,0,0:0:0:0:
448,192,128559,1,0,0:0:0:0:
320,192,128559,1,0,0:0:0:0:
64,192,128643,1,0,0:0:0:0:
320,192,128726,1,0,0:0:0:0:
192,192,128726,1,0,0:0:0:0:
192,192,128893,1,0,0:0:0:0:
64,192,128893,1,0,0:0:0:0:
448,192,128976,1,0,0:0:0:0:
192,192,128976,1,0,0:0:0:0:
320,192,129059,1,0,0:0:0:0:
64,192,129059,1,0,0:0:0:0:
320,192,129226,1,0,0:0:0:0:
192,192,129226,1,0,0:0:0:0:
64,192,129309,1,0,0:0:0:0:
448,192,129393,1,0,0:0:0:0:
192,192,129393,1,0,0:0:0:0:
448,192,129476,1,0,0:0:0:0:
320,192,129504,1,0,0:0:0:0:
192,192,129559,1,0,0:0:0:0:
64,192,129559,1,0,0:0:0:0:
320,192,129726,1,0,0:0:0:0:
64,192,129726,1,0,0:0:0:0:
448,192,129782,1,0,0:0:0:0:
192,192,129837,1,0,0:0:0:0:
448,192,129893,1,0,0:0:0:0:
320,192,129893,1,0,0:0:0:0:
192,192,129976,1,0,0:0:0:0:
64,192,129976,1,0,0:0:0:0:
448,192,130059,1,0,0:0:0:0:
320,192,130226,1,0,0:0:0:0:
192,192,130226,1,0,0:0:0:0:
448,192,130309,1,0,0:0:0:0:
320,192,130393,1,0,0:0:0:0:
64,192,130393,1,0,0:0:0:0:
192,192,130476,1,0,0:0:0:0:
448,192,130559,1,0,0:0:0:0:
320,192,130559,1,0,0:0:0:0:
448,192,130809,1,0,0:0:0:0:
64,192,130809,1,0,0:0:0:0:
192,192,130893,1,0,0:0:0:0:
448,192,130976,1,0,0:0:0:0:
320,192,130976,1,0,0:0:0:0:
192,192,131059,1,0,0:0:0:0:
64,192,131059,1,0,0:0:0:0:
192,192,131143,1,0,0:0:0:0:
64,192,131143,1,0,0:0:0:0:
448,192,131226,1,0,0:0:0:0:
320,192,131226,1,0,0:0:0:0:
448,192,131393,1,0,0:0:0:0:
192,192,131393,1,0,0:0:0:0:
320,192,131434,1,0,0:0:0:0:
64,192,131476,1,0,0:0:0:0:
320,192,131559,1,0,0:0:0:0:
448,192,131643,1,0,0:0:0:0:
192,192,131643,1,0,0:0:0:0:
64,192,131726,1,0,0:0:0:0:
320,192,131809,1,0,0:0:0:0:
192,192,131809,1,0,0:0:0:0:
448,192,131893,1,0,0:0:0:0:
192,192,131893,1,0,0:0:0:0:
64,192,131976,1,0,0:0:0:0:
320,192,132059,1,0,0:0:0:0:
192,192,132059,1,0,0:0:0:0:
320,192,132226,1,0,0:0:0:0:
64,192,132226,1,0,0:0:0:0:
448,192,132309,1,0,0:0:0:0:
320,192,132393,1,0,0:0:0:0:
192,192,132393,1,0,0:0:0:0:
64,192,132476,1,0,0:0:0:0:
448,192,132559,1,0,0:0:0:0:
320,192,132559,1,0,0:0:0:0:
64,192,132643,1,0,0:0:0:0:
448,192,132726,1,0,0:0:0:0:
192,192,132726,1,0,0:0:0:0:
448,192,132809,1,0,0:0:0:0:
192,192,132893,1,0,0:0:0:0:
64,192,132893,1,0,0:0:0:0:
320,192,132976,1,0,0:0:0:0:
192,192,132976,1,0,0:0:0:0:
448,192,133059,1,0,0:0:0:0:
64,192,133059,1,0,0:0:0:0:
448,192,133143,1,0,0:0:0:0:
320,192,133143,1,0,0:0:0:0:
192,192,133226,1,0,0:0:0:0:
64,192,133226,1,0,0:0:0:0:
448,192,133309,1,0,0:0:0:0:
320,192,133393,1,0,0:0:0:0:
192,192,133393,1,0,0:0:0:0:
448,192,133476,1,0,0:0:0:0:
192,192,133559,1,0,0:0:0:0:
64,192,133559,1,0,0:0:0:0:
320,192,133601,1,0,0:0:0:0:
448,192,133643,1,0,0:0:0:0:
64,192,133684,1,0,0:0:0:0:
192,192,133726,1,0,0:0:0:0:
448,192,133809,1,0,0:0:0:0:
320,192,133851,1,0,0:0:0:0:
192,192,133893,1,0,0:0:0:0:
64,192,133893,1,0,0:0:0:0:
320,192,133976,1,0,0:0:0:0:
448,192,134059,1,0,0:0:0:0:
192,192,134059,1,0,0:0:0:0:
64,192,134143,1,0,0:0:0:0:
448,192,134226,1,0,0:0:0:0:
320,192,134226,1,0,0:0:0:0:
320,192,134309,1,0,0:0:0:0:
192,192,134309,1,0,0:0:0:0:
448,192,134393,1,0,0:0:0:0:
64,192,134393,1,0,0:0:0:0:
448,192,134643,1,0,0:0:0:0:
320,192,134643,1,0,0:0:0:0:
320,192,134726,1,0,0:0:0:0:
64,192,134809,1,0,0:0:0:0:
448,192,134893,1,0,0:0:0:0:
192,192,134893,1,0,0:0:0:0:
64,192,134976,1,0,0:0:0:0:
320,192,135059,1,0,0:0:0:0:
192,192,135059,1,0,0:0:0:0:
448,192,135101,1,0,0:0:0:0:
320,192,135143,1,0,0:0:0:0:
192,192,135226,1,0,0:0:0:0:
64,192,135226,1,0,0:0:0:0:
320,192,135309,1,0,0:0:0:0:
448,192,135393,1,0,0:0:0:0:
192,192,135393,1,0,0:0:0:0:
64,192,135476,1,0,0:0:0:0:
448,192,135559,1,0,0:0:0:0:
320,192,135559,1,0,0:0:0:0:
192,192,135643,1,0,0:0:0:0:
320,192,135726,1,0,0:0:0:0:
64,192,135726,1,0,0:0:0:0:
320,192,135809,1,0,0:0:0:0:
192,192,135893,1,0,0:0:0:0:
64,192,135893,1,0,0:0:0:0:
448,192,136059,1,0,0:0:0:0:
192,192,136059,1,0,0:0:0:0:
320,192,136143,1,0,0:0:0:0:
64,192,136226,1,0,0:0:0:0:
192,192,136234,1,0,0:0:0:0:
64,192,136309,1,0,0:0:0:0:
192,192,136317,1,0,0:0:0:0:
448,192,136393,1,0,0:0:0:0:
320,192,136393,1,0,0:0:0:0:
192,192,136448,1,0,0:0:0:0:
448,192,136504,1,0,0:0:0:0:
320,192,136559,1,0,0:0:0:0:
64,192,136559,1,0,0:0:0:0:
448,192,136726,1,0,0:0:0:0:
64,192,136726,1,0,0:0:0:0:
320,192,136893,1,0,0:0:0:0:
192,192,136893,1,0,0:0:0:0:
192,192,136976,1,0,0:0:0:0:
448,192,137059,1,0,0:0:0:0:
320,192,137059,1,0,0:0:0:0:
320,192,137143,1,0,0:0:0:0:
192,192,137143,1,0,0:0:0:0:
448,192,137226,1,0,0:0:0:0:
64,192,137226,1,0,0:0:0:0:
320,192,137309,1,0,0:0:0:0:
448,192,137393,1,0,0:0:0:0:
192,192,137393,1,0,0:0:0:0:
192,192,137476,1,0,0:0:0:0:
64,192,137476,1,0,0:0:0:0:
448,192,137559,1,0,0:0:0:0:
320,192,137559,1,0,0:0:0:0:
192,192,137643,1,0,0:0:0:0:
448,192,137726,1,0,0:0:0:0:
64,192,137726,1,0,0:0:0:0:
448,192,137809,1,0,0:0:0:0:
192,192,137893,1,0,0:0:0:0:
64,192,137893,1,0,0:0:0:0:
320,192,137976,1,0,0:0:0:0:
192,192,138059,1,0,0:0:0:0:
64,192,138059,1,0,0:0:0:0:
320,192,138143,1,0,0:0:0:0:
448,192,138226,1,0,0:0:0:0:
192,192,138226,1,0,0:0:0:0:
448,192,138309,1,0,0:0:0:0:
192,192,138393,1,0,0:0:0:0:
64,192,138393,1,0,0:0:0:0:
192,192,138476,1,0,0:0:0:0:
448,192,138559,1,0,0:0:0:0:
320,192,138559,1,0,0:0:0:0:
192,192,138643,1,0,0:0:0:0:
320,192,138726,1,0,0:0:0:0:
64,192,138726,1,0,0:0:0:0:
64,192,138809,1,0,0:0:0:0:
320,192,138893,1,0,0:0:0:0:
192,192,138893,1,0,0:0:0:0:
448,192,138976,1,0,0:0:0:0:
192,192,139059,1,0,0:0:0:0:
64,192,139059,1,0,0:0:0:0:
192,192,139143,1,0,0:0:0:0:
64,192,139184,1,0,0:0:0:0:
448,192,139226,1,0,0:0:0:0:
320,192,139226,1,0,0:0:0:0:
