osu file format v14

[General]
AudioFilename: Hymn (nightcore).ogg
AudioLeadIn: 1500
PreviewTime: 54025
Countdown: 0
SampleSet: None
StackLeniency: 0.7
Mode: 3
LetterboxInBreaks: 0
SpecialStyle: 0
WidescreenStoryboard: 0

[Editor]
DistanceSpacing: 0.8
BeatDivisor: 4
GridSize: 16
TimelineZoom: 1

[Metadata]
Title:Yolomania Vol. 3B
TitleUnicode:Yolomania Vol. 3B
Artist:Various
ArtistUnicode:Various
Creator:Leo137
Version:Tina Cousins (Gammer & G-Spencer Remix) - Hymn [18]
Source:
Tags:Stepmania yolo3b volume
BeatmapID:724291
BeatmapSetID:275645

[Difficulty]
HPDrainRate:8
CircleSize:4
OverallDifficulty:5.5
ApproachRate:9
SliderMultiplier:1.4
SliderTickRate:1

[Events]
//Background and Video events
0,0,"hymn.png",0,0
//Break Periods
//Storyboard Layer 0 (Background)
//Storyboard Layer 1 (Fail)
//Storyboard Layer 2 (Pass)
//Storyboard Layer 3 (Foreground)
//Storyboard Sound Samples

[TimingPoints]
455,279.013964648931,4,1,0,15,1,0


[HitObjects]
64,0,36,5,0,0:0:0:0:
192,0,82,1,0,0:0:0:0:
320,0,129,1,0,0:0:0:0:
448,0,175,1,0,0:0:0:0:
192,0,245,1,0,0:0:0:0:
320,0,385,1,0,0:0:0:0:
64,0,455,1,0,0:0:0:0:
448,0,455,128,0,873:0:0:0:0:
448,0,1013,1,0,0:0:0:0:
320,0,1571,128,0,1989:0:0:0:0:
320,0,2129,1,0,0:0:0:0:
192,0,2687,128,0,3105:0:0:0:0:
192,0,3245,1,0,0:0:0:0:
192,0,3524,1,0,0:0:0:0:
448,0,3803,128,0,4221:0:0:0:0:
448,0,4361,1,0,0:0:0:0:
320,0,4779,1,0,0:0:0:0:
320,0,4919,128,0,5337:0:0:0:0:
320,0,5477,1,0,0:0:0:0:
320,0,5756,1,0,0:0:0:0:
320,0,6035,128,0,6453:0:0:0:0:
448,0,7011,128,0,7290:0:0:0:0:
448,0,7430,128,0,7709:0:0:0:0:
64,0,7709,1,0,0:0:0:0:
64,0,7988,128,0,8267:0:0:0:0:
64,0,8406,128,0,8685:0:0:0:0:
64,0,8825,1,0,0:0:0:0:
320,0,9104,1,0,0:0:0:0:
192,0,9243,1,0,0:0:0:0:
64,0,9383,1,0,0:0:0:0:
448,0,9383,128,0,9801:0:0:0:0:
320,0,9941,1,0,0:0:0:0:
448,0,9941,1,0,0:0:0:0:
192,0,10499,1,0,0:0:0:0:
320,0,10499,128,0,10918:0:0:0:0:
64,0,11057,1,0,0:0:0:0:
320,0,11057,1,0,0:0:0:0:
320,0,11336,1,0,0:0:0:0:
192,0,11476,1,0,0:0:0:0:
64,0,11615,128,0,12034:0:0:0:0:
320,0,11615,1,0,0:0:0:0:
64,0,12173,1,0,0:0:0:0:
192,0,12173,1,0,0:0:0:0:
64,0,12452,1,0,0:0:0:0:
192,0,12452,1,0,0:0:0:0:
64,0,12731,1,0,0:0:0:0:
192,0,12731,128,0,13150:0:0:0:0:
64,0,13289,1,0,0:0:0:0:
192,0,13289,1,0,0:0:0:0:
192,0,13568,1,0,0:0:0:0:
64,0,13708,1,0,0:0:0:0:
448,0,13708,1,0,0:0:0:0:
192,0,13847,1,0,0:0:0:0:
448,0,13847,1,0,0:0:0:0:
320,0,13917,1,0,0:0:0:0:
192,0,13987,1,0,0:0:0:0:
64,0,14056,1,0,0:0:0:0:
448,0,14126,1,0,0:0:0:0:
192,0,14196,1,0,0:0:0:0:
320,0,14266,1,0,0:0:0:0:
448,0,14335,1,0,0:0:0:0:
64,0,14405,1,0,0:0:0:0:
192,0,14405,1,0,0:0:0:0:
448,0,14475,1,0,0:0:0:0:
320,0,14545,1,0,0:0:0:0:
192,0,14614,1,0,0:0:0:0:
64,0,14684,1,0,0:0:0:0:
448,0,14684,1,0,0:0:0:0:
192,0,14754,1,0,0:0:0:0:
320,0,14824,1,0,0:0:0:0:
448,0,14893,1,0,0:0:0:0:
64,0,14963,1,0,0:0:0:0:
192,0,14963,1,0,0:0:0:0:
320,0,15033,1,0,0:0:0:0:
192,0,15103,1,0,0:0:0:0:
320,0,15172,1,0,0:0:0:0:
192,0,15242,1,0,0:0:0:0:
320,0,15312,1,0,0:0:0:0:
192,0,15382,1,0,0:0:0:0:
320,0,15451,1,0,0:0:0:0:
192,0,15521,1,0,0:0:0:0:
320,0,15591,1,0,0:0:0:0:
448,0,15661,1,0,0:0:0:0:
64,0,15730,1,0,0:0:0:0:
192,0,15800,1,0,0:0:0:0:
320,0,15870,1,0,0:0:0:0:
64,0,15940,1,0,0:0:0:0:
448,0,15940,1,0,0:0:0:0:
192,0,16009,1,0,0:0:0:0:
320,0,16079,1,0,0:0:0:0:
448,0,16149,1,0,0:0:0:0:
320,0,16219,1,0,0:0:0:0:
192,0,16289,1,0,0:0:0:0:
64,0,16358,1,0,0:0:0:0:
448,0,16358,1,0,0:0:0:0:
192,0,16428,1,0,0:0:0:0:
320,0,16498,1,0,0:0:0:0:
192,0,16568,1,0,0:0:0:0:
64,0,16637,1,0,0:0:0:0:
448,0,16637,1,0,0:0:0:0:
320,0,16707,1,0,0:0:0:0:
192,0,16777,1,0,0:0:0:0:
320,0,16847,1,0,0:0:0:0:
64,0,16916,1,0,0:0:0:0:
448,0,16916,1,0,0:0:0:0:
192,0,16986,1,0,0:0:0:0:
320,0,17056,1,0,0:0:0:0:
448,0,17126,1,0,0:0:0:0:
64,0,17195,1,0,0:0:0:0:
192,0,17195,1,0,0:0:0:0:
64,0,17335,1,0,0:0:0:0:
448,0,17335,128,0,18172:0:0:0:0:
64,0,18311,1,0,0:0:0:0:
320,0,18311,1,0,0:0:0:0:
448,0,18311,1,0,0:0:0:0:
192,0,18451,1,0,0:0:0:0:
64,0,18590,1,0,0:0:0:0:
448,0,18590,1,0,0:0:0:0:
192,0,18730,1,0,0:0:0:0:
320,0,18730,1,0,0:0:0:0:
64,0,18869,1,0,0:0:0:0:
192,0,18869,1,0,0:0:0:0:
320,0,19009,1,0,0:0:0:0:
448,0,19009,1,0,0:0:0:0:
64,0,19148,1,0,0:0:0:0:
320,0,19148,1,0,0:0:0:0:
192,0,19288,1,0,0:0:0:0:
448,0,19288,1,0,0:0:0:0:
64,0,19427,1,0,0:0:0:0:
320,0,19567,1,0,0:0:0:0:
448,0,19567,1,0,0:0:0:0:
320,0,19706,1,0,0:0:0:0:
448,0,19706,1,0,0:0:0:0:
64,0,19846,1,0,0:0:0:0:
192,0,19985,1,0,0:0:0:0:
448,0,19985,1,0,0:0:0:0:
192,0,20125,1,0,0:0:0:0:
448,0,20125,1,0,0:0:0:0:
320,0,20264,1,0,0:0:0:0:
448,0,20264,1,0,0:0:0:0:
192,0,20404,1,0,0:0:0:0:
320,0,20404,1,0,0:0:0:0:
64,0,20543,1,0,0:0:0:0:
320,0,20683,1,0,0:0:0:0:
448,0,20683,1,0,0:0:0:0:
192,0,20822,1,0,0:0:0:0:
320,0,20822,1,0,0:0:0:0:
64,0,20962,1,0,0:0:0:0:
192,0,21101,1,0,0:0:0:0:
320,0,21101,1,0,0:0:0:0:
320,0,21241,1,0,0:0:0:0:
448,0,21241,1,0,0:0:0:0:
64,0,21381,1,0,0:0:0:0:
448,0,21381,1,0,0:0:0:0:
64,0,21520,1,0,0:0:0:0:
192,0,21520,1,0,0:0:0:0:
320,0,21660,1,0,0:0:0:0:
64,0,21799,1,0,0:0:0:0:
448,0,21799,1,0,0:0:0:0:
64,0,21939,1,0,0:0:0:0:
192,0,21939,1,0,0:0:0:0:
320,0,22078,1,0,0:0:0:0:
64,0,22218,1,0,0:0:0:0:
448,0,22218,1,0,0:0:0:0:
320,0,22357,1,0,0:0:0:0:
64,0,22497,1,0,0:0:0:0:
448,0,22497,1,0,0:0:0:0:
64,0,22636,1,0,0:0:0:0:
448,0,22636,1,0,0:0:0:0:
64,0,22776,1,0,0:0:0:0:
192,0,22776,1,0,0:0:0:0:
448,0,22776,1,0,0:0:0:0:
192,0,22915,1,0,0:0:0:0:
320,0,23055,1,0,0:0:0:0:
448,0,23055,1,0,0:0:0:0:
64,0,23194,1,0,0:0:0:0:
192,0,23194,1,0,0:0:0:0:
192,0,23334,1,0,0:0:0:0:
320,0,23334,1,0,0:0:0:0:
64,0,23473,1,0,0:0:0:0:
448,0,23473,1,0,0:0:0:0:
64,0,23613,1,0,0:0:0:0:
192,0,23613,1,0,0:0:0:0:
192,0,23752,1,0,0:0:0:0:
320,0,23752,1,0,0:0:0:0:
64,0,23892,1,0,0:0:0:0:
320,0,24031,1,0,0:0:0:0:
448,0,24031,1,0,0:0:0:0:
192,0,24171,1,0,0:0:0:0:
320,0,24171,1,0,0:0:0:0:
64,0,24310,1,0,0:0:0:0:
192,0,24450,1,0,0:0:0:0:
320,0,24450,1,0,0:0:0:0:
320,0,24589,1,0,0:0:0:0:
448,0,24589,1,0,0:0:0:0:
64,0,24729,1,0,0:0:0:0:
448,0,24729,1,0,0:0:0:0:
64,0,24868,1,0,0:0:0:0:
192,0,24868,1,0,0:0:0:0:
320,0,25008,1,0,0:0:0:0:
64,0,25147,1,0,0:0:0:0:
448,0,25147,1,0,0:0:0:0:
64,0,25287,1,0,0:0:0:0:
448,0,25287,1,0,0:0:0:0:
192,0,25426,1,0,0:0:0:0:
64,0,25566,1,0,0:0:0:0:
448,0,25566,1,0,0:0:0:0:
64,0,25705,1,0,0:0:0:0:
192,0,25705,1,0,0:0:0:0:
192,0,25845,1,0,0:0:0:0:
448,0,25845,1,0,0:0:0:0:
320,0,25984,1,0,0:0:0:0:
448,0,25984,1,0,0:0:0:0:
192,0,26124,1,0,0:0:0:0:
320,0,26263,1,0,0:0:0:0:
448,0,26263,1,0,0:0:0:0:
320,0,26403,1,0,0:0:0:0:
448,0,26403,1,0,0:0:0:0:
192,0,26542,1,0,0:0:0:0:
64,0,26682,1,0,0:0:0:0:
448,0,26682,1,0,0:0:0:0:
64,0,26821,1,0,0:0:0:0:
192,0,26821,1,0,0:0:0:0:
320,0,26961,1,0,0:0:0:0:
64,0,27100,1,0,0:0:0:0:
192,0,27100,1,0,0:0:0:0:
64,0,27240,1,0,0:0:0:0:
192,0,27240,1,0,0:0:0:0:
448,0,27240,1,0,0:0:0:0:
320,0,27310,1,0,0:0:0:0:
192,0,27379,1,0,0:0:0:0:
320,0,27449,1,0,0:0:0:0:
64,0,27519,1,0,0:0:0:0:
448,0,27519,1,0,0:0:0:0:
192,0,27589,1,0,0:0:0:0:
64,0,27658,1,0,0:0:0:0:
448,0,27658,1,0,0:0:0:0:
192,0,27728,1,0,0:0:0:0:
320,0,27798,1,0,0:0:0:0:
448,0,27798,1,0,0:0:0:0:
64,0,27868,1,0,0:0:0:0:
320,0,27937,1,0,0:0:0:0:
448,0,27937,1,0,0:0:0:0:
64,0,28007,1,0,0:0:0:0:
192,0,28077,1,0,0:0:0:0:
448,0,28077,1,0,0:0:0:0:
320,0,28147,1,0,0:0:0:0:
64,0,28216,1,0,0:0:0:0:
192,0,28216,1,0,0:0:0:0:
320,0,28286,1,0,0:0:0:0:
448,0,28356,1,0,0:0:0:0:
192,0,28426,1,0,0:0:0:0:
320,0,28495,1,0,0:0:0:0:
448,0,28495,1,0,0:0:0:0:
192,0,28565,1,0,0:0:0:0:
64,0,28635,1,0,0:0:0:0:
320,0,28635,1,0,0:0:0:0:
448,0,28705,1,0,0:0:0:0:
192,0,28774,1,0,0:0:0:0:
320,0,28844,1,0,0:0:0:0:
64,0,28914,1,0,0:0:0:0:
448,0,28914,1,0,0:0:0:0:
192,0,28984,1,0,0:0:0:0:
64,0,29053,1,0,0:0:0:0:
448,0,29053,1,0,0:0:0:0:
192,0,29123,1,0,0:0:0:0:
320,0,29193,1,0,0:0:0:0:
448,0,29193,1,0,0:0:0:0:
64,0,29263,1,0,0:0:0:0:
320,0,29332,1,0,0:0:0:0:
448,0,29332,1,0,0:0:0:0:
64,0,29402,1,0,0:0:0:0:
192,0,29472,1,0,0:0:0:0:
320,0,29542,1,0,0:0:0:0:
64,0,29611,1,0,0:0:0:0:
448,0,29611,1,0,0:0:0:0:
320,0,29681,1,0,0:0:0:0:
64,0,29751,1,0,0:0:0:0:
192,0,29751,1,0,0:0:0:0:
448,0,29821,1,0,0:0:0:0:
320,0,29890,1,0,0:0:0:0:
192,0,29960,1,0,0:0:0:0:
64,0,30030,1,0,0:0:0:0:
448,0,30030,1,0,0:0:0:0:
192,0,30100,1,0,0:0:0:0:
64,0,30169,1,0,0:0:0:0:
448,0,30169,1,0,0:0:0:0:
320,0,30239,1,0,0:0:0:0:
64,0,30309,1,0,0:0:0:0:
192,0,30309,1,0,0:0:0:0:
320,0,30379,1,0,0:0:0:0:
64,0,30448,1,0,0:0:0:0:
192,0,30448,1,0,0:0:0:0:
448,0,30518,1,0,0:0:0:0:
320,0,30588,1,0,0:0:0:0:
192,0,30658,1,0,0:0:0:0:
64,0,30727,1,0,0:0:0:0:
448,0,30727,1,0,0:0:0:0:
192,0,30797,1,0,0:0:0:0:
320,0,30867,1,0,0:0:0:0:
448,0,30867,1,0,0:0:0:0:
64,0,30937,1,0,0:0:0:0:
192,0,31006,1,0,0:0:0:0:
320,0,31076,1,0,0:0:0:0:
64,0,31146,1,0,0:0:0:0:
192,0,31146,1,0,0:0:0:0:
320,0,31216,1,0,0:0:0:0:
448,0,31285,1,0,0:0:0:0:
64,0,31355,1,0,0:0:0:0:
320,0,31425,1,0,0:0:0:0:
448,0,31425,1,0,0:0:0:0:
64,0,31495,1,0,0:0:0:0:
320,0,31564,1,0,0:0:0:0:
448,0,31564,1,0,0:0:0:0:
192,0,31634,1,0,0:0:0:0:
64,0,31704,1,0,0:0:0:0:
320,0,31704,1,0,0:0:0:0:
448,0,31704,1,0,0:0:0:0:
192,0,31774,1,0,0:0:0:0:
64,0,31844,1,0,0:0:0:0:
320,0,31844,1,0,0:0:0:0:
448,0,31913,1,0,0:0:0:0:
64,0,31983,1,0,0:0:0:0:
192,0,31983,1,0,0:0:0:0:
320,0,32053,1,0,0:0:0:0:
64,0,32123,1,0,0:0:0:0:
448,0,32123,1,0,0:0:0:0:
192,0,32192,1,0,0:0:0:0:
320,0,32262,1,0,0:0:0:0:
448,0,32262,1,0,0:0:0:0:
64,0,32332,1,0,0:0:0:0:
192,0,32402,1,0,0:0:0:0:
320,0,32402,1,0,0:0:0:0:
448,0,32471,1,0,0:0:0:0:
64,0,32541,1,0,0:0:0:0:
192,0,32541,1,0,0:0:0:0:
320,0,32611,1,0,0:0:0:0:
64,0,32681,1,0,0:0:0:0:
448,0,32681,1,0,0:0:0:0:
192,0,32750,1,0,0:0:0:0:
320,0,32820,1,0,0:0:0:0:
448,0,32820,1,0,0:0:0:0:
64,0,32890,1,0,0:0:0:0:
192,0,32960,1,0,0:0:0:0:
320,0,32960,1,0,0:0:0:0:
448,0,33029,1,0,0:0:0:0:
64,0,33099,1,0,0:0:0:0:
192,0,33099,1,0,0:0:0:0:
320,0,33169,1,0,0:0:0:0:
64,0,33239,1,0,0:0:0:0:
448,0,33239,1,0,0:0:0:0:
192,0,33308,1,0,0:0:0:0:
320,0,33378,1,0,0:0:0:0:
448,0,33378,1,0,0:0:0:0:
64,0,33448,1,0,0:0:0:0:
192,0,33518,1,0,0:0:0:0:
320,0,33518,1,0,0:0:0:0:
448,0,33587,1,0,0:0:0:0:
64,0,33657,1,0,0:0:0:0:
192,0,33657,1,0,0:0:0:0:
320,0,33727,1,0,0:0:0:0:
64,0,33797,1,0,0:0:0:0:
448,0,33797,1,0,0:0:0:0:
192,0,33866,1,0,0:0:0:0:
320,0,33936,1,0,0:0:0:0:
448,0,33936,1,0,0:0:0:0:
64,0,34006,1,0,0:0:0:0:
192,0,34006,1,0,0:0:0:0:
320,0,34076,1,0,0:0:0:0:
448,0,34076,1,0,0:0:0:0:
64,0,34145,1,0,0:0:0:0:
192,0,34145,1,0,0:0:0:0:
320,0,34215,1,0,0:0:0:0:
448,0,34215,1,0,0:0:0:0:
64,0,34285,1,0,0:0:0:0:
192,0,34285,1,0,0:0:0:0:
320,0,34355,1,0,0:0:0:0:
448,0,34355,1,0,0:0:0:0:
64,0,34424,1,0,0:0:0:0:
192,0,34424,1,0,0:0:0:0:
320,0,34494,1,0,0:0:0:0:
448,0,34494,1,0,0:0:0:0:
64,0,34564,1,0,0:0:0:0:
192,0,34564,1,0,0:0:0:0:
320,0,34634,1,0,0:0:0:0:
448,0,34634,1,0,0:0:0:0:
64,0,34703,1,0,0:0:0:0:
192,0,34703,1,0,0:0:0:0:
320,0,34773,1,0,0:0:0:0:
448,0,34773,1,0,0:0:0:0:
64,0,34843,1,0,0:0:0:0:
192,0,34843,1,0,0:0:0:0:
320,0,34913,1,0,0:0:0:0:
448,0,34913,1,0,0:0:0:0:
64,0,34982,1,0,0:0:0:0:
192,0,34982,1,0,0:0:0:0:
448,0,35052,1,0,0:0:0:0:
320,0,35087,1,0,0:0:0:0:
192,0,35122,1,0,0:0:0:0:
64,0,35157,1,0,0:0:0:0:
448,0,35192,1,0,0:0:0:0:
320,0,35227,1,0,0:0:0:0:
192,0,35261,1,0,0:0:0:0:
64,0,35296,1,0,0:0:0:0:
448,0,35331,1,0,0:0:0:0:
320,0,35366,1,0,0:0:0:0:
192,0,35401,1,0,0:0:0:0:
64,0,35436,1,0,0:0:0:0:
448,0,35471,1,0,0:0:0:0:
320,0,35506,1,0,0:0:0:0:
192,0,35540,1,0,0:0:0:0:
64,0,35575,1,0,0:0:0:0:
448,0,35610,1,0,0:0:0:0:
320,0,35645,1,0,0:0:0:0:
192,0,35680,1,0,0:0:0:0:
64,0,35715,1,0,0:0:0:0:
448,0,35750,1,0,0:0:0:0:
320,0,35785,1,0,0:0:0:0:
192,0,35819,1,0,0:0:0:0:
64,0,35854,1,0,0:0:0:0:
320,0,35889,1,0,0:0:0:0:
448,0,35889,1,0,0:0:0:0:
64,0,35959,1,0,0:0:0:0:
192,0,35959,1,0,0:0:0:0:
320,0,36029,1,0,0:0:0:0:
448,0,36029,1,0,0:0:0:0:
192,0,36098,1,0,0:0:0:0:
64,0,36168,1,0,0:0:0:0:
320,0,36168,1,0,0:0:0:0:
448,0,36168,1,0,0:0:0:0:
192,0,36238,1,0,0:0:0:0:
320,0,36308,1,0,0:0:0:0:
448,0,36377,1,0,0:0:0:0:
64,0,36447,1,0,0:0:0:0:
192,0,36447,1,0,0:0:0:0:
320,0,36517,1,0,0:0:0:0:
64,0,36587,1,0,0:0:0:0:
448,0,36587,1,0,0:0:0:0:
192,0,36656,1,0,0:0:0:0:
320,0,36726,1,0,0:0:0:0:
448,0,36726,1,0,0:0:0:0:
64,0,36796,1,0,0:0:0:0:
192,0,36866,1,0,0:0:0:0:
320,0,36866,1,0,0:0:0:0:
448,0,36935,1,0,0:0:0:0:
64,0,37005,1,0,0:0:0:0:
192,0,37005,1,0,0:0:0:0:
448,0,37075,1,0,0:0:0:0:
64,0,37145,1,0,0:0:0:0:
192,0,37145,1,0,0:0:0:0:
320,0,37215,1,0,0:0:0:0:
448,0,37284,1,0,0:0:0:0:
192,0,37354,1,0,0:0:0:0:
64,0,37424,1,0,0:0:0:0:
448,0,37424,1,0,0:0:0:0:
192,0,37494,1,0,0:0:0:0:
64,0,37563,1,0,0:0:0:0:
448,0,37563,1,0,0:0:0:0:
320,0,37633,1,0,0:0:0:0:
192,0,37703,1,0,0:0:0:0:
64,0,37773,1,0,0:0:0:0:
320,0,37842,1,0,0:0:0:0:
448,0,37842,1,0,0:0:0:0:
192,0,37912,1,0,0:0:0:0:
320,0,37982,1,0,0:0:0:0:
448,0,37982,1,0,0:0:0:0:
192,0,38052,1,0,0:0:0:0:
64,0,38121,1,0,0:0:0:0:
448,0,38121,1,0,0:0:0:0:
320,0,38191,1,0,0:0:0:0:
64,0,38261,1,0,0:0:0:0:
448,0,38261,1,0,0:0:0:0:
320,0,38331,1,0,0:0:0:0:
192,0,38400,1,0,0:0:0:0:
64,0,38470,1,0,0:0:0:0:
320,0,38540,1,0,0:0:0:0:
448,0,38540,1,0,0:0:0:0:
192,0,38610,1,0,0:0:0:0:
320,0,38679,1,0,0:0:0:0:
448,0,38679,1,0,0:0:0:0:
192,0,38749,1,0,0:0:0:0:
64,0,38819,1,0,0:0:0:0:
448,0,38889,1,0,0:0:0:0:
64,0,38958,1,0,0:0:0:0:
320,0,38958,1,0,0:0:0:0:
192,0,39028,1,0,0:0:0:0:
64,0,39098,1,0,0:0:0:0:
320,0,39098,1,0,0:0:0:0:
192,0,39168,1,0,0:0:0:0:
320,0,39237,1,0,0:0:0:0:
448,0,39237,1,0,0:0:0:0:
64,0,39307,1,0,0:0:0:0:
320,0,39377,1,0,0:0:0:0:
448,0,39377,1,0,0:0:0:0:
64,0,39447,1,0,0:0:0:0:
192,0,39516,1,0,0:0:0:0:
320,0,39586,1,0,0:0:0:0:
64,0,39656,1,0,0:0:0:0:
448,0,39656,1,0,0:0:0:0:
192,0,39726,1,0,0:0:0:0:
64,0,39795,1,0,0:0:0:0:
448,0,39795,1,0,0:0:0:0:
192,0,39865,1,0,0:0:0:0:
320,0,39935,1,0,0:0:0:0:
448,0,40005,1,0,0:0:0:0:
64,0,40074,1,0,0:0:0:0:
192,0,40074,1,0,0:0:0:0:
320,0,40144,1,0,0:0:0:0:
448,0,40214,1,0,0:0:0:0:
64,0,40284,1,0,0:0:0:0:
192,0,40353,1,0,0:0:0:0:
320,0,40353,1,0,0:0:0:0:
448,0,40423,1,0,0:0:0:0:
192,0,40493,1,0,0:0:0:0:
320,0,40493,1,0,0:0:0:0:
448,0,40563,1,0,0:0:0:0:
64,0,40632,1,0,0:0:0:0:
192,0,40702,1,0,0:0:0:0:
320,0,40772,1,0,0:0:0:0:
64,0,40842,1,0,0:0:0:0:
320,0,40911,1,0,0:0:0:0:
448,0,40911,1,0,0:0:0:0:
192,0,40981,1,0,0:0:0:0:
64,0,41051,1,0,0:0:0:0:
448,0,41051,1,0,0:0:0:0:
320,0,41121,1,0,0:0:0:0:
64,0,41190,1,0,0:0:0:0:
192,0,41190,1,0,0:0:0:0:
448,0,41260,1,0,0:0:0:0:
192,0,41330,1,0,0:0:0:0:
320,0,41330,1,0,0:0:0:0:
64,0,41400,1,0,0:0:0:0:
320,0,41469,1,0,0:0:0:0:
448,0,41469,1,0,0:0:0:0:
192,0,41539,1,0,0:0:0:0:
64,0,41609,1,0,0:0:0:0:
448,0,41609,1,0,0:0:0:0:
320,0,41679,1,0,0:0:0:0:
192,0,41748,1,0,0:0:0:0:
64,0,41818,1,0,0:0:0:0:
320,0,41888,1,0,0:0:0:0:
448,0,41888,1,0,0:0:0:0:
192,0,41958,1,0,0:0:0:0:
320,0,42027,1,0,0:0:0:0:
448,0,42027,1,0,0:0:0:0:
192,0,42097,1,0,0:0:0:0:
64,0,42167,1,0,0:0:0:0:
320,0,42237,1,0,0:0:0:0:
192,0,42307,1,0,0:0:0:0:
448,0,42307,1,0,0:0:0:0:
64,0,42376,1,0,0:0:0:0:
192,0,42446,1,0,0:0:0:0:
448,0,42446,1,0,0:0:0:0:
64,0,42516,1,0,0:0:0:0:
320,0,42586,1,0,0:0:0:0:
448,0,42586,1,0,0:0:0:0:
192,0,42655,1,0,0:0:0:0:
320,0,42725,1,0,0:0:0:0:
448,0,42725,1,0,0:0:0:0:
192,0,42795,1,0,0:0:0:0:
64,0,42865,1,0,0:0:0:0:
320,0,42934,1,0,0:0:0:0:
64,0,43004,1,0,0:0:0:0:
448,0,43004,1,0,0:0:0:0:
192,0,43074,1,0,0:0:0:0:
64,0,43144,1,0,0:0:0:0:
448,0,43144,1,0,0:0:0:0:
192,0,43213,1,0,0:0:0:0:
320,0,43283,1,0,0:0:0:0:
448,0,43353,1,0,0:0:0:0:
64,0,43423,1,0,0:0:0:0:
192,0,43423,1,0,0:0:0:0:
320,0,43492,1,0,0:0:0:0:
64,0,43562,1,0,0:0:0:0:
192,0,43562,1,0,0:0:0:0:
320,0,43632,1,0,0:0:0:0:
192,0,43702,1,0,0:0:0:0:
448,0,43702,1,0,0:0:0:0:
64,0,43771,1,0,0:0:0:0:
192,0,43841,1,0,0:0:0:0:
448,0,43841,1,0,0:0:0:0:
64,0,43911,1,0,0:0:0:0:
320,0,43981,1,0,0:0:0:0:
448,0,44050,1,0,0:0:0:0:
64,0,44120,1,0,0:0:0:0:
192,0,44120,1,0,0:0:0:0:
320,0,44190,1,0,0:0:0:0:
64,0,44260,1,0,0:0:0:0:
448,0,44260,1,0,0:0:0:0:
320,0,44329,1,0,0:0:0:0:
192,0,44399,1,0,0:0:0:0:
64,0,44469,1,0,0:0:0:0:
320,0,44539,1,0,0:0:0:0:
448,0,44539,1,0,0:0:0:0:
192,0,44608,1,0,0:0:0:0:
320,0,44678,1,0,0:0:0:0:
448,0,44678,1,0,0:0:0:0:
192,0,44748,1,0,0:0:0:0:
64,0,44818,1,0,0:0:0:0:
448,0,44887,1,0,0:0:0:0:
64,0,44957,1,0,0:0:0:0:
192,0,44957,1,0,0:0:0:0:
320,0,45027,1,0,0:0:0:0:
64,0,45097,1,0,0:0:0:0:
192,0,45097,1,0,0:0:0:0:
448,0,45097,1,0,0:0:0:0:
320,0,45166,1,0,0:0:0:0:
192,0,45236,1,0,0:0:0:0:
64,0,45306,1,0,0:0:0:0:
320,0,45376,1,0,0:0:0:0:
448,0,45376,1,0,0:0:0:0:
192,0,45445,1,0,0:0:0:0:
64,0,45515,1,0,0:0:0:0:
448,0,45515,1,0,0:0:0:0:
320,0,45585,1,0,0:0:0:0:
64,0,45655,1,0,0:0:0:0:
192,0,45655,1,0,0:0:0:0:
448,0,45724,1,0,0:0:0:0:
192,0,45794,1,0,0:0:0:0:
320,0,45794,1,0,0:0:0:0:
64,0,45864,1,0,0:0:0:0:
320,0,45934,1,0,0:0:0:0:
448,0,45934,1,0,0:0:0:0:
64,0,46003,1,0,0:0:0:0:
320,0,46073,1,0,0:0:0:0:
448,0,46073,1,0,0:0:0:0:
192,0,46143,1,0,0:0:0:0:
64,0,46213,1,0,0:0:0:0:
320,0,46282,1,0,0:0:0:0:
64,0,46352,1,0,0:0:0:0:
448,0,46352,1,0,0:0:0:0:
320,0,46422,1,0,0:0:0:0:
64,0,46492,1,0,0:0:0:0:
448,0,46492,1,0,0:0:0:0:
192,0,46561,1,0,0:0:0:0:
320,0,46631,1,0,0:0:0:0:
448,0,46701,1,0,0:0:0:0:
64,0,46771,1,0,0:0:0:0:
192,0,46771,1,0,0:0:0:0:
320,0,46840,1,0,0:0:0:0:
64,0,46910,1,0,0:0:0:0:
192,0,46910,1,0,0:0:0:0:
320,0,46980,1,0,0:0:0:0:
64,0,47050,1,0,0:0:0:0:
448,0,47050,1,0,0:0:0:0:
192,0,47119,1,0,0:0:0:0:
64,0,47189,1,0,0:0:0:0:
448,0,47189,1,0,0:0:0:0:
192,0,47259,1,0,0:0:0:0:
320,0,47329,1,0,0:0:0:0:
448,0,47398,1,0,0:0:0:0:
64,0,47468,1,0,0:0:0:0:
192,0,47468,1,0,0:0:0:0:
320,0,47538,1,0,0:0:0:0:
64,0,47608,1,0,0:0:0:0:
192,0,47608,1,0,0:0:0:0:
320,0,47678,1,0,0:0:0:0:
448,0,47747,1,0,0:0:0:0:
64,0,47817,1,0,0:0:0:0:
192,0,47887,1,0,0:0:0:0:
448,0,47887,1,0,0:0:0:0:
320,0,47957,1,0,0:0:0:0:
192,0,48026,1,0,0:0:0:0:
448,0,48026,1,0,0:0:0:0:
320,0,48096,1,0,0:0:0:0:
64,0,48166,1,0,0:0:0:0:
192,0,48166,1,0,0:0:0:0:
448,0,48236,1,0,0:0:0:0:
64,0,48305,1,0,0:0:0:0:
192,0,48305,1,0,0:0:0:0:
448,0,48375,1,0,0:0:0:0:
320,0,48445,1,0,0:0:0:0:
192,0,48515,1,0,0:0:0:0:
64,0,48584,1,0,0:0:0:0:
448,0,48584,1,0,0:0:0:0:
320,0,48654,1,0,0:0:0:0:
64,0,48724,1,0,0:0:0:0:
448,0,48724,1,0,0:0:0:0:
320,0,48794,1,0,0:0:0:0:
192,0,48863,1,0,0:0:0:0:
64,0,48933,1,0,0:0:0:0:
320,0,49003,1,0,0:0:0:0:
448,0,49003,1,0,0:0:0:0:
192,0,49073,1,0,0:0:0:0:
64,0,49142,1,0,0:0:0:0:
448,0,49212,1,0,0:0:0:0:
192,0,49282,1,0,0:0:0:0:
320,0,49282,1,0,0:0:0:0:
64,0,49352,1,0,0:0:0:0:
192,0,49421,1,0,0:0:0:0:
320,0,49421,1,0,0:0:0:0:
64,0,49491,1,0,0:0:0:0:
448,0,49561,1,0,0:0:0:0:
320,0,49631,1,0,0:0:0:0:
192,0,49700,1,0,0:0:0:0:
448,0,49770,1,0,0:0:0:0:
64,0,49840,1,0,0:0:0:0:
192,0,49840,1,0,0:0:0:0:
320,0,49910,1,0,0:0:0:0:
64,0,49979,1,0,0:0:0:0:
448,0,49979,1,0,0:0:0:0:
192,0,50049,1,0,0:0:0:0:
320,0,50119,1,0,0:0:0:0:
448,0,50119,1,0,0:0:0:0:
64,0,50189,1,0,0:0:0:0:
192,0,50258,1,0,0:0:0:0:
320,0,50258,1,0,0:0:0:0:
448,0,50328,1,0,0:0:0:0:
64,0,50398,1,0,0:0:0:0:
192,0,50398,1,0,0:0:0:0:
320,0,50468,1,0,0:0:0:0:
64,0,50537,1,0,0:0:0:0:
448,0,50537,1,0,0:0:0:0:
192,0,50607,1,0,0:0:0:0:
320,0,50677,1,0,0:0:0:0:
448,0,50747,1,0,0:0:0:0:
64,0,50816,1,0,0:0:0:0:
192,0,50816,1,0,0:0:0:0:
320,0,50886,1,0,0:0:0:0:
64,0,50956,1,0,0:0:0:0:
192,0,50956,1,0,0:0:0:0:
320,0,51026,1,0,0:0:0:0:
448,0,51095,1,0,0:0:0:0:
192,0,51165,1,0,0:0:0:0:
64,0,51235,1,0,0:0:0:0:
320,0,51235,1,0,0:0:0:0:
448,0,51305,1,0,0:0:0:0:
64,0,51374,1,0,0:0:0:0:
320,0,51374,1,0,0:0:0:0:
448,0,51444,1,0,0:0:0:0:
64,0,51514,1,0,0:0:0:0:
192,0,51514,1,0,0:0:0:0:
320,0,51584,1,0,0:0:0:0:
64,0,51653,1,0,0:0:0:0:
192,0,51653,1,0,0:0:0:0:
320,0,51723,1,0,0:0:0:0:
448,0,51793,1,0,0:0:0:0:
192,0,51863,1,0,0:0:0:0:
64,0,51932,1,0,0:0:0:0:
448,0,51932,1,0,0:0:0:0:
320,0,52002,1,0,0:0:0:0:
64,0,52072,1,0,0:0:0:0:
448,0,52072,1,0,0:0:0:0:
320,0,52142,1,0,0:0:0:0:
192,0,52211,1,0,0:0:0:0:
64,0,52281,1,0,0:0:0:0:
320,0,52351,1,0,0:0:0:0:
448,0,52351,1,0,0:0:0:0:
192,0,52421,1,0,0:0:0:0:
320,0,52490,1,0,0:0:0:0:
448,0,52490,1,0,0:0:0:0:
192,0,52560,1,0,0:0:0:0:
64,0,52630,1,0,0:0:0:0:
320,0,52630,1,0,0:0:0:0:
448,0,52700,1,0,0:0:0:0:
64,0,52770,1,0,0:0:0:0:
320,0,52770,1,0,0:0:0:0:
192,0,52909,1,0,0:0:0:0:
320,0,53049,1,0,0:0:0:0:
448,0,53049,1,0,0:0:0:0:
64,0,53188,1,0,0:0:0:0:
448,0,53188,1,0,0:0:0:0:
192,0,53328,1,0,0:0:0:0:
320,0,53467,1,0,0:0:0:0:
448,0,53467,1,0,0:0:0:0:
320,0,53607,1,0,0:0:0:0:
448,0,53607,1,0,0:0:0:0:
192,0,53746,1,0,0:0:0:0:
64,0,53886,1,0,0:0:0:0:
448,0,53886,1,0,0:0:0:0:
64,0,54025,1,0,0:0:0:0:
192,0,54025,1,0,0:0:0:0:
448,0,54025,1,0,0:0:0:0:
320,0,54095,1,0,0:0:0:0:
64,0,54165,1,0,0:0:0:0:
192,0,54165,1,0,0:0:0:0:
320,0,54234,1,0,0:0:0:0:
64,0,54304,1,0,0:0:0:0:
192,0,54304,1,0,0:0:0:0:
320,0,54374,1,0,0:0:0:0:
64,0,54444,1,0,0:0:0:0:
192,0,54444,1,0,0:0:0:0:
320,0,54513,1,0,0:0:0:0:
64,0,54583,1,0,0:0:0:0:
448,0,54583,1,0,0:0:0:0:
192,0,54653,1,0,0:0:0:0:
320,0,54723,1,0,0:0:0:0:
448,0,54792,1,0,0:0:0:0:
64,0,54862,1,0,0:0:0:0:
192,0,54862,1,0,0:0:0:0:
448,0,54932,1,0,0:0:0:0:
192,0,55002,1,0,0:0:0:0:
64,0,55071,1,0,0:0:0:0:
320,0,55141,1,0,0:0:0:0:
448,0,55141,1,0,0:0:0:0:
192,0,55211,1,0,0:0:0:0:
320,0,55281,1,0,0:0:0:0:
448,0,55281,1,0,0:0:0:0:
192,0,55350,1,0,0:0:0:0:
320,0,55420,1,0,0:0:0:0:
448,0,55420,1,0,0:0:0:0:
192,0,55490,1,0,0:0:0:0:
320,0,55560,1,0,0:0:0:0:
448,0,55560,1,0,0:0:0:0:
192,0,55629,1,0,0:0:0:0:
64,0,55699,1,0,0:0:0:0:
448,0,55699,1,0,0:0:0:0:
320,0,55769,1,0,0:0:0:0:
192,0,55839,1,0,0:0:0:0:
64,0,55908,1,0,0:0:0:0:
320,0,55978,1,0,0:0:0:0:
448,0,55978,1,0,0:0:0:0:
192,0,56048,1,0,0:0:0:0:
64,0,56118,1,0,0:0:0:0:
448,0,56187,1,0,0:0:0:0:
192,0,56257,1,0,0:0:0:0:
320,0,56257,1,0,0:0:0:0:
64,0,56327,1,0,0:0:0:0:
192,0,56397,1,0,0:0:0:0:
320,0,56397,1,0,0:0:0:0:
64,0,56466,1,0,0:0:0:0:
192,0,56536,1,0,0:0:0:0:
320,0,56536,1,0,0:0:0:0:
64,0,56606,1,0,0:0:0:0:
192,0,56676,1,0,0:0:0:0:
320,0,56676,1,0,0:0:0:0:
64,0,56745,1,0,0:0:0:0:
320,0,56815,1,0,0:0:0:0:
448,0,56815,1,0,0:0:0:0:
192,0,56885,1,0,0:0:0:0:
64,0,56955,1,0,0:0:0:0:
320,0,57024,1,0,0:0:0:0:
64,0,57094,1,0,0:0:0:0:
448,0,57094,1,0,0:0:0:0:
192,0,57164,1,0,0:0:0:0:
448,0,57234,1,0,0:0:0:0:
320,0,57303,1,0,0:0:0:0:
64,0,57373,1,0,0:0:0:0:
192,0,57373,1,0,0:0:0:0:
448,0,57443,1,0,0:0:0:0:
64,0,57513,1,0,0:0:0:0:
192,0,57513,1,0,0:0:0:0:
448,0,57582,1,0,0:0:0:0:
64,0,57652,1,0,0:0:0:0:
192,0,57652,1,0,0:0:0:0:
448,0,57722,1,0,0:0:0:0:
64,0,57792,1,0,0:0:0:0:
192,0,57792,1,0,0:0:0:0:
448,0,57861,1,0,0:0:0:0:
192,0,57931,1,0,0:0:0:0:
320,0,57931,1,0,0:0:0:0:
64,0,58001,1,0,0:0:0:0:
320,0,58071,1,0,0:0:0:0:
448,0,58141,1,0,0:0:0:0:
64,0,58210,1,0,0:0:0:0:
192,0,58210,1,0,0:0:0:0:
320,0,58280,1,0,0:0:0:0:
64,0,58350,1,0,0:0:0:0:
448,0,58350,1,0,0:0:0:0:
192,0,58420,1,0,0:0:0:0:
320,0,58489,1,0,0:0:0:0:
448,0,58489,1,0,0:0:0:0:
64,0,58559,1,0,0:0:0:0:
320,0,58629,1,0,0:0:0:0:
448,0,58629,1,0,0:0:0:0:
64,0,58699,1,0,0:0:0:0:
320,0,58768,1,0,0:0:0:0:
448,0,58768,1,0,0:0:0:0:
64,0,58838,1,0,0:0:0:0:
320,0,58908,1,0,0:0:0:0:
448,0,58908,1,0,0:0:0:0:
64,0,58978,1,0,0:0:0:0:
192,0,59047,1,0,0:0:0:0:
448,0,59047,1,0,0:0:0:0:
320,0,59117,1,0,0:0:0:0:
64,0,59187,1,0,0:0:0:0:
192,0,59257,1,0,0:0:0:0:
64,0,59326,1,0,0:0:0:0:
448,0,59326,1,0,0:0:0:0:
320,0,59396,1,0,0:0:0:0:
448,0,59466,1,0,0:0:0:0:
64,0,59536,1,0,0:0:0:0:
192,0,59605,1,0,0:0:0:0:
320,0,59605,1,0,0:0:0:0:
448,0,59675,1,0,0:0:0:0:
192,0,59745,1,0,0:0:0:0:
320,0,59745,1,0,0:0:0:0:
448,0,59815,1,0,0:0:0:0:
192,0,59884,1,0,0:0:0:0:
320,0,59884,1,0,0:0:0:0:
448,0,59954,1,0,0:0:0:0:
192,0,60024,1,0,0:0:0:0:
320,0,60024,1,0,0:0:0:0:
448,0,60094,1,0,0:0:0:0:
64,0,60163,1,0,0:0:0:0:
192,0,60163,1,0,0:0:0:0:
320,0,60233,1,0,0:0:0:0:
448,0,60303,1,0,0:0:0:0:
320,0,60373,1,0,0:0:0:0:
64,0,60442,1,0,0:0:0:0:
192,0,60442,1,0,0:0:0:0:
448,0,60512,1,0,0:0:0:0:
192,0,60582,1,0,0:0:0:0:
320,0,60582,1,0,0:0:0:0:
64,0,60652,1,0,0:0:0:0:
320,0,60721,1,0,0:0:0:0:
448,0,60721,1,0,0:0:0:0:
192,0,60791,1,0,0:0:0:0:
64,0,60861,1,0,0:0:0:0:
192,0,60931,1,0,0:0:0:0:
320,0,61000,1,0,0:0:0:0:
448,0,61000,1,0,0:0:0:0:
64,0,61070,1,0,0:0:0:0:
192,0,61140,1,0,0:0:0:0:
64,0,61210,1,0,0:0:0:0:
320,0,61279,1,0,0:0:0:0:
448,0,61279,1,0,0:0:0:0:
192,0,61349,1,0,0:0:0:0:
64,0,61419,1,0,0:0:0:0:
320,0,61489,1,0,0:0:0:0:
64,0,61558,1,0,0:0:0:0:
192,0,61558,1,0,0:0:0:0:
320,0,61628,1,0,0:0:0:0:
192,0,61698,1,0,0:0:0:0:
320,0,61768,1,0,0:0:0:0:
64,0,61837,1,0,0:0:0:0:
448,0,61837,1,0,0:0:0:0:
192,0,61907,1,0,0:0:0:0:
320,0,61977,1,0,0:0:0:0:
448,0,61977,1,0,0:0:0:0:
192,0,62047,1,0,0:0:0:0:
320,0,62116,1,0,0:0:0:0:
448,0,62116,1,0,0:0:0:0:
192,0,62186,1,0,0:0:0:0:
320,0,62256,1,0,0:0:0:0:
448,0,62326,1,0,0:0:0:0:
64,0,62395,1,0,0:0:0:0:
192,0,62395,1,0,0:0:0:0:
448,0,62465,1,0,0:0:0:0:
192,0,62535,1,0,0:0:0:0:
320,0,62535,1,0,0:0:0:0:
64,0,62605,1,0,0:0:0:0:
192,0,62674,1,0,0:0:0:0:
320,0,62744,1,0,0:0:0:0:
64,0,62814,1,0,0:0:0:0:
448,0,62814,1,0,0:0:0:0:
192,0,62884,1,0,0:0:0:0:
64,0,62953,1,0,0:0:0:0:
320,0,62953,1,0,0:0:0:0:
448,0,62953,1,0,0:0:0:0:
192,0,63023,1,0,0:0:0:0:
320,0,63093,1,0,0:0:0:0:
448,0,63093,1,0,0:0:0:0:
192,0,63163,1,0,0:0:0:0:
320,0,63233,1,0,0:0:0:0:
448,0,63233,1,0,0:0:0:0:
192,0,63302,1,0,0:0:0:0:
320,0,63372,1,0,0:0:0:0:
448,0,63372,1,0,0:0:0:0:
192,0,63442,1,0,0:0:0:0:
64,0,63512,1,0,0:0:0:0:
448,0,63512,1,0,0:0:0:0:
320,0,63581,1,0,0:0:0:0:
192,0,63651,1,0,0:0:0:0:
64,0,63721,1,0,0:0:0:0:
320,0,63791,1,0,0:0:0:0:
448,0,63791,1,0,0:0:0:0:
64,0,63860,1,0,0:0:0:0:
320,0,63930,1,0,0:0:0:0:
448,0,64000,1,0,0:0:0:0:
64,0,64070,1,0,0:0:0:0:
192,0,64070,1,0,0:0:0:0:
320,0,64139,1,0,0:0:0:0:
64,0,64209,1,0,0:0:0:0:
192,0,64209,1,0,0:0:0:0:
320,0,64279,1,0,0:0:0:0:
64,0,64349,1,0,0:0:0:0:
192,0,64349,1,0,0:0:0:0:
320,0,64418,1,0,0:0:0:0:
64,0,64488,1,0,0:0:0:0:
192,0,64488,1,0,0:0:0:0:
320,0,64558,1,0,0:0:0:0:
64,0,64628,1,0,0:0:0:0:
448,0,64628,1,0,0:0:0:0:
192,0,64697,1,0,0:0:0:0:
320,0,64767,1,0,0:0:0:0:
448,0,64837,1,0,0:0:0:0:
64,0,64907,1,0,0:0:0:0:
192,0,64907,1,0,0:0:0:0:
320,0,64976,1,0,0:0:0:0:
448,0,65046,1,0,0:0:0:0:
64,0,65116,1,0,0:0:0:0:
192,0,65186,1,0,0:0:0:0:
320,0,65186,1,0,0:0:0:0:
448,0,65255,1,0,0:0:0:0:
192,0,65325,1,0,0:0:0:0:
320,0,65325,1,0,0:0:0:0:
448,0,65395,1,0,0:0:0:0:
192,0,65465,1,0,0:0:0:0:
320,0,65465,1,0,0:0:0:0:
448,0,65534,1,0,0:0:0:0:
192,0,65604,1,0,0:0:0:0:
320,0,65604,1,0,0:0:0:0:
448,0,65674,1,0,0:0:0:0:
64,0,65744,1,0,0:0:0:0:
192,0,65744,1,0,0:0:0:0:
320,0,65813,1,0,0:0:0:0:
448,0,65883,1,0,0:0:0:0:
192,0,65953,1,0,0:0:0:0:
64,0,66023,1,0,0:0:0:0:
448,0,66023,1,0,0:0:0:0:
320,0,66092,1,0,0:0:0:0:
64,0,66162,1,0,0:0:0:0:
192,0,66232,1,0,0:0:0:0:
320,0,66302,1,0,0:0:0:0:
448,0,66302,1,0,0:0:0:0:
64,0,66371,1,0,0:0:0:0:
320,0,66441,1,0,0:0:0:0:
448,0,66441,1,0,0:0:0:0:
64,0,66511,1,0,0:0:0:0:
320,0,66581,1,0,0:0:0:0:
448,0,66581,1,0,0:0:0:0:
64,0,66650,1,0,0:0:0:0:
320,0,66720,1,0,0:0:0:0:
448,0,66720,1,0,0:0:0:0:
64,0,66790,1,0,0:0:0:0:
192,0,66860,1,0,0:0:0:0:
320,0,66860,1,0,0:0:0:0:
448,0,66929,1,0,0:0:0:0:
192,0,66999,1,0,0:0:0:0:
64,0,67069,1,0,0:0:0:0:
320,0,67139,1,0,0:0:0:0:
448,0,67139,1,0,0:0:0:0:
192,0,67208,1,0,0:0:0:0:
64,0,67278,1,0,0:0:0:0:
448,0,67278,1,0,0:0:0:0:
320,0,67348,1,0,0:0:0:0:
64,0,67418,1,0,0:0:0:0:
192,0,67418,1,0,0:0:0:0:
448,0,67487,1,0,0:0:0:0:
64,0,67557,1,0,0:0:0:0:
192,0,67557,1,0,0:0:0:0:
448,0,67627,1,0,0:0:0:0:
64,0,67697,1,0,0:0:0:0:
192,0,67697,1,0,0:0:0:0:
448,0,67766,1,0,0:0:0:0:
64,0,67836,1,0,0:0:0:0:
192,0,67836,1,0,0:0:0:0:
448,0,67906,1,0,0:0:0:0:
64,0,67976,1,0,0:0:0:0:
320,0,67976,1,0,0:0:0:0:
192,0,68045,1,0,0:0:0:0:
448,0,68115,1,0,0:0:0:0:
320,0,68185,1,0,0:0:0:0:
64,0,68255,1,0,0:0:0:0:
448,0,68255,1,0,0:0:0:0:
192,0,68324,1,0,0:0:0:0:
64,0,68394,1,0,0:0:0:0:
448,0,68464,1,0,0:0:0:0:
192,0,68534,1,0,0:0:0:0:
320,0,68534,1,0,0:0:0:0:
64,0,68604,1,0,0:0:0:0:
192,0,68673,1,0,0:0:0:0:
320,0,68673,1,0,0:0:0:0:
64,0,68743,1,0,0:0:0:0:
192,0,68813,1,0,0:0:0:0:
320,0,68813,1,0,0:0:0:0:
64,0,68883,1,0,0:0:0:0:
192,0,68952,1,0,0:0:0:0:
320,0,68952,1,0,0:0:0:0:
64,0,69022,1,0,0:0:0:0:
320,0,69092,1,0,0:0:0:0:
448,0,69092,1,0,0:0:0:0:
192,0,69162,1,0,0:0:0:0:
64,0,69231,1,0,0:0:0:0:
192,0,69301,1,0,0:0:0:0:
320,0,69371,1,0,0:0:0:0:
448,0,69371,1,0,0:0:0:0:
64,0,69441,1,0,0:0:0:0:
192,0,69510,1,0,0:0:0:0:
320,0,69510,1,0,0:0:0:0:
448,0,69580,1,0,0:0:0:0:
64,0,69650,1,0,0:0:0:0:
192,0,69650,1,0,0:0:0:0:
320,0,69720,1,0,0:0:0:0:
448,0,69789,1,0,0:0:0:0:
320,0,69859,1,0,0:0:0:0:
64,0,69929,1,0,0:0:0:0:
192,0,69929,1,0,0:0:0:0:
448,0,69999,1,0,0:0:0:0:
320,0,70068,1,0,0:0:0:0:
448,0,70138,1,0,0:0:0:0:
64,0,70208,1,0,0:0:0:0:
192,0,70208,1,0,0:0:0:0:
320,0,70278,1,0,0:0:0:0:
448,0,70347,1,0,0:0:0:0:
192,0,70417,1,0,0:0:0:0:
320,0,70487,1,0,0:0:0:0:
448,0,70487,1,0,0:0:0:0:
192,0,70557,1,0,0:0:0:0:
320,0,70626,1,0,0:0:0:0:
192,0,70696,1,0,0:0:0:0:
64,0,70766,1,0,0:0:0:0:
448,0,70766,1,0,0:0:0:0:
64,0,70905,1,0,0:0:0:0:
448,0,70905,128,0,71463:0:0:0:0:
64,0,71463,1,0,0:0:0:0:
192,0,71510,1,0,0:0:0:0:
320,0,71556,1,0,0:0:0:0:
448,0,71603,1,0,0:0:0:0:
320,0,71673,1,0,0:0:0:0:
320,0,71812,1,0,0:0:0:0:
64,0,71882,1,0,0:0:0:0:
192,0,71882,1,0,0:0:0:0:
448,0,71882,1,0,0:0:0:0:
320,0,72021,1,0,0:0:0:0:
64,0,72161,1,0,0:0:0:0:
448,0,72161,1,0,0:0:0:0:
320,0,72300,1,0,0:0:0:0:
192,0,72440,1,0,0:0:0:0:
320,0,72579,1,0,0:0:0:0:
64,0,72719,1,0,0:0:0:0:
448,0,72719,1,0,0:0:0:0:
320,0,72858,1,0,0:0:0:0:
192,0,72998,1,0,0:0:0:0:
320,0,73137,1,0,0:0:0:0:
64,0,73277,1,0,0:0:0:0:
448,0,73277,1,0,0:0:0:0:
320,0,73416,1,0,0:0:0:0:
192,0,73556,1,0,0:0:0:0:
320,0,73696,1,0,0:0:0:0:
64,0,73835,1,0,0:0:0:0:
448,0,73835,1,0,0:0:0:0:
320,0,73975,1,0,0:0:0:0:
192,0,74114,1,0,0:0:0:0:
448,0,74254,1,0,0:0:0:0:
64,0,74393,1,0,0:0:0:0:
320,0,74393,1,0,0:0:0:0:
448,0,74533,1,0,0:0:0:0:
192,0,74672,1,0,0:0:0:0:
448,0,74812,1,0,0:0:0:0:
64,0,74951,1,0,0:0:0:0:
320,0,74951,1,0,0:0:0:0:
448,0,75091,1,0,0:0:0:0:
192,0,75230,1,0,0:0:0:0:
448,0,75370,1,0,0:0:0:0:
64,0,75509,1,0,0:0:0:0:
320,0,75509,1,0,0:0:0:0:
448,0,75649,1,0,0:0:0:0:
192,0,75788,128,0,75858:0:0:0:0:
320,0,75788,128,0,75858:0:0:0:0:
192,0,75928,128,0,75997:0:0:0:0:
448,0,75928,128,0,75997:0:0:0:0:
64,0,76067,128,0,76137:0:0:0:0:
320,0,76067,128,0,76137:0:0:0:0:
320,0,76207,128,0,76276:0:0:0:0:
448,0,76207,128,0,76276:0:0:0:0:
64,0,76346,128,0,76416:0:0:0:0:
192,0,76346,128,0,76416:0:0:0:0:
448,0,76346,128,0,76416:0:0:0:0:
64,0,76486,128,0,76555:0:0:0:0:
192,0,76486,128,0,76555:0:0:0:0:
320,0,76625,128,0,76695:0:0:0:0:
448,0,76625,128,0,76695:0:0:0:0:
192,0,76765,1,0,0:0:0:0:
64,0,76904,1,0,0:0:0:0:
192,0,77044,1,0,0:0:0:0:
320,0,77183,1,0,0:0:0:0:
448,0,77183,1,0,0:0:0:0:
192,0,77323,1,0,0:0:0:0:
64,0,77462,1,0,0:0:0:0:
320,0,77462,1,0,0:0:0:0:
448,0,77462,1,0,0:0:0:0:
192,0,77602,1,0,0:0:0:0:
320,0,77741,1,0,0:0:0:0:
448,0,77741,1,0,0:0:0:0:
192,0,77881,1,0,0:0:0:0:
64,0,78020,1,0,0:0:0:0:
192,0,78160,1,0,0:0:0:0:
320,0,78299,1,0,0:0:0:0:
448,0,78299,1,0,0:0:0:0:
192,0,78439,1,0,0:0:0:0:
64,0,78578,1,0,0:0:0:0:
320,0,78578,1,0,0:0:0:0:
448,0,78578,1,0,0:0:0:0:
320,0,78718,1,0,0:0:0:0:
64,0,78857,1,0,0:0:0:0:
192,0,78857,1,0,0:0:0:0:
320,0,78997,1,0,0:0:0:0:
64,0,79136,1,0,0:0:0:0:
192,0,79136,1,0,0:0:0:0:
448,0,79136,1,0,0:0:0:0:
320,0,79276,1,0,0:0:0:0:
64,0,79415,1,0,0:0:0:0:
192,0,79415,1,0,0:0:0:0:
320,0,79555,1,0,0:0:0:0:
64,0,79694,1,0,0:0:0:0:
192,0,79694,1,0,0:0:0:0:
448,0,79694,1,0,0:0:0:0:
320,0,79834,1,0,0:0:0:0:
64,0,79973,1,0,0:0:0:0:
192,0,79973,1,0,0:0:0:0:
448,0,79973,1,0,0:0:0:0:
320,0,80113,1,0,0:0:0:0:
64,0,80252,128,0,80322:0:0:0:0:
192,0,80252,128,0,80322:0:0:0:0:
320,0,80252,128,0,80322:0:0:0:0:
64,0,80392,128,0,80462:0:0:0:0:
192,0,80392,128,0,80462:0:0:0:0:
448,0,80392,128,0,80462:0:0:0:0:
64,0,80531,128,0,80601:0:0:0:0:
320,0,80531,128,0,80601:0:0:0:0:
448,0,80531,128,0,80601:0:0:0:0:
192,0,80671,128,0,80741:0:0:0:0:
320,0,80671,128,0,80741:0:0:0:0:
448,0,80671,128,0,80741:0:0:0:0:
64,0,80810,128,0,80880:0:0:0:0:
192,0,80810,128,0,80880:0:0:0:0:
320,0,80880,1,0,0:0:0:0:
64,0,80950,128,0,81020:0:0:0:0:
448,0,80950,128,0,81020:0:0:0:0:
192,0,81020,1,0,0:0:0:0:
64,0,81089,128,0,81159:0:0:0:0:
320,0,81089,128,0,81159:0:0:0:0:
448,0,81089,128,0,81159:0:0:0:0:
192,0,81159,1,0,0:0:0:0:
320,0,81229,1,0,0:0:0:0:
64,0,81299,1,0,0:0:0:0:
192,0,81368,1,0,0:0:0:0:
448,0,81368,1,0,0:0:0:0:
320,0,81438,1,0,0:0:0:0:
64,0,81508,1,0,0:0:0:0:
192,0,81578,1,0,0:0:0:0:
64,0,81647,1,0,0:0:0:0:
320,0,81647,1,0,0:0:0:0:
448,0,81647,1,0,0:0:0:0:
192,0,81717,1,0,0:0:0:0:
448,0,81787,1,0,0:0:0:0:
320,0,81857,1,0,0:0:0:0:
64,0,81926,1,0,0:0:0:0:
192,0,81926,1,0,0:0:0:0:
320,0,81996,1,0,0:0:0:0:
448,0,82066,1,0,0:0:0:0:
192,0,82136,1,0,0:0:0:0:
64,0,82205,1,0,0:0:0:0:
320,0,82205,1,0,0:0:0:0:
448,0,82205,1,0,0:0:0:0:
192,0,82275,1,0,0:0:0:0:
64,0,82345,1,0,0:0:0:0:
448,0,82415,1,0,0:0:0:0:
192,0,82484,1,0,0:0:0:0:
320,0,82484,1,0,0:0:0:0:
448,0,82554,1,0,0:0:0:0:
64,0,82624,1,0,0:0:0:0:
192,0,82694,1,0,0:0:0:0:
64,0,82763,1,0,0:0:0:0:
320,0,82763,1,0,0:0:0:0:
448,0,82763,1,0,0:0:0:0:
192,0,82833,1,0,0:0:0:0:
320,0,82903,1,0,0:0:0:0:
448,0,82973,1,0,0:0:0:0:
64,0,83042,1,0,0:0:0:0:
192,0,83042,1,0,0:0:0:0:
448,0,83112,1,0,0:0:0:0:
64,0,83182,1,0,0:0:0:0:
320,0,83252,1,0,0:0:0:0:
64,0,83321,1,0,0:0:0:0:
192,0,83321,1,0,0:0:0:0:
448,0,83321,1,0,0:0:0:0:
320,0,83391,1,0,0:0:0:0:
192,0,83461,1,0,0:0:0:0:
64,0,83531,1,0,0:0:0:0:
320,0,83600,1,0,0:0:0:0:
448,0,83600,1,0,0:0:0:0:
64,0,83670,1,0,0:0:0:0:
192,0,83740,1,0,0:0:0:0:
448,0,83810,1,0,0:0:0:0:
64,0,83879,1,0,0:0:0:0:
192,0,83879,1,0,0:0:0:0:
320,0,83879,1,0,0:0:0:0:
448,0,83949,1,0,0:0:0:0:
64,0,84019,1,0,0:0:0:0:
320,0,84089,1,0,0:0:0:0:
192,0,84159,1,0,0:0:0:0:
448,0,84159,1,0,0:0:0:0:
320,0,84228,1,0,0:0:0:0:
64,0,84298,1,0,0:0:0:0:
192,0,84368,1,0,0:0:0:0:
64,0,84438,1,0,0:0:0:0:
320,0,84438,1,0,0:0:0:0:
448,0,84438,1,0,0:0:0:0:
192,0,84507,1,0,0:0:0:0:
320,0,84577,1,0,0:0:0:0:
448,0,84647,1,0,0:0:0:0:
64,0,84717,1,0,0:0:0:0:
192,0,84717,1,0,0:0:0:0:
448,0,84786,1,0,0:0:0:0:
320,0,84856,1,0,0:0:0:0:
64,0,84926,1,0,0:0:0:0:
192,0,84996,1,0,0:0:0:0:
320,0,84996,1,0,0:0:0:0:
448,0,84996,1,0,0:0:0:0:
64,0,85065,1,0,0:0:0:0:
192,0,85135,1,0,0:0:0:0:
448,0,85205,1,0,0:0:0:0:
64,0,85275,1,0,0:0:0:0:
320,0,85275,1,0,0:0:0:0:
448,0,85344,1,0,0:0:0:0:
192,0,85414,1,0,0:0:0:0:
320,0,85484,1,0,0:0:0:0:
64,0,85554,1,0,0:0:0:0:
192,0,85554,1,0,0:0:0:0:
448,0,85554,1,0,0:0:0:0:
320,0,85623,1,0,0:0:0:0:
64,0,85693,1,0,0:0:0:0:
192,0,85763,1,0,0:0:0:0:
320,0,85833,1,0,0:0:0:0:
448,0,85833,1,0,0:0:0:0:
192,0,85902,1,0,0:0:0:0:
64,0,85972,1,0,0:0:0:0:
448,0,86042,1,0,0:0:0:0:
64,0,86112,1,0,0:0:0:0:
192,0,86112,1,0,0:0:0:0:
320,0,86112,1,0,0:0:0:0:
448,0,86181,1,0,0:0:0:0:
192,0,86251,1,0,0:0:0:0:
64,0,86321,1,0,0:0:0:0:
320,0,86391,1,0,0:0:0:0:
448,0,86391,1,0,0:0:0:0:
192,0,86460,1,0,0:0:0:0:
64,0,86530,1,0,0:0:0:0:
320,0,86600,1,0,0:0:0:0:
64,0,86670,1,0,0:0:0:0:
192,0,86670,1,0,0:0:0:0:
448,0,86670,1,0,0:0:0:0:
320,0,86739,1,0,0:0:0:0:
192,0,86809,1,0,0:0:0:0:
448,0,86879,1,0,0:0:0:0:
64,0,86949,1,0,0:0:0:0:
320,0,86949,1,0,0:0:0:0:
192,0,87018,1,0,0:0:0:0:
448,0,87088,1,0,0:0:0:0:
320,0,87158,1,0,0:0:0:0:
64,0,87228,1,0,0:0:0:0:
192,0,87228,1,0,0:0:0:0:
448,0,87228,1,0,0:0:0:0:
320,0,87297,1,0,0:0:0:0:
64,0,87367,1,0,0:0:0:0:
192,0,87437,1,0,0:0:0:0:
320,0,87507,1,0,0:0:0:0:
448,0,87507,1,0,0:0:0:0:
192,0,87576,1,0,0:0:0:0:
320,0,87646,1,0,0:0:0:0:
192,0,87716,1,0,0:0:0:0:
64,0,87786,1,0,0:0:0:0:
320,0,87786,1,0,0:0:0:0:
448,0,87786,1,0,0:0:0:0:
192,0,87855,1,0,0:0:0:0:
320,0,87925,1,0,0:0:0:0:
192,0,87995,1,0,0:0:0:0:
320,0,88065,1,0,0:0:0:0:
448,0,88065,1,0,0:0:0:0:
192,0,88134,1,0,0:0:0:0:
320,0,88204,1,0,0:0:0:0:
192,0,88274,1,0,0:0:0:0:
64,0,88344,1,0,0:0:0:0:
320,0,88344,1,0,0:0:0:0:
448,0,88344,1,0,0:0:0:0:
192,0,88413,1,0,0:0:0:0:
320,0,88483,1,0,0:0:0:0:
448,0,88483,1,0,0:0:0:0:
192,0,88553,1,0,0:0:0:0:
64,0,88623,1,0,0:0:0:0:
448,0,88623,1,0,0:0:0:0:
320,0,88692,1,0,0:0:0:0:
192,0,88762,1,0,0:0:0:0:
64,0,88832,1,0,0:0:0:0:
192,0,88902,1,0,0:0:0:0:
320,0,88971,1,0,0:0:0:0:
64,0,89041,1,0,0:0:0:0:
448,0,89041,1,0,0:0:0:0:
320,0,89111,1,0,0:0:0:0:
192,0,89181,1,0,0:0:0:0:
64,0,89250,1,0,0:0:0:0:
192,0,89320,1,0,0:0:0:0:
320,0,89390,1,0,0:0:0:0:
448,0,89460,1,0,0:0:0:0:
320,0,89530,1,0,0:0:0:0:
64,0,89599,1,0,0:0:0:0:
192,0,89599,1,0,0:0:0:0:
448,0,89669,1,0,0:0:0:0:
64,0,89739,1,0,0:0:0:0:
192,0,89739,1,0,0:0:0:0:
320,0,89739,1,0,0:0:0:0:
448,0,89809,1,0,0:0:0:0:
64,0,89878,1,0,0:0:0:0:
320,0,89878,1,0,0:0:0:0:
192,0,89948,1,0,0:0:0:0:
64,0,90018,1,0,0:0:0:0:
448,0,90018,1,0,0:0:0:0:
320,0,90088,1,0,0:0:0:0:
64,0,90157,1,0,0:0:0:0:
192,0,90157,1,0,0:0:0:0:
448,0,90227,1,0,0:0:0:0:
320,0,90297,1,0,0:0:0:0:
64,0,90367,1,0,0:0:0:0:
448,0,90436,1,0,0:0:0:0:
192,0,90506,1,0,0:0:0:0:
64,0,90576,1,0,0:0:0:0:
448,0,90576,1,0,0:0:0:0:
320,0,90646,1,0,0:0:0:0:
192,0,90715,1,0,0:0:0:0:
448,0,90785,1,0,0:0:0:0:
64,0,90855,1,0,0:0:0:0:
448,0,90925,1,0,0:0:0:0:
192,0,90994,1,0,0:0:0:0:
320,0,91064,1,0,0:0:0:0:
64,0,91134,1,0,0:0:0:0:
448,0,91134,1,0,0:0:0:0:
192,0,91204,1,0,0:0:0:0:
320,0,91273,1,0,0:0:0:0:
448,0,91273,1,0,0:0:0:0:
64,0,91343,1,0,0:0:0:0:
192,0,91413,1,0,0:0:0:0:
320,0,91413,1,0,0:0:0:0:
448,0,91483,1,0,0:0:0:0:
64,0,91552,1,0,0:0:0:0:
320,0,91622,1,0,0:0:0:0:
64,0,91692,1,0,0:0:0:0:
448,0,91692,1,0,0:0:0:0:
192,0,91762,1,0,0:0:0:0:
320,0,91831,1,0,0:0:0:0:
448,0,91831,1,0,0:0:0:0:
64,0,91901,1,0,0:0:0:0:
320,0,91971,1,0,0:0:0:0:
64,0,92041,1,0,0:0:0:0:
192,0,92041,1,0,0:0:0:0:
320,0,92110,1,0,0:0:0:0:
192,0,92180,1,0,0:0:0:0:
64,0,92250,1,0,0:0:0:0:
448,0,92250,1,0,0:0:0:0:
320,0,92320,1,0,0:0:0:0:
64,0,92389,1,0,0:0:0:0:
192,0,92389,1,0,0:0:0:0:
320,0,92459,1,0,0:0:0:0:
192,0,92529,1,0,0:0:0:0:
448,0,92599,1,0,0:0:0:0:
192,0,92668,1,0,0:0:0:0:
448,0,92738,1,0,0:0:0:0:
64,0,92808,1,0,0:0:0:0:
320,0,92808,1,0,0:0:0:0:
192,0,92878,1,0,0:0:0:0:
320,0,92947,1,0,0:0:0:0:
192,0,93017,1,0,0:0:0:0:
448,0,93087,1,0,0:0:0:0:
64,0,93157,1,0,0:0:0:0:
320,0,93226,1,0,0:0:0:0:
64,0,93296,1,0,0:0:0:0:
192,0,93366,1,0,0:0:0:0:
448,0,93366,1,0,0:0:0:0:
320,0,93436,1,0,0:0:0:0:
64,0,93505,1,0,0:0:0:0:
448,0,93505,1,0,0:0:0:0:
320,0,93575,1,0,0:0:0:0:
64,0,93645,1,0,0:0:0:0:
192,0,93645,1,0,0:0:0:0:
448,0,93715,1,0,0:0:0:0:
320,0,93784,1,0,0:0:0:0:
448,0,93854,1,0,0:0:0:0:
64,0,93924,1,0,0:0:0:0:
192,0,93924,1,0,0:0:0:0:
320,0,93994,1,0,0:0:0:0:
192,0,94063,1,0,0:0:0:0:
320,0,94133,1,0,0:0:0:0:
448,0,94133,1,0,0:0:0:0:
64,0,94203,1,0,0:0:0:0:
192,0,94203,1,0,0:0:0:0:
448,0,94273,1,0,0:0:0:0:
320,0,94342,1,0,0:0:0:0:
192,0,94412,1,0,0:0:0:0:
448,0,94412,1,0,0:0:0:0:
64,0,94482,1,0,0:0:0:0:
320,0,94482,1,0,0:0:0:0:
192,0,94552,1,0,0:0:0:0:
320,0,94622,1,0,0:0:0:0:
448,0,94691,1,0,0:0:0:0:
64,0,94761,1,0,0:0:0:0:
192,0,94831,1,0,0:0:0:0:
320,0,94901,1,0,0:0:0:0:
448,0,94901,1,0,0:0:0:0:
64,0,94970,1,0,0:0:0:0:
192,0,95040,1,0,0:0:0:0:
320,0,95040,1,0,0:0:0:0:
448,0,95110,1,0,0:0:0:0:
64,0,95180,1,0,0:0:0:0:
192,0,95249,1,0,0:0:0:0:
448,0,95319,1,0,0:0:0:0:
320,0,95389,1,0,0:0:0:0:
192,0,95459,1,0,0:0:0:0:
64,0,95528,1,0,0:0:0:0:
320,0,95598,1,0,0:0:0:0:
448,0,95598,1,0,0:0:0:0:
192,0,95668,1,0,0:0:0:0:
64,0,95738,1,0,0:0:0:0:
448,0,95807,1,0,0:0:0:0:
192,0,95877,1,0,0:0:0:0:
320,0,95877,1,0,0:0:0:0:
64,0,95947,1,0,0:0:0:0:
320,0,96017,1,0,0:0:0:0:
448,0,96017,1,0,0:0:0:0:
192,0,96086,1,0,0:0:0:0:
64,0,96156,1,0,0:0:0:0:
448,0,96156,1,0,0:0:0:0:
320,0,96226,1,0,0:0:0:0:
192,0,96296,1,0,0:0:0:0:
64,0,96365,1,0,0:0:0:0:
320,0,96435,1,0,0:0:0:0:
448,0,96435,1,0,0:0:0:0:
192,0,96505,1,0,0:0:0:0:
320,0,96575,1,0,0:0:0:0:
192,0,96644,1,0,0:0:0:0:
64,0,96714,1,0,0:0:0:0:
448,0,96714,1,0,0:0:0:0:
192,0,96784,1,0,0:0:0:0:
320,0,96854,1,0,0:0:0:0:
192,0,96923,1,0,0:0:0:0:
320,0,96993,1,0,0:0:0:0:
192,0,97063,1,0,0:0:0:0:
320,0,97133,1,0,0:0:0:0:
192,0,97202,1,0,0:0:0:0:
64,0,97272,1,0,0:0:0:0:
448,0,97272,1,0,0:0:0:0:
320,0,97342,1,0,0:0:0:0:
192,0,97412,1,0,0:0:0:0:
448,0,97481,1,0,0:0:0:0:
320,0,97551,1,0,0:0:0:0:
64,0,97621,1,0,0:0:0:0:
192,0,97691,1,0,0:0:0:0:
320,0,97760,1,0,0:0:0:0:
64,0,97830,1,0,0:0:0:0:
192,0,97830,1,0,0:0:0:0:
448,0,97900,1,0,0:0:0:0:
192,0,97970,1,0,0:0:0:0:
320,0,97970,1,0,0:0:0:0:
64,0,98039,1,0,0:0:0:0:
320,0,98109,1,0,0:0:0:0:
448,0,98109,1,0,0:0:0:0:
192,0,98179,1,0,0:0:0:0:
64,0,98249,1,0,0:0:0:0:
320,0,98318,1,0,0:0:0:0:
448,0,98318,1,0,0:0:0:0:
64,0,98388,1,0,0:0:0:0:
192,0,98388,1,0,0:0:0:0:
448,0,98458,1,0,0:0:0:0:
64,0,98528,1,0,0:0:0:0:
192,0,98528,1,0,0:0:0:0:
320,0,98597,1,0,0:0:0:0:
64,0,98667,1,0,0:0:0:0:
192,0,98667,1,0,0:0:0:0:
448,0,98667,1,0,0:0:0:0:
320,0,98737,1,0,0:0:0:0:
192,0,98807,1,0,0:0:0:0:
448,0,98876,1,0,0:0:0:0:
64,0,98946,1,0,0:0:0:0:
320,0,98946,1,0,0:0:0:0:
192,0,99016,1,0,0:0:0:0:
64,0,99086,1,0,0:0:0:0:
320,0,99086,1,0,0:0:0:0:
448,0,99155,1,0,0:0:0:0:
192,0,99225,1,0,0:0:0:0:
448,0,99295,1,0,0:0:0:0:
192,0,99365,1,0,0:0:0:0:
320,0,99434,1,0,0:0:0:0:
64,0,99504,1,0,0:0:0:0:
448,0,99504,1,0,0:0:0:0:
192,0,99574,1,0,0:0:0:0:
64,0,99644,1,0,0:0:0:0:
192,0,99713,1,0,0:0:0:0:
320,0,99783,1,0,0:0:0:0:
192,0,99853,1,0,0:0:0:0:
448,0,99923,1,0,0:0:0:0:
64,0,99993,1,0,0:0:0:0:
320,0,100062,1,0,0:0:0:0:
448,0,100062,1,0,0:0:0:0:
192,0,100132,1,0,0:0:0:0:
320,0,100202,1,0,0:0:0:0:
448,0,100202,1,0,0:0:0:0:
192,0,100272,1,0,0:0:0:0:
64,0,100341,1,0,0:0:0:0:
448,0,100341,1,0,0:0:0:0:
192,0,100411,1,0,0:0:0:0:
320,0,100481,1,0,0:0:0:0:
448,0,100551,1,0,0:0:0:0:
192,0,100620,1,0,0:0:0:0:
320,0,100620,1,0,0:0:0:0:
64,0,100690,1,0,0:0:0:0:
320,0,100760,1,0,0:0:0:0:
448,0,100760,1,0,0:0:0:0:
64,0,100830,1,0,0:0:0:0:
192,0,100899,1,0,0:0:0:0:
448,0,100899,1,0,0:0:0:0:
320,0,100969,1,0,0:0:0:0:
192,0,101039,1,0,0:0:0:0:
448,0,101039,1,0,0:0:0:0:
320,0,101109,1,0,0:0:0:0:
64,0,101178,1,0,0:0:0:0:
448,0,101178,1,0,0:0:0:0:
192,0,101248,1,0,0:0:0:0:
64,0,101318,1,0,0:0:0:0:
320,0,101318,1,0,0:0:0:0:
192,0,101388,1,0,0:0:0:0:
320,0,101457,1,0,0:0:0:0:
192,0,101527,1,0,0:0:0:0:
448,0,101597,1,0,0:0:0:0:
320,0,101667,1,0,0:0:0:0:
64,0,101736,1,0,0:0:0:0:
448,0,101736,1,0,0:0:0:0:
192,0,101806,1,0,0:0:0:0:
64,0,101876,1,0,0:0:0:0:
192,0,101946,1,0,0:0:0:0:
320,0,102015,1,0,0:0:0:0:
192,0,102085,1,0,0:0:0:0:
320,0,102155,1,0,0:0:0:0:
448,0,102225,1,0,0:0:0:0:
64,0,102294,1,0,0:0:0:0:
192,0,102294,1,0,0:0:0:0:
320,0,102364,1,0,0:0:0:0:
64,0,102434,1,0,0:0:0:0:
192,0,102434,1,0,0:0:0:0:
320,0,102504,1,0,0:0:0:0:
64,0,102573,1,0,0:0:0:0:
448,0,102573,1,0,0:0:0:0:
192,0,102643,1,0,0:0:0:0:
320,0,102713,1,0,0:0:0:0:
64,0,102783,1,0,0:0:0:0:
192,0,102783,1,0,0:0:0:0:
320,0,102852,1,0,0:0:0:0:
448,0,102852,1,0,0:0:0:0:
64,0,102922,1,0,0:0:0:0:
320,0,102992,1,0,0:0:0:0:
448,0,102992,1,0,0:0:0:0:
64,0,103062,1,0,0:0:0:0:
192,0,103131,1,0,0:0:0:0:
448,0,103131,1,0,0:0:0:0:
320,0,103201,1,0,0:0:0:0:
192,0,103271,1,0,0:0:0:0:
448,0,103271,1,0,0:0:0:0:
320,0,103341,1,0,0:0:0:0:
64,0,103410,1,0,0:0:0:0:
192,0,103410,1,0,0:0:0:0:
448,0,103480,1,0,0:0:0:0:
64,0,103550,1,0,0:0:0:0:
192,0,103550,1,0,0:0:0:0:
448,0,103620,1,0,0:0:0:0:
320,0,103689,1,0,0:0:0:0:
448,0,103759,1,0,0:0:0:0:
64,0,103829,1,0,0:0:0:0:
192,0,103899,1,0,0:0:0:0:
64,0,103968,1,0,0:0:0:0:
448,0,103968,1,0,0:0:0:0:
320,0,104038,1,0,0:0:0:0:
448,0,104108,1,0,0:0:0:0:
320,0,104178,1,0,0:0:0:0:
192,0,104247,1,0,0:0:0:0:
320,0,104317,1,0,0:0:0:0:
64,0,104387,1,0,0:0:0:0:
192,0,104457,1,0,0:0:0:0:
64,0,104526,1,0,0:0:0:0:
448,0,104526,1,0,0:0:0:0:
320,0,104596,1,0,0:0:0:0:
192,0,104666,1,0,0:0:0:0:
64,0,104736,1,0,0:0:0:0:
320,0,104805,1,0,0:0:0:0:
448,0,104805,1,0,0:0:0:0:
192,0,104875,1,0,0:0:0:0:
64,0,104945,1,0,0:0:0:0:
320,0,104945,1,0,0:0:0:0:
192,0,105015,1,0,0:0:0:0:
320,0,105084,1,0,0:0:0:0:
448,0,105084,1,0,0:0:0:0:
192,0,105154,1,0,0:0:0:0:
320,0,105224,1,0,0:0:0:0:
192,0,105294,1,0,0:0:0:0:
64,0,105364,1,0,0:0:0:0:
448,0,105364,1,0,0:0:0:0:
320,0,105433,1,0,0:0:0:0:
448,0,105503,1,0,0:0:0:0:
320,0,105573,1,0,0:0:0:0:
192,0,105643,1,0,0:0:0:0:
448,0,105643,1,0,0:0:0:0:
320,0,105712,1,0,0:0:0:0:
64,0,105782,1,0,0:0:0:0:
448,0,105782,1,0,0:0:0:0:
192,0,105852,1,0,0:0:0:0:
64,0,105922,1,0,0:0:0:0:
320,0,105922,1,0,0:0:0:0:
192,0,105991,1,0,0:0:0:0:
64,0,106061,1,0,0:0:0:0:
192,0,106131,1,0,0:0:0:0:
64,0,106201,1,0,0:0:0:0:
448,0,106201,1,0,0:0:0:0:
192,0,106270,1,0,0:0:0:0:
64,0,106340,1,0,0:0:0:0:
320,0,106340,1,0,0:0:0:0:
448,0,106410,1,0,0:0:0:0:
64,0,106480,1,0,0:0:0:0:
192,0,106480,1,0,0:0:0:0:
320,0,106480,1,0,0:0:0:0:
320,0,107177,1,0,0:0:0:0:
192,0,107224,1,0,0:0:0:0:
448,0,107270,1,0,0:0:0:0:
320,0,107317,1,0,0:0:0:0:
192,0,107386,1,0,0:0:0:0:
192,0,107526,1,0,0:0:0:0:
64,0,107596,1,0,0:0:0:0:
320,0,107596,1,0,0:0:0:0:
448,0,107596,1,0,0:0:0:0:
320,0,107875,128,0,107944:0:0:0:0:
448,0,108014,128,0,108084:0:0:0:0:
192,0,108154,1,0,0:0:0:0:
320,0,108154,128,0,108223:0:0:0:0:
448,0,108293,128,0,108363:0:0:0:0:
64,0,108433,128,0,108502:0:0:0:0:
192,0,108572,128,0,108642:0:0:0:0:
64,0,108712,1,0,0:0:0:0:
448,0,108712,1,0,0:0:0:0:
320,0,108851,128,0,108921:0:0:0:0:
192,0,108991,128,0,109060:0:0:0:0:
192,0,109270,128,0,109339:0:0:0:0:
448,0,109270,1,0,0:0:0:0:
320,0,109409,128,0,109479:0:0:0:0:
192,0,109549,128,0,109618:0:0:0:0:
64,0,109688,128,0,109758:0:0:0:0:
320,0,109828,1,0,0:0:0:0:
448,0,109828,1,0,0:0:0:0:
192,0,109967,128,0,110037:0:0:0:0:
320,0,110107,128,0,110176:0:0:0:0:
64,0,110386,128,0,110456:0:0:0:0:
448,0,110386,1,0,0:0:0:0:
192,0,110525,128,0,110595:0:0:0:0:
64,0,110665,1,0,0:0:0:0:
448,0,110665,128,0,110735:0:0:0:0:
320,0,110804,128,0,110874:0:0:0:0:
64,0,110944,1,0,0:0:0:0:
192,0,110944,1,0,0:0:0:0:
320,0,111083,128,0,111153:0:0:0:0:
192,0,111223,128,0,111293:0:0:0:0:
64,0,111502,1,0,0:0:0:0:
320,0,111502,128,0,111572:0:0:0:0:
320,0,111781,128,0,111851:0:0:0:0:
64,0,111920,1,0,0:0:0:0:
192,0,111920,128,0,111990:0:0:0:0:
64,0,112060,1,0,0:0:0:0:
448,0,112060,1,0,0:0:0:0:
64,0,112339,128,0,112409:0:0:0:0:
192,0,112478,128,0,112548:0:0:0:0:
320,0,112618,128,0,112688:0:0:0:0:
448,0,112618,1,0,0:0:0:0:
192,0,112757,128,0,112827:0:0:0:0:
64,0,112897,1,0,0:0:0:0:
448,0,112897,128,0,112967:0:0:0:0:
320,0,113036,128,0,113106:0:0:0:0:
64,0,113176,1,0,0:0:0:0:
448,0,113176,1,0,0:0:0:0:
192,0,113315,128,0,113385:0:0:0:0:
320,0,113455,128,0,113525:0:0:0:0:
64,0,113734,128,0,113804:0:0:0:0:
320,0,113873,128,0,113943:0:0:0:0:
192,0,114013,128,0,114083:0:0:0:0:
320,0,114152,128,0,114222:0:0:0:0:
448,0,114152,1,0,0:0:0:0:
192,0,114431,128,0,114501:0:0:0:0:
64,0,114571,1,0,0:0:0:0:
320,0,114571,128,0,114641:0:0:0:0:
64,0,114850,1,0,0:0:0:0:
192,0,114850,128,0,114920:0:0:0:0:
320,0,114989,128,0,115059:0:0:0:0:
64,0,115129,1,0,0:0:0:0:
448,0,115129,128,0,115199:0:0:0:0:
320,0,115268,128,0,115338:0:0:0:0:
64,0,115547,1,0,0:0:0:0:
192,0,115547,128,0,115617:0:0:0:0:
448,0,115687,128,0,115757:0:0:0:0:
448,0,115966,128,0,116036:0:0:0:0:
320,0,116106,128,0,116175:0:0:0:0:
448,0,116245,128,0,116315:0:0:0:0:
320,0,116385,128,0,116454:0:0:0:0:
64,0,116524,1,0,0:0:0:0:
192,0,116524,1,0,0:0:0:0:
448,0,116524,1,0,0:0:0:0:
320,0,116803,128,0,116873:0:0:0:0:
448,0,116943,128,0,117012:0:0:0:0:
192,0,117082,1,0,0:0:0:0:
320,0,117082,128,0,117152:0:0:0:0:
448,0,117222,128,0,117291:0:0:0:0:
64,0,117361,128,0,117431:0:0:0:0:
192,0,117501,128,0,117570:0:0:0:0:
64,0,117640,1,0,0:0:0:0:
448,0,117640,1,0,0:0:0:0:
320,0,117780,128,0,117849:0:0:0:0:
192,0,117919,128,0,117989:0:0:0:0:
64,0,118198,1,0,0:0:0:0:
448,0,118198,128,0,118268:0:0:0:0:
320,0,118338,128,0,118407:0:0:0:0:
64,0,118477,128,0,118547:0:0:0:0:
64,0,118617,128,0,118686:0:0:0:0:
320,0,118756,1,0,0:0:0:0:
448,0,118756,1,0,0:0:0:0:
192,0,118896,128,0,118965:0:0:0:0:
320,0,119035,128,0,119105:0:0:0:0:
64,0,119314,128,0,119384:0:0:0:0:
448,0,119314,1,0,0:0:0:0:
192,0,119454,128,0,119523:0:0:0:0:
64,0,119593,1,0,0:0:0:0:
448,0,119593,128,0,119663:0:0:0:0:
320,0,119733,128,0,119802:0:0:0:0:
64,0,119872,1,0,0:0:0:0:
192,0,119872,1,0,0:0:0:0:
320,0,120012,128,0,120081:0:0:0:0:
192,0,120151,128,0,120221:0:0:0:0:
64,0,120430,1,0,0:0:0:0:
320,0,120430,128,0,120500:0:0:0:0:
320,0,120709,128,0,120779:0:0:0:0:
64,0,120849,1,0,0:0:0:0:
320,0,120849,128,0,120919:0:0:0:0:
64,0,120988,1,0,0:0:0:0:
448,0,120988,1,0,0:0:0:0:
64,0,121267,128,0,121337:0:0:0:0:
192,0,121407,128,0,121477:0:0:0:0:
320,0,121546,128,0,121616:0:0:0:0:
448,0,121546,1,0,0:0:0:0:
192,0,121686,128,0,121756:0:0:0:0:
64,0,121825,1,0,0:0:0:0:
448,0,121825,128,0,121895:0:0:0:0:
320,0,121965,128,0,122035:0:0:0:0:
64,0,122104,1,0,0:0:0:0:
448,0,122104,1,0,0:0:0:0:
192,0,122244,128,0,122314:0:0:0:0:
320,0,122383,128,0,122453:0:0:0:0:
64,0,122662,128,0,122732:0:0:0:0:
320,0,122802,128,0,122872:0:0:0:0:
192,0,122941,128,0,123011:0:0:0:0:
320,0,123081,128,0,123151:0:0:0:0:
448,0,123081,1,0,0:0:0:0:
192,0,123360,128,0,123430:0:0:0:0:
64,0,123499,1,0,0:0:0:0:
320,0,123499,128,0,123569:0:0:0:0:
64,0,123778,1,0,0:0:0:0:
192,0,123778,128,0,123848:0:0:0:0:
320,0,123918,128,0,123988:0:0:0:0:
64,0,124057,1,0,0:0:0:0:
448,0,124057,128,0,124127:0:0:0:0:
320,0,124197,128,0,124267:0:0:0:0:
64,0,124476,1,0,0:0:0:0:
448,0,124476,128,0,125173:0:0:0:0:
64,0,125173,1,0,0:0:0:0:
192,0,125208,1,0,0:0:0:0:
320,0,125243,1,0,0:0:0:0:
448,0,125278,1,0,0:0:0:0:
64,0,125313,1,0,0:0:0:0:
192,0,125348,1,0,0:0:0:0:
320,0,125383,1,0,0:0:0:0:
448,0,125418,1,0,0:0:0:0:
64,0,125452,1,0,0:0:0:0:
192,0,125452,1,0,0:0:0:0:
192,0,125592,1,0,0:0:0:0:
320,0,125731,1,0,0:0:0:0:
448,0,125731,1,0,0:0:0:0:
192,0,125871,1,0,0:0:0:0:
320,0,125871,1,0,0:0:0:0:
64,0,126010,1,0,0:0:0:0:
192,0,126010,1,0,0:0:0:0:
64,0,126150,1,0,0:0:0:0:
448,0,126150,1,0,0:0:0:0:
320,0,126290,1,0,0:0:0:0:
448,0,126290,1,0,0:0:0:0:
320,0,126429,1,0,0:0:0:0:
448,0,126429,1,0,0:0:0:0:
64,0,126569,1,0,0:0:0:0:
192,0,126569,1,0,0:0:0:0:
320,0,126708,1,0,0:0:0:0:
448,0,126708,1,0,0:0:0:0:
192,0,126848,1,0,0:0:0:0:
320,0,126848,1,0,0:0:0:0:
64,0,126987,1,0,0:0:0:0:
192,0,127127,1,0,0:0:0:0:
320,0,127127,1,0,0:0:0:0:
320,0,127266,1,0,0:0:0:0:
448,0,127266,1,0,0:0:0:0:
64,0,127406,1,0,0:0:0:0:
448,0,127406,1,0,0:0:0:0:
64,0,127545,1,0,0:0:0:0:
448,0,127545,1,0,0:0:0:0:
192,0,127685,1,0,0:0:0:0:
320,0,127685,1,0,0:0:0:0:
64,0,127824,1,0,0:0:0:0:
448,0,127824,1,0,0:0:0:0:
64,0,127964,1,0,0:0:0:0:
192,0,127964,1,0,0:0:0:0:
320,0,128103,1,0,0:0:0:0:
64,0,128243,1,0,0:0:0:0:
192,0,128243,1,0,0:0:0:0:
192,0,128382,1,0,0:0:0:0:
320,0,128382,1,0,0:0:0:0:
320,0,128522,1,0,0:0:0:0:
448,0,128522,1,0,0:0:0:0:
64,0,128661,1,0,0:0:0:0:
448,0,128661,1,0,0:0:0:0:
192,0,128801,1,0,0:0:0:0:
320,0,128801,1,0,0:0:0:0:
64,0,128940,1,0,0:0:0:0:
448,0,128940,1,0,0:0:0:0:
64,0,129080,1,0,0:0:0:0:
192,0,129080,1,0,0:0:0:0:
320,0,129219,1,0,0:0:0:0:
64,0,129359,1,0,0:0:0:0:
192,0,129359,1,0,0:0:0:0:
320,0,129498,1,0,0:0:0:0:
64,0,129638,1,0,0:0:0:0:
192,0,129638,1,0,0:0:0:0:
64,0,129777,1,0,0:0:0:0:
192,0,129777,1,0,0:0:0:0:
64,0,129917,1,0,0:0:0:0:
192,0,129917,1,0,0:0:0:0:
448,0,129917,1,0,0:0:0:0:
320,0,130056,1,0,0:0:0:0:
448,0,130056,1,0,0:0:0:0:
192,0,130196,1,0,0:0:0:0:
320,0,130196,1,0,0:0:0:0:
192,0,130335,1,0,0:0:0:0:
320,0,130335,1,0,0:0:0:0:
64,0,130475,1,0,0:0:0:0:
192,0,130475,1,0,0:0:0:0:
192,0,130614,1,0,0:0:0:0:
320,0,130614,1,0,0:0:0:0:
64,0,130754,1,0,0:0:0:0:
448,0,130754,1,0,0:0:0:0:
64,0,130893,1,0,0:0:0:0:
448,0,130893,1,0,0:0:0:0:
320,0,131033,1,0,0:0:0:0:
448,0,131033,1,0,0:0:0:0:
64,0,131172,1,0,0:0:0:0:
192,0,131172,1,0,0:0:0:0:
64,0,131312,1,0,0:0:0:0:
192,0,131312,1,0,0:0:0:0:
192,0,131451,1,0,0:0:0:0:
320,0,131451,1,0,0:0:0:0:
64,0,131591,1,0,0:0:0:0:
448,0,131591,1,0,0:0:0:0:
64,0,131730,1,0,0:0:0:0:
448,0,131730,1,0,0:0:0:0:
320,0,131870,1,0,0:0:0:0:
448,0,131870,1,0,0:0:0:0:
320,0,132009,1,0,0:0:0:0:
448,0,132009,1,0,0:0:0:0:
64,0,132149,1,0,0:0:0:0:
192,0,132149,1,0,0:0:0:0:
320,0,132219,1,0,0:0:0:0:
448,0,132219,1,0,0:0:0:0:
64,0,132288,1,0,0:0:0:0:
192,0,132288,1,0,0:0:0:0:
320,0,132358,1,0,0:0:0:0:
448,0,132358,1,0,0:0:0:0:
64,0,132428,1,0,0:0:0:0:
192,0,132428,1,0,0:0:0:0:
320,0,132498,1,0,0:0:0:0:
448,0,132498,1,0,0:0:0:0:
64,0,132567,1,0,0:0:0:0:
192,0,132567,1,0,0:0:0:0:
320,0,132637,1,0,0:0:0:0:
448,0,132637,1,0,0:0:0:0:
64,0,132707,1,0,0:0:0:0:
192,0,132707,1,0,0:0:0:0:
320,0,132777,1,0,0:0:0:0:
448,0,132777,1,0,0:0:0:0:
64,0,132846,1,0,0:0:0:0:
192,0,132846,1,0,0:0:0:0:
320,0,132916,1,0,0:0:0:0:
448,0,132916,1,0,0:0:0:0:
64,0,132986,1,0,0:0:0:0:
192,0,132986,1,0,0:0:0:0:
320,0,133056,1,0,0:0:0:0:
448,0,133056,1,0,0:0:0:0:
64,0,133125,1,0,0:0:0:0:
192,0,133125,1,0,0:0:0:0:
320,0,133195,1,0,0:0:0:0:
448,0,133195,1,0,0:0:0:0:
64,0,133265,1,0,0:0:0:0:
192,0,133265,1,0,0:0:0:0:
320,0,133311,1,0,0:0:0:0:
448,0,133358,1,0,0:0:0:0:
64,0,133404,1,0,0:0:0:0:
192,0,133404,1,0,0:0:0:0:
320,0,133451,1,0,0:0:0:0:
448,0,133497,1,0,0:0:0:0:
64,0,133544,1,0,0:0:0:0:
192,0,133544,1,0,0:0:0:0:
320,0,133590,1,0,0:0:0:0:
448,0,133637,1,0,0:0:0:0:
64,0,133683,1,0,0:0:0:0:
192,0,133730,1,0,0:0:0:0:
320,0,133776,1,0,0:0:0:0:
64,0,133823,1,0,0:0:0:0:
448,0,133823,1,0,0:0:0:0:
192,0,133858,1,0,0:0:0:0:
320,0,133893,1,0,0:0:0:0:
448,0,133928,1,0,0:0:0:0:
64,0,133962,1,0,0:0:0:0:
192,0,133997,1,0,0:0:0:0:
320,0,134032,1,0,0:0:0:0:
448,0,134067,1,0,0:0:0:0:
64,0,134102,1,0,0:0:0:0:
192,0,134102,1,0,0:0:0:0:
64,0,134241,1,0,0:0:0:0:
320,0,134241,1,0,0:0:0:0:
64,0,134381,1,0,0:0:0:0:
192,0,134381,1,0,0:0:0:0:
448,0,134381,1,0,0:0:0:0:
320,0,134451,1,0,0:0:0:0:
192,0,134520,1,0,0:0:0:0:
64,0,134590,1,0,0:0:0:0:
320,0,134660,1,0,0:0:0:0:
448,0,134660,1,0,0:0:0:0:
192,0,134730,1,0,0:0:0:0:
64,0,134799,1,0,0:0:0:0:
448,0,134799,1,0,0:0:0:0:
320,0,134869,1,0,0:0:0:0:
64,0,134939,1,0,0:0:0:0:
192,0,134939,1,0,0:0:0:0:
448,0,135009,1,0,0:0:0:0:
192,0,135078,1,0,0:0:0:0:
320,0,135078,1,0,0:0:0:0:
64,0,135148,1,0,0:0:0:0:
192,0,135218,1,0,0:0:0:0:
448,0,135218,1,0,0:0:0:0:
64,0,135288,1,0,0:0:0:0:
192,0,135357,1,0,0:0:0:0:
448,0,135357,1,0,0:0:0:0:
320,0,135427,1,0,0:0:0:0:
64,0,135497,1,0,0:0:0:0:
192,0,135567,1,0,0:0:0:0:
64,0,135636,1,0,0:0:0:0:
448,0,135636,1,0,0:0:0:0:
320,0,135706,1,0,0:0:0:0:
64,0,135776,1,0,0:0:0:0:
448,0,135776,1,0,0:0:0:0:
192,0,135846,1,0,0:0:0:0:
320,0,135915,1,0,0:0:0:0:
448,0,135985,1,0,0:0:0:0:
64,0,136055,1,0,0:0:0:0:
192,0,136055,1,0,0:0:0:0:
320,0,136125,1,0,0:0:0:0:
64,0,136194,1,0,0:0:0:0:
192,0,136194,1,0,0:0:0:0:
320,0,136264,1,0,0:0:0:0:
64,0,136334,1,0,0:0:0:0:
448,0,136334,1,0,0:0:0:0:
192,0,136404,1,0,0:0:0:0:
64,0,136473,1,0,0:0:0:0:
448,0,136473,1,0,0:0:0:0:
192,0,136543,1,0,0:0:0:0:
320,0,136613,1,0,0:0:0:0:
448,0,136683,1,0,0:0:0:0:
64,0,136753,1,0,0:0:0:0:
192,0,136753,1,0,0:0:0:0:
320,0,136822,1,0,0:0:0:0:
64,0,136892,1,0,0:0:0:0:
192,0,136892,1,0,0:0:0:0:
320,0,136962,1,0,0:0:0:0:
448,0,137032,1,0,0:0:0:0:
64,0,137101,1,0,0:0:0:0:
192,0,137171,1,0,0:0:0:0:
448,0,137171,1,0,0:0:0:0:
320,0,137241,1,0,0:0:0:0:
192,0,137311,1,0,0:0:0:0:
448,0,137311,1,0,0:0:0:0:
320,0,137380,1,0,0:0:0:0:
64,0,137450,1,0,0:0:0:0:
192,0,137450,1,0,0:0:0:0:
448,0,137520,1,0,0:0:0:0:
64,0,137590,1,0,0:0:0:0:
192,0,137590,1,0,0:0:0:0:
448,0,137659,1,0,0:0:0:0:
320,0,137729,1,0,0:0:0:0:
192,0,137799,1,0,0:0:0:0:
64,0,137869,1,0,0:0:0:0:
448,0,137869,1,0,0:0:0:0:
320,0,137938,1,0,0:0:0:0:
64,0,138008,1,0,0:0:0:0:
448,0,138008,1,0,0:0:0:0:
320,0,138078,1,0,0:0:0:0:
192,0,138148,1,0,0:0:0:0:
64,0,138217,1,0,0:0:0:0:
192,0,138287,1,0,0:0:0:0:
320,0,138287,1,0,0:0:0:0:
448,0,138357,1,0,0:0:0:0:
64,0,138427,1,0,0:0:0:0:
320,0,138496,1,0,0:0:0:0:
192,0,138566,1,0,0:0:0:0:
448,0,138566,1,0,0:0:0:0:
64,0,138636,1,0,0:0:0:0:
192,0,138706,1,0,0:0:0:0:
448,0,138706,1,0,0:0:0:0:
64,0,138775,1,0,0:0:0:0:
192,0,138845,1,0,0:0:0:0:
320,0,138915,1,0,0:0:0:0:
64,0,138985,1,0,0:0:0:0:
448,0,139054,1,0,0:0:0:0:
64,0,139124,1,0,0:0:0:0:
192,0,139124,1,0,0:0:0:0:
320,0,139194,1,0,0:0:0:0:
64,0,139264,1,0,0:0:0:0:
448,0,139264,1,0,0:0:0:0:
192,0,139333,1,0,0:0:0:0:
320,0,139403,1,0,0:0:0:0:
448,0,139403,1,0,0:0:0:0:
64,0,139473,1,0,0:0:0:0:
192,0,139543,1,0,0:0:0:0:
320,0,139543,1,0,0:0:0:0:
448,0,139612,1,0,0:0:0:0:
64,0,139682,1,0,0:0:0:0:
192,0,139682,1,0,0:0:0:0:
320,0,139752,1,0,0:0:0:0:
64,0,139822,1,0,0:0:0:0:
448,0,139822,1,0,0:0:0:0:
192,0,139891,1,0,0:0:0:0:
320,0,139961,1,0,0:0:0:0:
448,0,140031,1,0,0:0:0:0:
64,0,140101,1,0,0:0:0:0:
192,0,140101,1,0,0:0:0:0:
320,0,140170,1,0,0:0:0:0:
64,0,140240,1,0,0:0:0:0:
192,0,140240,1,0,0:0:0:0:
320,0,140310,1,0,0:0:0:0:
448,0,140380,1,0,0:0:0:0:
192,0,140449,1,0,0:0:0:0:
64,0,140519,1,0,0:0:0:0:
320,0,140519,1,0,0:0:0:0:
448,0,140589,1,0,0:0:0:0:
64,0,140659,1,0,0:0:0:0:
320,0,140659,1,0,0:0:0:0:
448,0,140728,1,0,0:0:0:0:
64,0,140798,1,0,0:0:0:0:
192,0,140798,1,0,0:0:0:0:
320,0,140868,1,0,0:0:0:0:
64,0,140938,1,0,0:0:0:0:
192,0,140938,1,0,0:0:0:0:
320,0,141007,1,0,0:0:0:0:
448,0,141077,1,0,0:0:0:0:
192,0,141147,1,0,0:0:0:0:
64,0,141217,1,0,0:0:0:0:
448,0,141217,1,0,0:0:0:0:
320,0,141286,1,0,0:0:0:0:
64,0,141356,1,0,0:0:0:0:
448,0,141356,1,0,0:0:0:0:
320,0,141426,1,0,0:0:0:0:
192,0,141496,1,0,0:0:0:0:
64,0,141565,1,0,0:0:0:0:
320,0,141635,1,0,0:0:0:0:
448,0,141635,1,0,0:0:0:0:
192,0,141705,1,0,0:0:0:0:
320,0,141775,1,0,0:0:0:0:
448,0,141775,1,0,0:0:0:0:
192,0,141845,1,0,0:0:0:0:
64,0,141914,1,0,0:0:0:0:
320,0,141914,1,0,0:0:0:0:
448,0,141984,1,0,0:0:0:0:
64,0,142054,1,0,0:0:0:0:
320,0,142054,1,0,0:0:0:0:
448,0,142124,1,0,0:0:0:0:
192,0,142193,1,0,0:0:0:0:
64,0,142263,1,0,0:0:0:0:
320,0,142333,1,0,0:0:0:0:
448,0,142333,1,0,0:0:0:0:
192,0,142403,1,0,0:0:0:0:
64,0,142472,1,0,0:0:0:0:
448,0,142472,1,0,0:0:0:0:
192,0,142542,1,0,0:0:0:0:
320,0,142612,1,0,0:0:0:0:
448,0,142682,1,0,0:0:0:0:
64,0,142751,1,0,0:0:0:0:
192,0,142751,1,0,0:0:0:0:
320,0,142821,1,0,0:0:0:0:
64,0,142891,1,0,0:0:0:0:
192,0,142891,1,0,0:0:0:0:
320,0,142961,1,0,0:0:0:0:
448,0,143030,1,0,0:0:0:0:
64,0,143100,1,0,0:0:0:0:
320,0,143170,1,0,0:0:0:0:
448,0,143170,1,0,0:0:0:0:
192,0,143240,1,0,0:0:0:0:
64,0,143309,1,0,0:0:0:0:
320,0,143309,1,0,0:0:0:0:
448,0,143309,1,0,0:0:0:0:
192,0,143379,1,0,0:0:0:0:
320,0,143449,1,0,0:0:0:0:
448,0,143519,1,0,0:0:0:0:
64,0,143588,1,0,0:0:0:0:
192,0,143588,1,0,0:0:0:0:
320,0,143658,1,0,0:0:0:0:
64,0,143728,1,0,0:0:0:0:
448,0,143728,1,0,0:0:0:0:
192,0,143798,1,0,0:0:0:0:
320,0,143867,1,0,0:0:0:0:
448,0,143867,1,0,0:0:0:0:
64,0,143937,1,0,0:0:0:0:
192,0,144007,1,0,0:0:0:0:
320,0,144007,1,0,0:0:0:0:
448,0,144077,1,0,0:0:0:0:
64,0,144146,1,0,0:0:0:0:
192,0,144146,1,0,0:0:0:0:
448,0,144216,1,0,0:0:0:0:
64,0,144286,1,0,0:0:0:0:
192,0,144286,1,0,0:0:0:0:
320,0,144356,1,0,0:0:0:0:
448,0,144425,1,0,0:0:0:0:
192,0,144495,1,0,0:0:0:0:
64,0,144565,1,0,0:0:0:0:
448,0,144565,1,0,0:0:0:0:
192,0,144635,1,0,0:0:0:0:
64,0,144704,1,0,0:0:0:0:
448,0,144704,1,0,0:0:0:0:
320,0,144774,1,0,0:0:0:0:
192,0,144844,1,0,0:0:0:0:
64,0,144914,1,0,0:0:0:0:
320,0,144983,1,0,0:0:0:0:
448,0,144983,1,0,0:0:0:0:
192,0,145053,1,0,0:0:0:0:
320,0,145123,1,0,0:0:0:0:
448,0,145123,1,0,0:0:0:0:
192,0,145193,1,0,0:0:0:0:
64,0,145262,1,0,0:0:0:0:
448,0,145262,1,0,0:0:0:0:
320,0,145332,1,0,0:0:0:0:
64,0,145402,1,0,0:0:0:0:
448,0,145402,1,0,0:0:0:0:
320,0,145472,1,0,0:0:0:0:
192,0,145541,1,0,0:0:0:0:
64,0,145611,1,0,0:0:0:0:
320,0,145681,1,0,0:0:0:0:
448,0,145681,1,0,0:0:0:0:
192,0,145751,1,0,0:0:0:0:
320,0,145820,1,0,0:0:0:0:
448,0,145820,1,0,0:0:0:0:
192,0,145890,1,0,0:0:0:0:
64,0,145960,1,0,0:0:0:0:
448,0,146030,1,0,0:0:0:0:
64,0,146099,1,0,0:0:0:0:
320,0,146099,1,0,0:0:0:0:
192,0,146169,1,0,0:0:0:0:
64,0,146239,1,0,0:0:0:0:
320,0,146239,1,0,0:0:0:0:
192,0,146309,1,0,0:0:0:0:
320,0,146378,1,0,0:0:0:0:
448,0,146378,1,0,0:0:0:0:
64,0,146448,1,0,0:0:0:0:
320,0,146518,1,0,0:0:0:0:
448,0,146518,1,0,0:0:0:0:
64,0,146588,1,0,0:0:0:0:
192,0,146657,1,0,0:0:0:0:
320,0,146727,1,0,0:0:0:0:
64,0,146797,1,0,0:0:0:0:
448,0,146797,1,0,0:0:0:0:
192,0,146867,1,0,0:0:0:0:
64,0,146936,1,0,0:0:0:0:
448,0,146936,1,0,0:0:0:0:
192,0,147006,1,0,0:0:0:0:
320,0,147076,1,0,0:0:0:0:
448,0,147146,1,0,0:0:0:0:
64,0,147216,1,0,0:0:0:0:
192,0,147216,1,0,0:0:0:0:
320,0,147285,1,0,0:0:0:0:
448,0,147355,1,0,0:0:0:0:
64,0,147425,1,0,0:0:0:0:
192,0,147495,1,0,0:0:0:0:
320,0,147495,1,0,0:0:0:0:
448,0,147564,1,0,0:0:0:0:
192,0,147634,1,0,0:0:0:0:
320,0,147634,1,0,0:0:0:0:
448,0,147704,1,0,0:0:0:0:
64,0,147774,1,0,0:0:0:0:
192,0,147843,1,0,0:0:0:0:
320,0,147913,1,0,0:0:0:0:
64,0,147983,1,0,0:0:0:0:
320,0,148053,1,0,0:0:0:0:
448,0,148053,1,0,0:0:0:0:
192,0,148122,1,0,0:0:0:0:
64,0,148192,1,0,0:0:0:0:
448,0,148192,1,0,0:0:0:0:
320,0,148262,1,0,0:0:0:0:
64,0,148332,1,0,0:0:0:0:
192,0,148332,1,0,0:0:0:0:
448,0,148401,1,0,0:0:0:0:
192,0,148471,1,0,0:0:0:0:
320,0,148471,1,0,0:0:0:0:
64,0,148541,1,0,0:0:0:0:
320,0,148611,1,0,0:0:0:0:
448,0,148611,1,0,0:0:0:0:
192,0,148680,1,0,0:0:0:0:
64,0,148750,1,0,0:0:0:0:
448,0,148750,1,0,0:0:0:0:
320,0,148820,1,0,0:0:0:0:
192,0,148890,1,0,0:0:0:0:
64,0,148959,1,0,0:0:0:0:
320,0,149029,1,0,0:0:0:0:
448,0,149029,1,0,0:0:0:0:
192,0,149099,1,0,0:0:0:0:
320,0,149169,1,0,0:0:0:0:
448,0,149169,1,0,0:0:0:0:
192,0,149238,1,0,0:0:0:0:
64,0,149308,1,0,0:0:0:0:
320,0,149378,1,0,0:0:0:0:
192,0,149448,1,0,0:0:0:0:
448,0,149448,1,0,0:0:0:0:
64,0,149517,1,0,0:0:0:0:
192,0,149587,1,0,0:0:0:0:
448,0,149587,1,0,0:0:0:0:
64,0,149657,1,0,0:0:0:0:
320,0,149727,1,0,0:0:0:0:
448,0,149727,1,0,0:0:0:0:
192,0,149796,1,0,0:0:0:0:
320,0,149866,1,0,0:0:0:0:
448,0,149866,1,0,0:0:0:0:
192,0,149936,1,0,0:0:0:0:
64,0,150006,1,0,0:0:0:0:
320,0,150075,1,0,0:0:0:0:
64,0,150145,1,0,0:0:0:0:
448,0,150145,1,0,0:0:0:0:
192,0,150215,1,0,0:0:0:0:
64,0,150285,1,0,0:0:0:0:
448,0,150285,1,0,0:0:0:0:
192,0,150354,1,0,0:0:0:0:
320,0,150424,1,0,0:0:0:0:
448,0,150494,1,0,0:0:0:0:
64,0,150564,1,0,0:0:0:0:
192,0,150564,1,0,0:0:0:0:
320,0,150633,1,0,0:0:0:0:
64,0,150703,1,0,0:0:0:0:
192,0,150703,1,0,0:0:0:0:
320,0,150773,1,0,0:0:0:0:
192,0,150843,1,0,0:0:0:0:
448,0,150843,1,0,0:0:0:0:
64,0,150912,1,0,0:0:0:0:
192,0,150982,1,0,0:0:0:0:
448,0,150982,1,0,0:0:0:0:
320,0,151122,1,0,0:0:0:0:
64,0,151261,1,0,0:0:0:0:
192,0,151261,1,0,0:0:0:0:
64,0,151401,1,0,0:0:0:0:
448,0,151401,1,0,0:0:0:0:
320,0,151540,1,0,0:0:0:0:
192,0,151680,1,0,0:0:0:0:
448,0,151680,1,0,0:0:0:0:
192,0,151819,1,0,0:0:0:0:
448,0,151819,1,0,0:0:0:0:
320,0,151959,1,0,0:0:0:0:
64,0,152098,1,0,0:0:0:0:
448,0,152098,1,0,0:0:0:0:
64,0,152238,1,0,0:0:0:0:
320,0,152238,1,0,0:0:0:0:
448,0,152238,1,0,0:0:0:0:
192,0,152308,1,0,0:0:0:0:
320,0,152377,1,0,0:0:0:0:
448,0,152377,1,0,0:0:0:0:
192,0,152447,1,0,0:0:0:0:
320,0,152517,1,0,0:0:0:0:
448,0,152517,1,0,0:0:0:0:
192,0,152587,1,0,0:0:0:0:
320,0,152656,1,0,0:0:0:0:
448,0,152656,1,0,0:0:0:0:
192,0,152726,1,0,0:0:0:0:
64,0,152796,1,0,0:0:0:0:
448,0,152796,1,0,0:0:0:0:
320,0,152866,1,0,0:0:0:0:
192,0,152935,1,0,0:0:0:0:
64,0,153005,1,0,0:0:0:0:
320,0,153075,1,0,0:0:0:0:
448,0,153075,1,0,0:0:0:0:
64,0,153145,1,0,0:0:0:0:
192,0,153214,1,0,0:0:0:0:
320,0,153284,1,0,0:0:0:0:
64,0,153354,1,0,0:0:0:0:
448,0,153354,1,0,0:0:0:0:
192,0,153424,1,0,0:0:0:0:
64,0,153493,1,0,0:0:0:0:
448,0,153493,1,0,0:0:0:0:
192,0,153563,1,0,0:0:0:0:
64,0,153633,1,0,0:0:0:0:
448,0,153633,1,0,0:0:0:0:
192,0,153703,1,0,0:0:0:0:
64,0,153772,1,0,0:0:0:0:
448,0,153772,1,0,0:0:0:0:
192,0,153842,1,0,0:0:0:0:
320,0,153912,1,0,0:0:0:0:
448,0,153912,1,0,0:0:0:0:
64,0,153982,1,0,0:0:0:0:
192,0,154051,1,0,0:0:0:0:
448,0,154121,1,0,0:0:0:0:
64,0,154191,1,0,0:0:0:0:
192,0,154191,1,0,0:0:0:0:
320,0,154261,1,0,0:0:0:0:
448,0,154330,1,0,0:0:0:0:
64,0,154400,1,0,0:0:0:0:
192,0,154470,1,0,0:0:0:0:
320,0,154470,1,0,0:0:0:0:
448,0,154540,1,0,0:0:0:0:
192,0,154609,1,0,0:0:0:0:
320,0,154609,1,0,0:0:0:0:
448,0,154679,1,0,0:0:0:0:
192,0,154749,1,0,0:0:0:0:
320,0,154749,1,0,0:0:0:0:
448,0,154819,1,0,0:0:0:0:
192,0,154888,1,0,0:0:0:0:
320,0,154888,1,0,0:0:0:0:
448,0,154958,1,0,0:0:0:0:
64,0,155028,1,0,0:0:0:0:
192,0,155028,1,0,0:0:0:0:
320,0,155098,1,0,0:0:0:0:
448,0,155167,1,0,0:0:0:0:
192,0,155237,1,0,0:0:0:0:
64,0,155307,1,0,0:0:0:0:
448,0,155307,1,0,0:0:0:0:
320,0,155377,1,0,0:0:0:0:
64,0,155446,1,0,0:0:0:0:
192,0,155516,1,0,0:0:0:0:
320,0,155586,1,0,0:0:0:0:
448,0,155586,1,0,0:0:0:0:
64,0,155656,1,0,0:0:0:0:
320,0,155725,1,0,0:0:0:0:
448,0,155725,1,0,0:0:0:0:
64,0,155795,1,0,0:0:0:0:
320,0,155865,1,0,0:0:0:0:
448,0,155865,1,0,0:0:0:0:
64,0,155935,1,0,0:0:0:0:
320,0,156004,1,0,0:0:0:0:
448,0,156004,1,0,0:0:0:0:
64,0,156074,1,0,0:0:0:0:
192,0,156144,1,0,0:0:0:0:
320,0,156144,1,0,0:0:0:0:
448,0,156214,1,0,0:0:0:0:
192,0,156283,1,0,0:0:0:0:
64,0,156353,1,0,0:0:0:0:
320,0,156423,1,0,0:0:0:0:
448,0,156423,1,0,0:0:0:0:
192,0,156493,1,0,0:0:0:0:
64,0,156562,1,0,0:0:0:0:
448,0,156562,1,0,0:0:0:0:
320,0,156632,1,0,0:0:0:0:
64,0,156702,1,0,0:0:0:0:
192,0,156702,1,0,0:0:0:0:
448,0,156772,1,0,0:0:0:0:
64,0,156841,1,0,0:0:0:0:
192,0,156841,1,0,0:0:0:0:
448,0,156911,1,0,0:0:0:0:
64,0,156981,1,0,0:0:0:0:
192,0,156981,1,0,0:0:0:0:
448,0,157051,1,0,0:0:0:0:
64,0,157120,1,0,0:0:0:0:
192,0,157120,1,0,0:0:0:0:
448,0,157190,1,0,0:0:0:0:
64,0,157260,1,0,0:0:0:0:
320,0,157260,1,0,0:0:0:0:
192,0,157330,1,0,0:0:0:0:
448,0,157399,1,0,0:0:0:0:
320,0,157469,1,0,0:0:0:0:
64,0,157539,1,0,0:0:0:0:
448,0,157539,1,0,0:0:0:0:
192,0,157609,1,0,0:0:0:0:
64,0,157679,1,0,0:0:0:0:
448,0,157748,1,0,0:0:0:0:
192,0,157818,1,0,0:0:0:0:
320,0,157818,1,0,0:0:0:0:
64,0,157888,1,0,0:0:0:0:
192,0,157958,1,0,0:0:0:0:
320,0,157958,1,0,0:0:0:0:
64,0,158027,1,0,0:0:0:0:
192,0,158097,1,0,0:0:0:0:
320,0,158097,1,0,0:0:0:0:
64,0,158167,1,0,0:0:0:0:
192,0,158237,1,0,0:0:0:0:
320,0,158237,1,0,0:0:0:0:
64,0,158306,1,0,0:0:0:0:
320,0,158376,1,0,0:0:0:0:
448,0,158376,1,0,0:0:0:0:
192,0,158446,1,0,0:0:0:0:
64,0,158516,1,0,0:0:0:0:
192,0,158585,1,0,0:0:0:0:
320,0,158655,1,0,0:0:0:0:
448,0,158655,1,0,0:0:0:0:
64,0,158725,1,0,0:0:0:0:
192,0,158795,1,0,0:0:0:0:
320,0,158795,1,0,0:0:0:0:
448,0,158864,1,0,0:0:0:0:
64,0,158934,1,0,0:0:0:0:
192,0,158934,1,0,0:0:0:0:
320,0,159004,1,0,0:0:0:0:
448,0,159074,1,0,0:0:0:0:
320,0,159143,1,0,0:0:0:0:
64,0,159213,1,0,0:0:0:0:
192,0,159213,1,0,0:0:0:0:
448,0,159283,1,0,0:0:0:0:
320,0,159353,1,0,0:0:0:0:
448,0,159422,1,0,0:0:0:0:
64,0,159492,1,0,0:0:0:0:
192,0,159492,1,0,0:0:0:0:
320,0,159562,1,0,0:0:0:0:
448,0,159632,1,0,0:0:0:0:
192,0,159701,1,0,0:0:0:0:
320,0,159771,1,0,0:0:0:0:
448,0,159771,1,0,0:0:0:0:
192,0,159841,1,0,0:0:0:0:
320,0,159911,1,0,0:0:0:0:
192,0,159980,1,0,0:0:0:0:
64,0,160050,1,0,0:0:0:0:
448,0,160050,1,0,0:0:0:0:
320,0,160120,1,0,0:0:0:0:
64,0,160190,1,0,0:0:0:0:
192,0,160190,1,0,0:0:0:0:
320,0,160259,1,0,0:0:0:0:
64,0,160329,1,0,0:0:0:0:
192,0,160329,1,0,0:0:0:0:
320,0,160399,1,0,0:0:0:0:
192,0,160469,1,0,0:0:0:0:
64,0,160538,1,0,0:0:0:0:
320,0,160608,1,0,0:0:0:0:
448,0,160608,1,0,0:0:0:0:
64,0,160678,1,0,0:0:0:0:
192,0,160748,1,0,0:0:0:0:
320,0,160748,1,0,0:0:0:0:
448,0,160817,1,0,0:0:0:0:
320,0,160887,1,0,0:0:0:0:
192,0,160957,1,0,0:0:0:0:
64,0,161027,1,0,0:0:0:0:
448,0,161027,1,0,0:0:0:0:
320,0,161096,1,0,0:0:0:0:
64,0,161166,1,0,0:0:0:0:
192,0,161166,1,0,0:0:0:0:
448,0,161166,1,0,0:0:0:0:
320,0,161236,1,0,0:0:0:0:
64,0,161306,1,0,0:0:0:0:
192,0,161306,1,0,0:0:0:0:
320,0,161375,1,0,0:0:0:0:
64,0,161445,1,0,0:0:0:0:
192,0,161445,1,0,0:0:0:0:
320,0,161515,1,0,0:0:0:0:
64,0,161585,1,0,0:0:0:0:
192,0,161585,1,0,0:0:0:0:
320,0,161654,1,0,0:0:0:0:
64,0,161724,1,0,0:0:0:0:
448,0,161724,1,0,0:0:0:0:
192,0,161794,1,0,0:0:0:0:
320,0,161864,1,0,0:0:0:0:
448,0,161933,1,0,0:0:0:0:
64,0,162003,1,0,0:0:0:0:
192,0,162003,1,0,0:0:0:0:
448,0,162073,1,0,0:0:0:0:
64,0,162143,1,0,0:0:0:0:
320,0,162212,1,0,0:0:0:0:
192,0,162282,1,0,0:0:0:0:
448,0,162282,1,0,0:0:0:0:
64,0,162352,1,0,0:0:0:0:
192,0,162422,1,0,0:0:0:0:
448,0,162422,1,0,0:0:0:0:
64,0,162491,1,0,0:0:0:0:
192,0,162561,1,0,0:0:0:0:
448,0,162561,1,0,0:0:0:0:
64,0,162631,1,0,0:0:0:0:
192,0,162701,1,0,0:0:0:0:
448,0,162701,1,0,0:0:0:0:
64,0,162771,1,0,0:0:0:0:
320,0,162840,1,0,0:0:0:0:
448,0,162840,1,0,0:0:0:0:
192,0,162910,1,0,0:0:0:0:
64,0,162980,1,0,0:0:0:0:
320,0,163050,1,0,0:0:0:0:
192,0,163119,1,0,0:0:0:0:
448,0,163119,1,0,0:0:0:0:
320,0,163189,1,0,0:0:0:0:
64,0,163259,1,0,0:0:0:0:
448,0,163329,1,0,0:0:0:0:
192,0,163398,1,0,0:0:0:0:
320,0,163398,1,0,0:0:0:0:
64,0,163468,1,0,0:0:0:0:
192,0,163538,1,0,0:0:0:0:
320,0,163538,1,0,0:0:0:0:
64,0,163608,1,0,0:0:0:0:
192,0,163677,1,0,0:0:0:0:
320,0,163677,1,0,0:0:0:0:
64,0,163747,1,0,0:0:0:0:
192,0,163817,1,0,0:0:0:0:
320,0,163817,1,0,0:0:0:0:
64,0,163887,1,0,0:0:0:0:
320,0,163956,1,0,0:0:0:0:
448,0,163956,1,0,0:0:0:0:
192,0,164026,1,0,0:0:0:0:
64,0,164096,1,0,0:0:0:0:
320,0,164166,1,0,0:0:0:0:
64,0,164235,1,0,0:0:0:0:
448,0,164235,1,0,0:0:0:0:
192,0,164305,1,0,0:0:0:0:
448,0,164375,1,0,0:0:0:0:
320,0,164445,1,0,0:0:0:0:
64,0,164514,1,0,0:0:0:0:
192,0,164514,1,0,0:0:0:0:
448,0,164584,1,0,0:0:0:0:
64,0,164654,1,0,0:0:0:0:
192,0,164654,1,0,0:0:0:0:
448,0,164724,1,0,0:0:0:0:
64,0,164793,1,0,0:0:0:0:
192,0,164793,1,0,0:0:0:0:
448,0,164863,1,0,0:0:0:0:
64,0,164933,1,0,0:0:0:0:
192,0,164933,1,0,0:0:0:0:
448,0,165003,1,0,0:0:0:0:
192,0,165072,1,0,0:0:0:0:
320,0,165072,1,0,0:0:0:0:
64,0,165142,1,0,0:0:0:0:
320,0,165212,1,0,0:0:0:0:
448,0,165282,1,0,0:0:0:0:
64,0,165351,1,0,0:0:0:0:
192,0,165351,1,0,0:0:0:0:
320,0,165421,1,0,0:0:0:0:
64,0,165491,1,0,0:0:0:0:
448,0,165491,1,0,0:0:0:0:
192,0,165561,1,0,0:0:0:0:
320,0,165630,1,0,0:0:0:0:
448,0,165630,1,0,0:0:0:0:
64,0,165700,1,0,0:0:0:0:
192,0,165770,1,0,0:0:0:0:
64,0,165840,1,0,0:0:0:0:
320,0,165909,1,0,0:0:0:0:
448,0,165909,1,0,0:0:0:0:
64,0,165979,1,0,0:0:0:0:
192,0,166049,1,0,0:0:0:0:
64,0,166119,1,0,0:0:0:0:
192,0,166188,1,0,0:0:0:0:
448,0,166188,1,0,0:0:0:0:
320,0,166258,1,0,0:0:0:0:
64,0,166328,1,0,0:0:0:0:
192,0,166398,1,0,0:0:0:0:
64,0,166467,1,0,0:0:0:0:
448,0,166467,1,0,0:0:0:0:
320,0,166537,1,0,0:0:0:0:
448,0,166607,1,0,0:0:0:0:
64,0,166677,1,0,0:0:0:0:
192,0,166746,1,0,0:0:0:0:
320,0,166746,1,0,0:0:0:0:
448,0,166816,1,0,0:0:0:0:
64,0,166886,1,0,0:0:0:0:
448,0,166956,1,0,0:0:0:0:
192,0,167025,1,0,0:0:0:0:
320,0,167025,1,0,0:0:0:0:
448,0,167095,1,0,0:0:0:0:
64,0,167165,1,0,0:0:0:0:
448,0,167235,1,0,0:0:0:0:
64,0,167304,1,0,0:0:0:0:
192,0,167304,1,0,0:0:0:0:
320,0,167374,1,0,0:0:0:0:
448,0,167444,1,0,0:0:0:0:
320,0,167514,1,0,0:0:0:0:
64,0,167583,1,0,0:0:0:0:
192,0,167583,1,0,0:0:0:0:
448,0,167653,1,0,0:0:0:0:
192,0,167723,1,0,0:0:0:0:
320,0,167723,1,0,0:0:0:0:
64,0,167793,1,0,0:0:0:0:
320,0,167862,1,0,0:0:0:0:
448,0,167862,1,0,0:0:0:0:
192,0,167932,1,0,0:0:0:0:
64,0,168002,1,0,0:0:0:0:
192,0,168072,1,0,0:0:0:0:
320,0,168142,1,0,0:0:0:0:
448,0,168142,1,0,0:0:0:0:
192,0,168211,1,0,0:0:0:0:
64,0,168281,1,0,0:0:0:0:
192,0,168351,1,0,0:0:0:0:
320,0,168421,1,0,0:0:0:0:
448,0,168421,1,0,0:0:0:0:
192,0,168490,1,0,0:0:0:0:
320,0,168560,1,0,0:0:0:0:
192,0,168630,1,0,0:0:0:0:
320,0,168700,1,0,0:0:0:0:
448,0,168700,1,0,0:0:0:0:
192,0,168769,1,0,0:0:0:0:
320,0,168839,1,0,0:0:0:0:
192,0,168909,1,0,0:0:0:0:
64,0,168979,1,0,0:0:0:0:
448,0,169118,1,0,0:0:0:0:
320,0,169118,128,0,169537:0:0:0:0:
64,0,169537,128,0,169676:0:0:0:0:
448,0,169676,1,0,0:0:0:0:
320,0,169723,1,0,0:0:0:0:
192,0,169769,1,0,0:0:0:0:
64,0,169816,1,0,0:0:0:0:
192,0,169885,1,0,0:0:0:0:
448,0,169955,1,0,0:0:0:0:
320,0,170025,1,0,0:0:0:0:
64,0,170095,1,0,0:0:0:0:
192,0,170095,1,0,0:0:0:0:
448,0,170095,1,0,0:0:0:0:
320,0,170164,1,0,0:0:0:0:
64,0,170234,1,0,0:0:0:0:
192,0,170234,1,0,0:0:0:0:
320,0,170304,1,0,0:0:0:0:
64,0,170374,1,0,0:0:0:0:
192,0,170374,1,0,0:0:0:0:
320,0,170443,1,0,0:0:0:0:
448,0,170443,1,0,0:0:0:0:
64,0,170513,1,0,0:0:0:0:
192,0,170583,1,0,0:0:0:0:
320,0,170653,1,0,0:0:0:0:
448,0,170653,1,0,0:0:0:0:
64,0,170722,1,0,0:0:0:0:
192,0,170792,1,0,0:0:0:0:
320,0,170862,1,0,0:0:0:0:
64,0,170932,1,0,0:0:0:0:
448,0,170932,1,0,0:0:0:0:
192,0,171001,1,0,0:0:0:0:
320,0,171071,1,0,0:0:0:0:
448,0,171141,1,0,0:0:0:0:
64,0,171211,1,0,0:0:0:0:
192,0,171211,1,0,0:0:0:0:
320,0,171280,1,0,0:0:0:0:
64,0,171350,1,0,0:0:0:0:
448,0,171350,1,0,0:0:0:0:
192,0,171420,1,0,0:0:0:0:
320,0,171490,1,0,0:0:0:0:
448,0,171490,1,0,0:0:0:0:
64,0,171559,1,0,0:0:0:0:
192,0,171559,1,0,0:0:0:0:
320,0,171629,1,0,0:0:0:0:
448,0,171699,1,0,0:0:0:0:
64,0,171769,1,0,0:0:0:0:
192,0,171769,1,0,0:0:0:0:
320,0,171838,1,0,0:0:0:0:
448,0,171908,1,0,0:0:0:0:
64,0,171978,1,0,0:0:0:0:
320,0,172048,1,0,0:0:0:0:
448,0,172048,1,0,0:0:0:0:
64,0,172117,1,0,0:0:0:0:
192,0,172117,1,0,0:0:0:0:
320,0,172187,1,0,0:0:0:0:
448,0,172187,1,0,0:0:0:0:
192,0,172257,1,0,0:0:0:0:
64,0,172327,1,0,0:0:0:0:
448,0,172327,1,0,0:0:0:0:
320,0,172396,1,0,0:0:0:0:
192,0,172466,1,0,0:0:0:0:
448,0,172466,1,0,0:0:0:0:
320,0,172536,1,0,0:0:0:0:
64,0,172606,1,0,0:0:0:0:
192,0,172606,1,0,0:0:0:0:
320,0,172675,1,0,0:0:0:0:
448,0,172675,1,0,0:0:0:0:
64,0,172745,1,0,0:0:0:0:
192,0,172815,1,0,0:0:0:0:
320,0,172885,1,0,0:0:0:0:
448,0,172885,1,0,0:0:0:0:
64,0,172954,1,0,0:0:0:0:
192,0,173024,1,0,0:0:0:0:
320,0,173094,1,0,0:0:0:0:
64,0,173164,1,0,0:0:0:0:
448,0,173164,1,0,0:0:0:0:
192,0,173234,1,0,0:0:0:0:
320,0,173303,1,0,0:0:0:0:
448,0,173373,1,0,0:0:0:0:
192,0,173443,1,0,0:0:0:0:
448,0,173513,1,0,0:0:0:0:
64,0,173582,1,0,0:0:0:0:
192,0,173582,1,0,0:0:0:0:
320,0,173652,1,0,0:0:0:0:
64,0,173722,1,0,0:0:0:0:
192,0,173722,1,0,0:0:0:0:
320,0,173792,1,0,0:0:0:0:
448,0,173792,1,0,0:0:0:0:
64,0,173861,1,0,0:0:0:0:
192,0,173931,1,0,0:0:0:0:
320,0,174001,1,0,0:0:0:0:
448,0,174001,1,0,0:0:0:0:
64,0,174071,1,0,0:0:0:0:
192,0,174140,1,0,0:0:0:0:
320,0,174210,1,0,0:0:0:0:
64,0,174280,1,0,0:0:0:0:
448,0,174280,1,0,0:0:0:0:
192,0,174350,1,0,0:0:0:0:
320,0,174350,1,0,0:0:0:0:
64,0,174419,1,0,0:0:0:0:
448,0,174419,1,0,0:0:0:0:
320,0,174489,1,0,0:0:0:0:
64,0,174559,1,0,0:0:0:0:
192,0,174559,1,0,0:0:0:0:
448,0,174629,1,0,0:0:0:0:
64,0,174698,1,0,0:0:0:0:
320,0,174698,1,0,0:0:0:0:
448,0,174768,1,0,0:0:0:0:
64,0,174838,1,0,0:0:0:0:
320,0,174838,1,0,0:0:0:0:
192,0,174908,1,0,0:0:0:0:
448,0,174908,1,0,0:0:0:0:
320,0,174977,1,0,0:0:0:0:
64,0,175047,1,0,0:0:0:0:
192,0,175117,1,0,0:0:0:0:
448,0,175117,1,0,0:0:0:0:
320,0,175187,1,0,0:0:0:0:
448,0,175256,1,0,0:0:0:0:
64,0,175326,1,0,0:0:0:0:
192,0,175396,1,0,0:0:0:0:
448,0,175396,1,0,0:0:0:0:
320,0,175466,1,0,0:0:0:0:
64,0,175535,1,0,0:0:0:0:
448,0,175605,1,0,0:0:0:0:
64,0,175675,1,0,0:0:0:0:
192,0,175675,1,0,0:0:0:0:
320,0,175745,1,0,0:0:0:0:
64,0,175814,1,0,0:0:0:0:
448,0,175814,1,0,0:0:0:0:
192,0,175884,1,0,0:0:0:0:
64,0,175954,1,0,0:0:0:0:
448,0,175954,1,0,0:0:0:0:
192,0,176024,1,0,0:0:0:0:
320,0,176024,1,0,0:0:0:0:
448,0,176093,1,0,0:0:0:0:
320,0,176163,1,0,0:0:0:0:
64,0,176233,1,0,0:0:0:0:
448,0,176233,1,0,0:0:0:0:
192,0,176303,1,0,0:0:0:0:
320,0,176372,1,0,0:0:0:0:
64,0,176442,1,0,0:0:0:0:
320,0,176512,1,0,0:0:0:0:
448,0,176512,1,0,0:0:0:0:
64,0,176582,1,0,0:0:0:0:
192,0,176582,1,0,0:0:0:0:
320,0,176651,1,0,0:0:0:0:
448,0,176651,1,0,0:0:0:0:
192,0,176721,1,0,0:0:0:0:
64,0,176791,1,0,0:0:0:0:
448,0,176791,1,0,0:0:0:0:
320,0,176861,1,0,0:0:0:0:
64,0,176930,1,0,0:0:0:0:
192,0,176930,1,0,0:0:0:0:
320,0,177000,1,0,0:0:0:0:
64,0,177070,1,0,0:0:0:0:
448,0,177070,1,0,0:0:0:0:
192,0,177140,1,0,0:0:0:0:
320,0,177140,1,0,0:0:0:0:
448,0,177209,1,0,0:0:0:0:
64,0,177279,1,0,0:0:0:0:
320,0,177349,1,0,0:0:0:0:
448,0,177349,1,0,0:0:0:0:
64,0,177419,1,0,0:0:0:0:
192,0,177488,1,0,0:0:0:0:
448,0,177558,1,0,0:0:0:0:
192,0,177628,1,0,0:0:0:0:
320,0,177628,1,0,0:0:0:0:
448,0,177698,1,0,0:0:0:0:
64,0,177767,1,0,0:0:0:0:
192,0,177837,1,0,0:0:0:0:
64,0,177907,1,0,0:0:0:0:
448,0,177907,1,0,0:0:0:0:
192,0,177977,1,0,0:0:0:0:
320,0,178046,1,0,0:0:0:0:
448,0,178046,1,0,0:0:0:0:
64,0,178116,1,0,0:0:0:0:
192,0,178186,1,0,0:0:0:0:
320,0,178186,1,0,0:0:0:0:
64,0,178256,1,0,0:0:0:0:
448,0,178256,1,0,0:0:0:0:
320,0,178325,1,0,0:0:0:0:
192,0,178395,1,0,0:0:0:0:
64,0,178465,1,0,0:0:0:0:
448,0,178465,1,0,0:0:0:0:
320,0,178535,1,0,0:0:0:0:
192,0,178605,1,0,0:0:0:0:
320,0,178674,1,0,0:0:0:0:
64,0,178744,1,0,0:0:0:0:
448,0,178744,1,0,0:0:0:0:
192,0,178814,1,0,0:0:0:0:
320,0,178814,1,0,0:0:0:0:
64,0,178884,1,0,0:0:0:0:
448,0,178884,1,0,0:0:0:0:
192,0,178953,1,0,0:0:0:0:
64,0,179023,1,0,0:0:0:0:
320,0,179023,1,0,0:0:0:0:
448,0,179023,1,0,0:0:0:0:
320,0,179163,1,0,0:0:0:0:
448,0,179163,1,0,0:0:0:0:
192,0,179232,1,0,0:0:0:0:
320,0,179302,1,0,0:0:0:0:
448,0,179302,1,0,0:0:0:0:
64,0,179372,1,0,0:0:0:0:
192,0,179372,1,0,0:0:0:0:
448,0,179442,1,0,0:0:0:0:
320,0,179511,1,0,0:0:0:0:
64,0,179581,1,0,0:0:0:0:
192,0,179581,1,0,0:0:0:0:
448,0,179651,1,0,0:0:0:0:
320,0,179721,1,0,0:0:0:0:
192,0,179790,1,0,0:0:0:0:
64,0,179860,1,0,0:0:0:0:
448,0,179860,1,0,0:0:0:0:
320,0,179930,1,0,0:0:0:0:
192,0,180000,1,0,0:0:0:0:
64,0,180069,1,0,0:0:0:0:
320,0,180139,1,0,0:0:0:0:
448,0,180139,1,0,0:0:0:0:
192,0,180209,1,0,0:0:0:0:
64,0,180279,1,0,0:0:0:0:
448,0,180279,1,0,0:0:0:0:
320,0,180348,1,0,0:0:0:0:
64,0,180418,1,0,0:0:0:0:
192,0,180418,1,0,0:0:0:0:
320,0,180488,1,0,0:0:0:0:
448,0,180488,1,0,0:0:0:0:
192,0,180558,1,0,0:0:0:0:
64,0,180627,1,0,0:0:0:0:
320,0,180697,1,0,0:0:0:0:
448,0,180697,1,0,0:0:0:0:
192,0,180767,1,0,0:0:0:0:
64,0,180837,1,0,0:0:0:0:
448,0,180906,1,0,0:0:0:0:
64,0,180976,1,0,0:0:0:0:
192,0,180976,1,0,0:0:0:0:
320,0,181046,1,0,0:0:0:0:
448,0,181046,1,0,0:0:0:0:
64,0,181116,1,0,0:0:0:0:
192,0,181116,1,0,0:0:0:0:
320,0,181185,1,0,0:0:0:0:
64,0,181255,1,0,0:0:0:0:
448,0,181255,1,0,0:0:0:0:
192,0,181325,1,0,0:0:0:0:
64,0,181395,1,0,0:0:0:0:
320,0,181395,1,0,0:0:0:0:
192,0,181464,1,0,0:0:0:0:
320,0,181534,1,0,0:0:0:0:
448,0,181534,1,0,0:0:0:0:
64,0,181604,1,0,0:0:0:0:
192,0,181604,1,0,0:0:0:0:
448,0,181674,1,0,0:0:0:0:
320,0,181743,1,0,0:0:0:0:
64,0,181813,1,0,0:0:0:0:
192,0,181813,1,0,0:0:0:0:
448,0,181883,1,0,0:0:0:0:
320,0,181953,1,0,0:0:0:0:
192,0,182022,1,0,0:0:0:0:
64,0,182092,1,0,0:0:0:0:
448,0,182092,1,0,0:0:0:0:
320,0,182162,1,0,0:0:0:0:
192,0,182232,1,0,0:0:0:0:
64,0,182301,1,0,0:0:0:0:
320,0,182371,1,0,0:0:0:0:
64,0,182441,1,0,0:0:0:0:
320,0,182511,1,0,0:0:0:0:
448,0,182511,1,0,0:0:0:0:
192,0,182580,1,0,0:0:0:0:
320,0,182650,1,0,0:0:0:0:
448,0,182650,1,0,0:0:0:0:
64,0,182720,1,0,0:0:0:0:
192,0,182720,1,0,0:0:0:0:
448,0,182790,1,0,0:0:0:0:
320,0,182859,1,0,0:0:0:0:
64,0,182929,1,0,0:0:0:0:
192,0,182929,1,0,0:0:0:0:
448,0,182999,1,0,0:0:0:0:
320,0,183069,1,0,0:0:0:0:
192,0,183138,1,0,0:0:0:0:
64,0,183208,1,0,0:0:0:0:
448,0,183208,1,0,0:0:0:0:
192,0,183278,1,0,0:0:0:0:
320,0,183278,1,0,0:0:0:0:
64,0,183348,1,0,0:0:0:0:
448,0,183348,1,0,0:0:0:0:
192,0,183417,1,0,0:0:0:0:
320,0,183487,1,0,0:0:0:0:
448,0,183487,1,0,0:0:0:0:
64,0,183557,1,0,0:0:0:0:
192,0,183627,1,0,0:0:0:0:
448,0,183627,1,0,0:0:0:0:
64,0,183697,1,0,0:0:0:0:
192,0,183766,1,0,0:0:0:0:
448,0,183766,1,0,0:0:0:0:
64,0,183836,1,0,0:0:0:0:
320,0,183836,1,0,0:0:0:0:
192,0,183906,1,0,0:0:0:0:
448,0,183976,1,0,0:0:0:0:
64,0,184045,1,0,0:0:0:0:
320,0,184045,1,0,0:0:0:0:
192,0,184115,1,0,0:0:0:0:
64,0,184185,1,0,0:0:0:0:
448,0,184255,1,0,0:0:0:0:
64,0,184324,1,0,0:0:0:0:
320,0,184324,1,0,0:0:0:0:
192,0,184394,1,0,0:0:0:0:
448,0,184464,1,0,0:0:0:0:
64,0,184534,1,0,0:0:0:0:
320,0,184603,1,0,0:0:0:0:
448,0,184603,1,0,0:0:0:0:
192,0,184673,1,0,0:0:0:0:
64,0,184743,1,0,0:0:0:0:
448,0,184743,1,0,0:0:0:0:
320,0,184813,1,0,0:0:0:0:
64,0,184882,1,0,0:0:0:0:
448,0,184882,1,0,0:0:0:0:
192,0,184952,1,0,0:0:0:0:
320,0,184952,1,0,0:0:0:0:
64,0,185022,1,0,0:0:0:0:
192,0,185092,1,0,0:0:0:0:
64,0,185161,1,0,0:0:0:0:
448,0,185161,1,0,0:0:0:0:
320,0,185231,1,0,0:0:0:0:
192,0,185301,1,0,0:0:0:0:
448,0,185371,1,0,0:0:0:0:
64,0,185440,1,0,0:0:0:0:
192,0,185440,1,0,0:0:0:0:
320,0,185510,1,0,0:0:0:0:
448,0,185510,1,0,0:0:0:0:
64,0,185580,1,0,0:0:0:0:
192,0,185580,1,0,0:0:0:0:
320,0,185650,1,0,0:0:0:0:
64,0,185719,1,0,0:0:0:0:
448,0,185719,1,0,0:0:0:0:
192,0,185789,1,0,0:0:0:0:
320,0,185859,1,0,0:0:0:0:
448,0,185859,1,0,0:0:0:0:
192,0,185929,1,0,0:0:0:0:
64,0,185998,1,0,0:0:0:0:
448,0,185998,1,0,0:0:0:0:
192,0,186068,1,0,0:0:0:0:
320,0,186068,1,0,0:0:0:0:
64,0,186138,1,0,0:0:0:0:
448,0,186138,1,0,0:0:0:0:
320,0,186208,1,0,0:0:0:0:
64,0,186277,1,0,0:0:0:0:
192,0,186277,1,0,0:0:0:0:
448,0,186347,1,0,0:0:0:0:
192,0,186417,1,0,0:0:0:0:
320,0,186417,1,0,0:0:0:0:
64,0,186487,1,0,0:0:0:0:
320,0,186556,1,0,0:0:0:0:
448,0,186556,1,0,0:0:0:0:
64,0,186626,1,0,0:0:0:0:
192,0,186696,1,0,0:0:0:0:
448,0,186696,1,0,0:0:0:0:
320,0,186766,1,0,0:0:0:0:
64,0,186835,1,0,0:0:0:0:
448,0,186835,1,0,0:0:0:0:
192,0,186882,1,0,0:0:0:0:
320,0,186928,1,0,0:0:0:0:
448,0,186975,1,0,0:0:0:0:
64,0,187021,1,0,0:0:0:0:
192,0,187068,1,0,0:0:0:0:
320,0,187114,1,0,0:0:0:0:
448,0,187161,1,0,0:0:0:0:
64,0,187207,1,0,0:0:0:0:
192,0,187254,1,0,0:0:0:0:
320,0,187300,1,0,0:0:0:0:
448,0,187347,1,0,0:0:0:0:
64,0,187393,1,0,0:0:0:0:
192,0,187440,1,0,0:0:0:0:
320,0,187486,1,0,0:0:0:0:
448,0,187533,1,0,0:0:0:0:
64,0,187579,1,0,0:0:0:0:
192,0,187626,1,0,0:0:0:0:
320,0,187672,1,0,0:0:0:0:
448,0,187719,1,0,0:0:0:0:
64,0,187765,1,0,0:0:0:0:
192,0,187812,1,0,0:0:0:0:
320,0,187858,1,0,0:0:0:0:
448,0,187905,1,0,0:0:0:0:
64,0,187951,1,0,0:0:0:0:
192,0,187951,1,0,0:0:0:0:
