osu file format v14

[General]
AudioFilename: Noise Channel Radio - Noisechan & Nugget- Adventures in Chiptunes - 01 Noise Channel Theme (Full Mix).mp3
AudioLeadIn: 2
PreviewTime: 95225
Countdown: 0
SampleSet: None
StackLeniency: 0.7
Mode: 3
LetterboxInBreaks: 0
SpecialStyle: 0
WidescreenStoryboard: 0

[Editor]
DistanceSpacing: 0.8
BeatDivisor: 4
GridSize: 8
TimelineZoom: 1

[Metadata]
Title:Send My Love to Mars
TitleUnicode:
Artist:Virt
ArtistUnicode:Virt
Creator:IcyWorld
Version:Hard
Source:Nuclear Blast JS Awesome Bomb Filez 5
Tags:Stepmania nb5
BeatmapID:1531892
BeatmapSetID:725533

[Difficulty]
HPDrainRate:5
CircleSize:4
OverallDifficulty:7
ApproachRate:10
SliderMultiplier:1.4
SliderTickRate:1

[Events]
//Background and Video events
0,0,"mars_bg.png",0,0
//Break Periods
//Storyboard Layer 0 (Background)
//Storyboard Layer 1 (Fail)
//Storyboard Layer 2 (Pass)
//Storyboard Layer 3 (Foreground)
//Storyboard Sound Samples

[TimingPoints]
52.9615,266.6667,4,1,0,0,1,0


[HitObjects]
448,192,1119,5,0,0:0:0:0:
192,192,1386,1,0,0:0:0:0:
320,192,1519,1,0,0:0:0:0:
64,192,1786,1,0,0:0:0:0:
192,192,1919,1,0,0:0:0:0:
320,192,2052,1,0,0:0:0:0:
448,192,2186,1,0,0:0:0:0:
64,0,2186,128,0,2586:1:0:0:0:
192,0,2586,128,0,2986:1:0:0:0:
448,192,2986,1,0,0:0:0:0:
320,0,2986,128,0,3386:1:0:0:0:
448,0,3386,128,0,3786:1:0:0:0:
192,0,3786,128,0,4052:1:0:0:0:
64,0,4052,128,0,4319:1:0:0:0:
448,192,4319,1,0,0:0:0:0:
320,0,4319,128,0,4719:1:0:0:0:
64,192,4719,1,0,0:0:0:0:
192,0,4719,128,0,5119:1:0:0:0:
64,192,5119,1,0,0:0:0:0:
320,0,5119,128,0,5519:1:0:0:0:
64,192,5519,1,0,0:0:0:0:
448,0,5519,128,0,5919:1:0:0:0:
64,192,6186,1,0,0:0:0:0:
192,192,6252,1,0,0:0:0:0:
320,192,6319,1,0,0:0:0:0:
448,192,6386,1,0,0:0:0:0:
320,0,6719,128,0,6986:1:0:0:0:
192,0,6986,128,0,7252:1:0:0:0:
64,0,7252,128,0,7519:1:0:0:0:
448,192,7519,1,0,0:0:0:0:
320,192,7652,1,0,0:0:0:0:
448,192,7786,1,0,0:0:0:0:
64,192,7919,1,0,0:0:0:0:
192,192,8052,1,0,0:0:0:0:
64,192,8230,1,0,0:0:0:0:
320,192,8319,1,0,0:0:0:0:
448,192,8319,1,0,0:0:0:0:
192,192,8452,1,0,0:0:0:0:
320,192,8519,1,0,0:0:0:0:
64,192,8586,1,0,0:0:0:0:
448,192,8586,1,0,0:0:0:0:
192,192,8652,1,0,0:0:0:0:
320,192,8719,1,0,0:0:0:0:
192,192,8786,1,0,0:0:0:0:
64,192,8852,1,0,0:0:0:0:
320,192,8919,1,0,0:0:0:0:
192,192,8986,1,0,0:0:0:0:
64,192,9119,1,0,0:0:0:0:
448,192,9119,1,0,0:0:0:0:
320,192,9186,1,0,0:0:0:0:
192,192,9252,1,0,0:0:0:0:
448,192,9252,1,0,0:0:0:0:
64,192,9319,1,0,0:0:0:0:
320,192,9386,1,0,0:0:0:0:
64,192,9519,1,0,0:0:0:0:
448,192,9519,1,0,0:0:0:0:
192,192,9586,1,0,0:0:0:0:
320,192,9652,1,0,0:0:0:0:
64,192,9719,1,0,0:0:0:0:
192,192,9786,1,0,0:0:0:0:
320,192,9852,1,0,0:0:0:0:
448,192,9919,1,0,0:0:0:0:
192,192,9986,1,0,0:0:0:0:
320,192,10052,1,0,0:0:0:0:
192,192,10119,1,0,0:0:0:0:
64,192,10186,1,0,0:0:0:0:
448,192,10252,1,0,0:0:0:0:
320,192,10319,1,0,0:0:0:0:
64,192,10386,1,0,0:0:0:0:
192,192,10452,1,0,0:0:0:0:
64,192,10719,1,0,0:0:0:0:
320,192,10719,1,0,0:0:0:0:
192,192,10786,1,0,0:0:0:0:
448,192,10852,1,0,0:0:0:0:
192,192,10919,1,0,0:0:0:0:
320,192,10986,1,0,0:0:0:0:
64,192,11052,1,0,0:0:0:0:
448,192,11119,1,0,0:0:0:0:
320,192,11186,1,0,0:0:0:0:
64,192,11252,1,0,0:0:0:0:
192,192,11252,1,0,0:0:0:0:
64,192,11386,1,0,0:0:0:0:
320,192,11386,1,0,0:0:0:0:
448,192,11452,1,0,0:0:0:0:
192,192,11519,1,0,0:0:0:0:
320,192,11652,1,0,0:0:0:0:
448,192,11652,1,0,0:0:0:0:
192,192,11719,1,0,0:0:0:0:
448,192,11786,1,0,0:0:0:0:
64,192,11919,1,0,0:0:0:0:
192,192,11919,1,0,0:0:0:0:
448,192,11986,1,0,0:0:0:0:
320,192,12052,1,0,0:0:0:0:
320,192,12186,1,0,0:0:0:0:
448,192,12186,1,0,0:0:0:0:
192,192,12252,1,0,0:0:0:0:
64,192,12319,1,0,0:0:0:0:
192,192,12386,1,0,0:0:0:0:
320,192,12452,1,0,0:0:0:0:
64,192,12586,1,0,0:0:0:0:
192,192,12586,1,0,0:0:0:0:
320,192,12652,1,0,0:0:0:0:
192,192,12719,1,0,0:0:0:0:
320,192,12852,1,0,0:0:0:0:
448,192,12852,1,0,0:0:0:0:
64,192,12919,1,0,0:0:0:0:
192,192,12986,1,0,0:0:0:0:
320,192,13052,1,0,0:0:0:0:
448,192,13119,1,0,0:0:0:0:
320,192,13186,1,0,0:0:0:0:
192,192,13252,1,0,0:0:0:0:
64,192,13319,1,0,0:0:0:0:
320,192,13386,1,0,0:0:0:0:
448,192,13386,1,0,0:0:0:0:
64,192,13452,1,0,0:0:0:0:
192,192,13519,1,0,0:0:0:0:
320,192,13519,1,0,0:0:0:0:
448,192,13586,1,0,0:0:0:0:
192,192,13652,1,0,0:0:0:0:
64,192,13786,1,0,0:0:0:0:
320,192,13786,1,0,0:0:0:0:
448,192,13852,1,0,0:0:0:0:
64,192,13919,1,0,0:0:0:0:
192,192,13986,1,0,0:0:0:0:
320,192,14052,1,0,0:0:0:0:
448,192,14119,1,0,0:0:0:0:
320,192,14186,1,0,0:0:0:0:
192,192,14252,1,0,0:0:0:0:
64,192,14319,1,0,0:0:0:0:
320,192,14386,1,0,0:0:0:0:
192,192,14452,1,0,0:0:0:0:
448,192,14519,1,0,0:0:0:0:
320,192,14586,1,0,0:0:0:0:
192,192,14652,1,0,0:0:0:0:
64,192,14719,1,0,0:0:0:0:
192,192,14986,1,0,0:0:0:0:
320,192,14986,1,0,0:0:0:0:
64,192,15052,1,0,0:0:0:0:
192,192,15119,1,0,0:0:0:0:
320,192,15186,1,0,0:0:0:0:
448,192,15252,1,0,0:0:0:0:
320,192,15319,1,0,0:0:0:0:
192,192,15386,1,0,0:0:0:0:
64,192,15452,1,0,0:0:0:0:
320,192,15519,1,0,0:0:0:0:
448,192,15519,1,0,0:0:0:0:
192,192,15652,1,0,0:0:0:0:
320,192,15652,1,0,0:0:0:0:
64,192,15786,1,0,0:0:0:0:
320,192,15919,1,0,0:0:0:0:
448,192,15919,1,0,0:0:0:0:
192,192,15986,1,0,0:0:0:0:
64,192,16053,1,0,0:0:0:0:
448,192,16119,1,0,0:0:0:0:
320,192,16186,1,0,0:0:0:0:
192,192,16253,1,0,0:0:0:0:
320,192,16319,1,0,0:0:0:0:
192,192,16386,1,0,0:0:0:0:
64,192,16453,1,0,0:0:0:0:
448,192,16519,1,0,0:0:0:0:
192,192,16586,1,0,0:0:0:0:
448,192,16653,1,0,0:0:0:0:
64,192,16719,1,0,0:0:0:0:
320,192,16719,1,0,0:0:0:0:
320,192,16852,1,0,0:0:0:0:
448,192,16852,1,0,0:0:0:0:
64,192,16986,1,0,0:0:0:0:
192,192,16986,1,0,0:0:0:0:
320,192,17052,1,0,0:0:0:0:
64,192,17119,1,0,0:0:0:0:
448,192,17119,1,0,0:0:0:0:
192,192,17252,1,0,0:0:0:0:
320,192,17386,1,0,0:0:0:0:
320,192,17519,1,0,0:0:0:0:
64,192,17652,1,0,0:0:0:0:
192,192,17786,1,0,0:0:0:0:
320,192,17919,1,0,0:0:0:0:
192,192,18052,1,0,0:0:0:0:
448,192,18052,1,0,0:0:0:0:
320,192,18119,1,0,0:0:0:0:
192,192,18186,1,0,0:0:0:0:
64,192,18319,1,0,0:0:0:0:
448,192,18319,1,0,0:0:0:0:
192,192,18452,1,0,0:0:0:0:
320,192,18452,1,0,0:0:0:0:
64,192,18586,1,0,0:0:0:0:
448,192,18586,1,0,0:0:0:0:
320,192,18719,1,0,0:0:0:0:
192,192,18852,1,0,0:0:0:0:
320,192,18852,1,0,0:0:0:0:
64,192,18986,1,0,0:0:0:0:
320,192,19119,1,0,0:0:0:0:
448,192,19119,1,0,0:0:0:0:
192,192,19186,1,0,0:0:0:0:
64,192,19252,1,0,0:0:0:0:
448,192,19319,1,0,0:0:0:0:
320,192,19386,1,0,0:0:0:0:
192,192,19452,1,0,0:0:0:0:
64,192,19519,1,0,0:0:0:0:
192,192,19586,1,0,0:0:0:0:
320,192,19652,1,0,0:0:0:0:
448,192,19719,1,0,0:0:0:0:
192,192,19786,1,0,0:0:0:0:
320,192,19852,1,0,0:0:0:0:
64,192,19919,1,0,0:0:0:0:
192,192,19986,1,0,0:0:0:0:
320,192,20052,1,0,0:0:0:0:
64,192,20186,1,0,0:0:0:0:
448,192,20186,1,0,0:0:0:0:
320,192,20252,1,0,0:0:0:0:
192,192,20319,1,0,0:0:0:0:
64,192,20452,1,0,0:0:0:0:
448,192,20452,1,0,0:0:0:0:
192,192,20519,1,0,0:0:0:0:
320,192,20586,1,0,0:0:0:0:
448,192,20586,1,0,0:0:0:0:
192,192,20652,1,0,0:0:0:0:
64,192,20719,1,0,0:0:0:0:
448,192,20719,1,0,0:0:0:0:
320,192,20786,1,0,0:0:0:0:
192,192,20852,1,0,0:0:0:0:
320,192,20986,1,0,0:0:0:0:
448,192,20986,1,0,0:0:0:0:
64,192,21052,1,0,0:0:0:0:
448,192,21119,1,0,0:0:0:0:
64,192,21252,1,0,0:0:0:0:
320,192,21252,1,0,0:0:0:0:
192,192,21319,1,0,0:0:0:0:
320,192,21386,1,0,0:0:0:0:
64,192,21452,1,0,0:0:0:0:
192,192,21519,1,0,0:0:0:0:
320,192,21586,1,0,0:0:0:0:
448,192,21652,1,0,0:0:0:0:
64,192,21719,1,0,0:0:0:0:
192,192,21786,1,0,0:0:0:0:
320,192,21852,1,0,0:0:0:0:
192,192,21919,1,0,0:0:0:0:
64,192,22052,1,0,0:0:0:0:
448,192,22186,1,0,0:0:0:0:
64,192,22319,1,0,0:0:0:0:
320,192,22319,1,0,0:0:0:0:
448,192,22386,1,0,0:0:0:0:
192,192,22452,1,0,0:0:0:0:
64,192,22519,1,0,0:0:0:0:
320,192,22586,1,0,0:0:0:0:
448,192,22586,1,0,0:0:0:0:
192,192,22652,1,0,0:0:0:0:
64,192,22719,1,0,0:0:0:0:
448,192,22719,1,0,0:0:0:0:
320,192,22786,1,0,0:0:0:0:
64,192,22852,1,0,0:0:0:0:
192,192,22852,1,0,0:0:0:0:
448,192,22919,1,0,0:0:0:0:
64,192,22986,1,0,0:0:0:0:
192,192,23052,1,0,0:0:0:0:
320,192,23119,1,0,0:0:0:0:
448,192,23119,1,0,0:0:0:0:
192,192,23186,1,0,0:0:0:0:
64,192,23252,1,0,0:0:0:0:
320,192,23319,1,0,0:0:0:0:
192,192,23386,1,0,0:0:0:0:
448,192,23452,1,0,0:0:0:0:
64,192,23519,1,0,0:0:0:0:
320,192,23519,1,0,0:0:0:0:
192,192,23586,1,0,0:0:0:0:
448,192,23652,1,0,0:0:0:0:
320,192,23719,1,0,0:0:0:0:
192,192,23786,1,0,0:0:0:0:
64,192,23852,1,0,0:0:0:0:
320,192,23919,1,0,0:0:0:0:
448,192,23919,1,0,0:0:0:0:
192,192,23986,1,0,0:0:0:0:
320,192,24052,1,0,0:0:0:0:
64,192,24119,1,0,0:0:0:0:
448,192,24186,1,0,0:0:0:0:
320,192,24252,1,0,0:0:0:0:
192,192,24319,1,0,0:0:0:0:
64,192,24386,1,0,0:0:0:0:
192,192,24452,1,0,0:0:0:0:
320,192,24519,1,0,0:0:0:0:
64,192,24586,1,0,0:0:0:0:
448,192,24586,1,0,0:0:0:0:
192,192,24652,1,0,0:0:0:0:
320,192,24719,1,0,0:0:0:0:
448,192,24786,1,0,0:0:0:0:
192,192,24852,1,0,0:0:0:0:
320,192,24919,1,0,0:0:0:0:
64,192,24986,1,0,0:0:0:0:
192,192,24986,1,0,0:0:0:0:
448,192,25052,1,0,0:0:0:0:
320,192,25119,1,0,0:0:0:0:
192,192,25186,1,0,0:0:0:0:
64,192,25252,1,0,0:0:0:0:
192,192,25319,1,0,0:0:0:0:
320,192,25386,1,0,0:0:0:0:
448,192,25386,1,0,0:0:0:0:
64,192,25452,1,0,0:0:0:0:
192,192,25519,1,0,0:0:0:0:
320,192,25586,1,0,0:0:0:0:
64,192,25652,1,0,0:0:0:0:
448,0,25652,128,0,26052:1:0:0:0:
192,192,25786,1,0,0:0:0:0:
192,192,25919,1,0,0:0:0:0:
192,192,26186,1,0,0:0:0:0:
448,192,26186,1,0,0:0:0:0:
64,192,26319,1,0,0:0:0:0:
320,192,26319,1,0,0:0:0:0:
192,192,26452,1,0,0:0:0:0:
448,192,26586,1,0,0:0:0:0:
320,0,26586,128,0,26986:1:0:0:0:
192,192,26852,1,0,0:0:0:0:
448,192,26986,1,0,0:0:0:0:
64,192,27252,1,0,0:0:0:0:
192,192,27386,1,0,0:0:0:0:
320,192,27519,1,0,0:0:0:0:
448,192,27519,1,0,0:0:0:0:
192,192,27652,1,0,0:0:0:0:
320,192,27786,1,0,0:0:0:0:
64,0,27786,128,0,28052:1:0:0:0:
192,192,27919,1,0,0:0:0:0:
448,192,28052,1,0,0:0:0:0:
64,192,28186,1,0,0:0:0:0:
192,192,28186,1,0,0:0:0:0:
320,192,28319,1,0,0:0:0:0:
448,192,28319,1,0,0:0:0:0:
64,192,28452,1,0,0:0:0:0:
192,192,28452,1,0,0:0:0:0:
320,192,28586,1,0,0:0:0:0:
448,192,28719,1,0,0:0:0:0:
192,0,28719,128,0,28852:1:0:0:0:
64,192,28986,1,0,0:0:0:0:
320,0,28986,128,0,29119:1:0:0:0:
192,192,29119,1,0,0:0:0:0:
320,192,29252,1,0,0:0:0:0:
448,0,29252,128,0,29386:1:0:0:0:
192,192,29386,1,0,0:0:0:0:
448,192,29519,1,0,0:0:0:0:
64,0,29519,128,0,29652:1:0:0:0:
320,192,29652,1,0,0:0:0:0:
192,192,29786,1,0,0:0:0:0:
64,192,29919,1,0,0:0:0:0:
320,192,29919,1,0,0:0:0:0:
192,192,29986,1,0,0:0:0:0:
320,192,30052,1,0,0:0:0:0:
448,192,30119,1,0,0:0:0:0:
64,192,30186,1,0,0:0:0:0:
192,192,30252,1,0,0:0:0:0:
320,192,30319,1,0,0:0:0:0:
448,192,30386,1,0,0:0:0:0:
64,192,30452,1,0,0:0:0:0:
192,192,30452,1,0,0:0:0:0:
320,192,30586,1,0,0:0:0:0:
448,192,30586,1,0,0:0:0:0:
192,192,30719,1,0,0:0:0:0:
320,192,30852,1,0,0:0:0:0:
64,0,30852,128,0,31786:1:0:0:0:
192,192,31119,1,0,0:0:0:0:
448,192,31252,1,0,0:0:0:0:
320,192,31519,1,0,0:0:0:0:
192,192,31652,1,0,0:0:0:0:
448,192,31786,1,0,0:0:0:0:
320,192,31919,1,0,0:0:0:0:
64,192,32052,1,0,0:0:0:0:
448,0,32052,128,0,32319:1:0:0:0:
192,192,32186,1,0,0:0:0:0:
320,192,32319,1,0,0:0:0:0:
64,192,32586,1,0,0:0:0:0:
320,192,32586,1,0,0:0:0:0:
192,192,32719,1,0,0:0:0:0:
448,192,32719,1,0,0:0:0:0:
64,192,32852,1,0,0:0:0:0:
448,192,32986,1,0,0:0:0:0:
320,0,32986,128,0,33386:1:0:0:0:
64,192,33052,1,0,0:0:0:0:
192,192,33119,1,0,0:0:0:0:
64,192,33252,1,0,0:0:0:0:
448,192,33386,1,0,0:0:0:0:
192,192,33519,1,0,0:0:0:0:
448,192,33652,1,0,0:0:0:0:
320,192,33719,1,0,0:0:0:0:
64,192,33786,1,0,0:0:0:0:
192,192,33786,1,0,0:0:0:0:
320,192,33919,1,0,0:0:0:0:
448,192,33919,1,0,0:0:0:0:
64,192,34052,1,0,0:0:0:0:
192,192,34052,1,0,0:0:0:0:
320,192,34119,1,0,0:0:0:0:
64,192,34186,1,0,0:0:0:0:
448,192,34186,1,0,0:0:0:0:
192,192,34252,1,0,0:0:0:0:
320,192,34319,1,0,0:0:0:0:
448,192,34386,1,0,0:0:0:0:
192,192,34452,1,0,0:0:0:0:
320,192,34519,1,0,0:0:0:0:
64,192,34586,1,0,0:0:0:0:
448,192,34652,1,0,0:0:0:0:
64,192,34719,1,0,0:0:0:0:
192,192,34786,1,0,0:0:0:0:
320,192,34852,1,0,0:0:0:0:
448,192,34919,1,0,0:0:0:0:
64,192,34986,1,0,0:0:0:0:
192,192,34986,1,0,0:0:0:0:
320,192,35052,1,0,0:0:0:0:
448,192,35119,1,0,0:0:0:0:
320,192,35186,1,0,0:0:0:0:
64,192,35252,1,0,0:0:0:0:
192,192,35252,1,0,0:0:0:0:
448,192,35319,1,0,0:0:0:0:
320,192,35386,1,0,0:0:0:0:
192,192,35452,1,0,0:0:0:0:
64,192,35519,1,0,0:0:0:0:
192,192,35586,1,0,0:0:0:0:
320,192,35652,1,0,0:0:0:0:
448,192,35652,1,0,0:0:0:0:
192,192,35719,1,0,0:0:0:0:
64,192,35786,1,0,0:0:0:0:
448,192,35852,1,0,0:0:0:0:
320,192,35919,1,0,0:0:0:0:
192,192,35986,1,0,0:0:0:0:
64,192,36052,1,0,0:0:0:0:
448,192,36052,1,0,0:0:0:0:
192,192,36119,1,0,0:0:0:0:
320,192,36186,1,0,0:0:0:0:
448,192,36252,1,0,0:0:0:0:
192,192,36319,1,0,0:0:0:0:
320,192,36319,1,0,0:0:0:0:
64,192,36386,1,0,0:0:0:0:
448,192,36452,1,0,0:0:0:0:
320,192,36519,1,0,0:0:0:0:
192,192,36586,1,0,0:0:0:0:
320,192,36652,1,0,0:0:0:0:
64,192,36719,1,0,0:0:0:0:
192,192,36719,1,0,0:0:0:0:
448,192,36786,1,0,0:0:0:0:
320,192,36853,1,0,0:0:0:0:
192,192,36919,1,0,0:0:0:0:
64,192,36986,1,0,0:0:0:0:
192,192,37053,1,0,0:0:0:0:
320,192,37119,1,0,0:0:0:0:
448,192,37119,1,0,0:0:0:0:
64,192,37186,1,0,0:0:0:0:
192,192,37253,1,0,0:0:0:0:
320,192,37319,1,0,0:0:0:0:
448,192,37386,1,0,0:0:0:0:
320,192,37453,1,0,0:0:0:0:
192,192,37519,1,0,0:0:0:0:
64,192,37586,1,0,0:0:0:0:
448,192,37653,1,0,0:0:0:0:
320,192,37719,1,0,0:0:0:0:
192,192,37786,1,0,0:0:0:0:
64,192,37853,1,0,0:0:0:0:
192,192,37919,1,0,0:0:0:0:
320,192,37986,1,0,0:0:0:0:
448,192,38053,1,0,0:0:0:0:
64,192,38119,1,0,0:0:0:0:
192,192,38186,1,0,0:0:0:0:
320,192,38186,1,0,0:0:0:0:
448,192,38253,1,0,0:0:0:0:
64,192,38319,1,0,0:0:0:0:
192,192,38319,1,0,0:0:0:0:
320,192,38386,1,0,0:0:0:0:
64,192,38453,1,0,0:0:0:0:
448,192,38453,1,0,0:0:0:0:
192,192,38519,1,0,0:0:0:0:
320,192,38586,1,0,0:0:0:0:
448,192,38653,1,0,0:0:0:0:
64,192,38719,1,0,0:0:0:0:
192,192,38786,1,0,0:0:0:0:
320,192,38853,1,0,0:0:0:0:
448,192,38853,1,0,0:0:0:0:
192,192,38919,1,0,0:0:0:0:
64,192,38986,1,0,0:0:0:0:
448,192,39053,1,0,0:0:0:0:
320,192,39119,1,0,0:0:0:0:
192,192,39186,1,0,0:0:0:0:
64,192,39253,1,0,0:0:0:0:
320,192,39319,1,0,0:0:0:0:
192,192,39386,1,0,0:0:0:0:
448,192,39453,1,0,0:0:0:0:
320,192,39519,1,0,0:0:0:0:
192,192,39586,1,0,0:0:0:0:
64,192,39653,1,0,0:0:0:0:
192,192,39719,1,0,0:0:0:0:
320,192,39786,1,0,0:0:0:0:
448,192,39853,1,0,0:0:0:0:
64,192,39919,1,0,0:0:0:0:
320,192,39986,1,0,0:0:0:0:
192,192,40053,1,0,0:0:0:0:
448,192,40119,1,0,0:0:0:0:
64,192,40186,1,0,0:0:0:0:
192,192,40253,1,0,0:0:0:0:
320,192,40319,1,0,0:0:0:0:
448,192,40386,1,0,0:0:0:0:
320,192,40453,1,0,0:0:0:0:
192,192,40519,1,0,0:0:0:0:
64,192,40586,1,0,0:0:0:0:
448,192,40586,1,0,0:0:0:0:
192,192,40653,1,0,0:0:0:0:
320,192,40719,1,0,0:0:0:0:
448,192,40786,1,0,0:0:0:0:
64,192,40853,1,0,0:0:0:0:
192,192,40919,1,0,0:0:0:0:
320,192,40986,1,0,0:0:0:0:
448,192,41053,1,0,0:0:0:0:
64,192,41119,1,0,0:0:0:0:
192,192,41119,1,0,0:0:0:0:
320,192,41186,1,0,0:0:0:0:
64,192,41253,1,0,0:0:0:0:
448,192,41253,1,0,0:0:0:0:
320,192,41319,1,0,0:0:0:0:
64,192,41386,1,0,0:0:0:0:
192,192,41386,1,0,0:0:0:0:
448,192,41453,1,0,0:0:0:0:
192,192,41519,1,0,0:0:0:0:
320,192,41519,1,0,0:0:0:0:
64,192,41586,1,0,0:0:0:0:
448,192,41653,1,0,0:0:0:0:
320,192,41719,1,0,0:0:0:0:
192,192,41786,1,0,0:0:0:0:
64,192,41853,1,0,0:0:0:0:
192,192,41919,1,0,0:0:0:0:
320,192,41919,1,0,0:0:0:0:
448,192,41986,1,0,0:0:0:0:
320,192,42053,1,0,0:0:0:0:
192,192,42119,1,0,0:0:0:0:
64,192,42186,1,0,0:0:0:0:
448,192,42186,1,0,0:0:0:0:
192,192,42253,1,0,0:0:0:0:
320,192,42319,1,0,0:0:0:0:
448,192,42386,1,0,0:0:0:0:
64,192,42453,1,0,0:0:0:0:
192,192,42453,1,0,0:0:0:0:
320,192,42519,1,0,0:0:0:0:
64,192,42586,1,0,0:0:0:0:
448,192,42586,1,0,0:0:0:0:
192,192,42653,1,0,0:0:0:0:
320,192,42719,1,0,0:0:0:0:
448,192,42786,1,0,0:0:0:0:
192,192,42853,1,0,0:0:0:0:
320,192,42919,1,0,0:0:0:0:
64,192,42986,1,0,0:0:0:0:
192,192,43053,1,0,0:0:0:0:
320,192,43119,1,0,0:0:0:0:
448,192,43186,1,0,0:0:0:0:
320,192,43253,1,0,0:0:0:0:
192,192,43319,1,0,0:0:0:0:
64,192,43386,1,0,0:0:0:0:
448,192,43453,1,0,0:0:0:0:
192,192,43519,1,0,0:0:0:0:
448,192,43586,1,0,0:0:0:0:
320,192,43653,1,0,0:0:0:0:
64,0,43653,128,0,44053:1:0:0:0:
192,192,43719,1,0,0:0:0:0:
320,192,43786,1,0,0:0:0:0:
448,192,43919,1,0,0:0:0:0:
192,192,44053,1,0,0:0:0:0:
320,192,44053,1,0,0:0:0:0:
448,192,44119,1,0,0:0:0:0:
64,192,44186,1,0,0:0:0:0:
192,192,44253,1,0,0:0:0:0:
320,192,44319,1,0,0:0:0:0:
448,192,44319,1,0,0:0:0:0:
192,192,44453,1,0,0:0:0:0:
320,192,44453,1,0,0:0:0:0:
448,192,44519,1,0,0:0:0:0:
64,192,44586,1,0,0:0:0:0:
320,192,44719,1,0,0:0:0:0:
448,0,44719,128,0,45119:1:0:0:0:
192,192,44786,1,0,0:0:0:0:
64,192,44853,1,0,0:0:0:0:
192,192,44986,1,0,0:0:0:0:
320,192,45119,1,0,0:0:0:0:
64,192,45186,1,0,0:0:0:0:
192,192,45253,1,0,0:0:0:0:
320,192,45319,1,0,0:0:0:0:
64,192,45386,1,0,0:0:0:0:
448,192,45386,1,0,0:0:0:0:
192,192,45453,1,0,0:0:0:0:
320,192,45519,1,0,0:0:0:0:
448,192,45519,1,0,0:0:0:0:
64,192,45586,1,0,0:0:0:0:
192,192,45653,1,0,0:0:0:0:
320,192,45653,1,0,0:0:0:0:
448,192,45719,1,0,0:0:0:0:
64,192,45786,1,0,0:0:0:0:
192,192,45786,1,0,0:0:0:0:
320,192,45853,1,0,0:0:0:0:
192,192,45919,1,0,0:0:0:0:
64,192,45986,1,0,0:0:0:0:
448,192,46053,1,0,0:0:0:0:
320,192,46119,1,0,0:0:0:0:
64,192,46186,1,0,0:0:0:0:
192,192,46186,1,0,0:0:0:0:
320,192,46253,1,0,0:0:0:0:
448,192,46319,1,0,0:0:0:0:
64,192,46386,1,0,0:0:0:0:
192,192,46453,1,0,0:0:0:0:
320,192,46453,1,0,0:0:0:0:
448,192,46519,1,0,0:0:0:0:
64,192,46586,1,0,0:0:0:0:
192,192,46653,1,0,0:0:0:0:
320,192,46719,1,0,0:0:0:0:
448,192,46719,1,0,0:0:0:0:
192,192,46786,1,0,0:0:0:0:
64,192,46853,1,0,0:0:0:0:
448,192,46853,1,0,0:0:0:0:
320,192,46919,1,0,0:0:0:0:
192,192,46986,1,0,0:0:0:0:
64,192,47053,1,0,0:0:0:0:
448,192,47119,1,0,0:0:0:0:
320,192,47186,1,0,0:0:0:0:
192,192,47253,1,0,0:0:0:0:
64,192,47319,1,0,0:0:0:0:
448,192,47386,1,0,0:0:0:0:
320,192,47453,1,0,0:0:0:0:
192,192,47519,1,0,0:0:0:0:
320,192,47586,1,0,0:0:0:0:
192,192,47653,1,0,0:0:0:0:
64,192,47719,1,0,0:0:0:0:
448,192,47786,1,0,0:0:0:0:
320,192,47853,1,0,0:0:0:0:
192,192,47919,1,0,0:0:0:0:
64,0,47919,128,0,48186:1:0:0:0:
320,192,47986,1,0,0:0:0:0:
448,192,48053,1,0,0:0:0:0:
192,192,48186,1,0,0:0:0:0:
320,192,48319,1,0,0:0:0:0:
448,192,48319,1,0,0:0:0:0:
64,192,48386,1,0,0:0:0:0:
192,192,48453,1,0,0:0:0:0:
320,192,48519,1,0,0:0:0:0:
64,192,48586,1,0,0:0:0:0:
448,192,48586,1,0,0:0:0:0:
320,192,48719,1,0,0:0:0:0:
448,192,48719,1,0,0:0:0:0:
192,192,48786,1,0,0:0:0:0:
64,192,48853,1,0,0:0:0:0:
320,192,48986,1,0,0:0:0:0:
448,0,48986,128,0,49253:1:0:0:0:
192,192,49053,1,0,0:0:0:0:
64,192,49119,1,0,0:0:0:0:
320,192,49186,1,0,0:0:0:0:
192,192,49253,1,0,0:0:0:0:
320,192,49319,1,0,0:0:0:0:
448,192,49386,1,0,0:0:0:0:
64,192,49453,1,0,0:0:0:0:
320,192,49519,1,0,0:0:0:0:
192,192,49586,1,0,0:0:0:0:
64,192,49653,1,0,0:0:0:0:
448,192,49653,1,0,0:0:0:0:
320,192,49719,1,0,0:0:0:0:
64,192,49786,1,0,0:0:0:0:
192,192,49786,1,0,0:0:0:0:
320,192,49853,1,0,0:0:0:0:
64,192,49919,1,0,0:0:0:0:
448,192,49919,1,0,0:0:0:0:
192,192,49986,1,0,0:0:0:0:
320,192,50053,1,0,0:0:0:0:
448,192,50053,1,0,0:0:0:0:
64,192,50119,1,0,0:0:0:0:
192,192,50186,1,0,0:0:0:0:
320,192,50253,1,0,0:0:0:0:
448,192,50319,1,0,0:0:0:0:
320,192,50386,1,0,0:0:0:0:
64,192,50453,1,0,0:0:0:0:
192,192,50453,1,0,0:0:0:0:
448,192,50519,1,0,0:0:0:0:
192,192,50586,1,0,0:0:0:0:
320,192,50653,1,0,0:0:0:0:
64,192,50719,1,0,0:0:0:0:
448,192,50719,1,0,0:0:0:0:
192,192,50786,1,0,0:0:0:0:
320,192,50853,1,0,0:0:0:0:
448,192,50919,1,0,0:0:0:0:
64,192,50986,1,0,0:0:0:0:
192,192,50986,1,0,0:0:0:0:
320,192,51053,1,0,0:0:0:0:
64,192,51119,1,0,0:0:0:0:
448,192,51119,1,0,0:0:0:0:
192,192,51186,1,0,0:0:0:0:
320,192,51253,1,0,0:0:0:0:
192,192,51319,1,0,0:0:0:0:
320,192,51386,1,0,0:0:0:0:
448,192,51453,1,0,0:0:0:0:
64,192,51519,1,0,0:0:0:0:
192,192,51519,1,0,0:0:0:0:
320,192,51586,1,0,0:0:0:0:
448,192,51653,1,0,0:0:0:0:
64,192,51719,1,0,0:0:0:0:
192,192,51786,1,0,0:0:0:0:
320,192,51853,1,0,0:0:0:0:
448,192,51919,1,0,0:0:0:0:
320,192,51986,1,0,0:0:0:0:
192,192,52053,1,0,0:0:0:0:
64,192,52119,1,0,0:0:0:0:
320,192,52186,1,0,0:0:0:0:
448,0,52186,128,0,52453:1:0:0:0:
192,192,52253,1,0,0:0:0:0:
64,192,52319,1,0,0:0:0:0:
320,192,52386,1,0,0:0:0:0:
192,192,52453,1,0,0:0:0:0:
320,192,52519,1,0,0:0:0:0:
448,192,52586,1,0,0:0:0:0:
64,0,52586,128,0,52786:1:0:0:0:
192,192,52653,1,0,0:0:0:0:
320,192,52719,1,0,0:0:0:0:
448,192,52786,1,0,0:0:0:0:
192,192,52853,1,0,0:0:0:0:
320,192,52853,1,0,0:0:0:0:
64,192,52919,1,0,0:0:0:0:
192,192,52986,1,0,0:0:0:0:
320,192,53053,1,0,0:0:0:0:
64,192,53119,1,0,0:0:0:0:
448,192,53119,1,0,0:0:0:0:
192,192,53186,1,0,0:0:0:0:
320,192,53253,1,0,0:0:0:0:
448,0,53253,128,0,53653:1:0:0:0:
64,192,53319,1,0,0:0:0:0:
192,192,53386,1,0,0:0:0:0:
320,192,53453,1,0,0:0:0:0:
192,192,53519,1,0,0:0:0:0:
64,192,53586,1,0,0:0:0:0:
192,192,53653,1,0,0:0:0:0:
320,192,53719,1,0,0:0:0:0:
448,192,53786,1,0,0:0:0:0:
64,192,53853,1,0,0:0:0:0:
192,192,53920,1,0,0:0:0:0:
320,192,53986,1,0,0:0:0:0:
192,192,54053,1,0,0:0:0:0:
320,192,54120,1,0,0:0:0:0:
448,192,54186,1,0,0:0:0:0:
64,192,54253,1,0,0:0:0:0:
192,192,54320,1,0,0:0:0:0:
320,192,54320,1,0,0:0:0:0:
448,192,54386,1,0,0:0:0:0:
192,192,54453,1,0,0:0:0:0:
320,192,54520,1,0,0:0:0:0:
64,192,54586,1,0,0:0:0:0:
448,192,54653,1,0,0:0:0:0:
192,192,54720,1,0,0:0:0:0:
320,192,54720,1,0,0:0:0:0:
64,192,54786,1,0,0:0:0:0:
448,192,54853,1,0,0:0:0:0:
192,192,54920,1,0,0:0:0:0:
320,192,54986,1,0,0:0:0:0:
448,192,54986,1,0,0:0:0:0:
64,192,55053,1,0,0:0:0:0:
192,192,55120,1,0,0:0:0:0:
320,192,55186,1,0,0:0:0:0:
64,192,55253,1,0,0:0:0:0:
448,192,55253,1,0,0:0:0:0:
320,192,55320,1,0,0:0:0:0:
64,192,55386,1,0,0:0:0:0:
192,192,55386,1,0,0:0:0:0:
448,192,55453,1,0,0:0:0:0:
320,192,55520,1,0,0:0:0:0:
192,192,55586,1,0,0:0:0:0:
64,192,55653,1,0,0:0:0:0:
320,192,55720,1,0,0:0:0:0:
192,192,55786,1,0,0:0:0:0:
448,192,55853,1,0,0:0:0:0:
64,192,55920,1,0,0:0:0:0:
192,192,55986,1,0,0:0:0:0:
320,192,56053,1,0,0:0:0:0:
448,192,56120,1,0,0:0:0:0:
320,192,56186,1,0,0:0:0:0:
192,192,56253,1,0,0:0:0:0:
64,192,56320,1,0,0:0:0:0:
448,192,56386,1,0,0:0:0:0:
192,192,56453,1,0,0:0:0:0:
448,192,56520,1,0,0:0:0:0:
64,192,56586,1,0,0:0:0:0:
192,192,56653,1,0,0:0:0:0:
320,192,56720,1,0,0:0:0:0:
448,192,56786,1,0,0:0:0:0:
64,192,56853,1,0,0:0:0:0:
320,192,56920,1,0,0:0:0:0:
64,192,56986,1,0,0:0:0:0:
448,192,57053,1,0,0:0:0:0:
320,192,57120,1,0,0:0:0:0:
192,192,57186,1,0,0:0:0:0:
320,192,57253,1,0,0:0:0:0:
448,192,57320,1,0,0:0:0:0:
64,192,57386,1,0,0:0:0:0:
192,192,57453,1,0,0:0:0:0:
320,192,57520,1,0,0:0:0:0:
448,192,57586,1,0,0:0:0:0:
192,192,57653,1,0,0:0:0:0:
64,0,57653,128,0,57920:1:0:0:0:
320,192,57786,1,0,0:0:0:0:
192,192,57920,1,0,0:0:0:0:
448,192,58053,1,0,0:0:0:0:
192,192,58186,1,0,0:0:0:0:
320,192,58186,1,0,0:0:0:0:
64,192,58320,1,0,0:0:0:0:
448,192,58320,1,0,0:0:0:0:
192,192,58453,1,0,0:0:0:0:
448,192,58586,1,0,0:0:0:0:
320,0,58586,128,0,58986:1:0:0:0:
192,192,58720,1,0,0:0:0:0:
64,192,58853,1,0,0:0:0:0:
448,192,58986,1,0,0:0:0:0:
64,192,59120,1,0,0:0:0:0:
192,192,59253,1,0,0:0:0:0:
320,192,59386,1,0,0:0:0:0:
448,192,59520,1,0,0:0:0:0:
192,192,59653,1,0,0:0:0:0:
320,192,59786,1,0,0:0:0:0:
448,0,59786,128,0,60053:1:0:0:0:
64,192,59920,1,0,0:0:0:0:
192,192,60053,1,0,0:0:0:0:
64,192,60186,1,0,0:0:0:0:
320,192,60320,1,0,0:0:0:0:
448,192,60320,1,0,0:0:0:0:
64,192,60453,1,0,0:0:0:0:
192,192,60453,1,0,0:0:0:0:
448,192,60586,1,0,0:0:0:0:
192,192,60720,1,0,0:0:0:0:
320,192,60720,1,0,0:0:0:0:
64,192,60853,1,0,0:0:0:0:
320,192,60986,1,0,0:0:0:0:
448,192,60986,1,0,0:0:0:0:
192,192,61120,1,0,0:0:0:0:
64,192,61253,1,0,0:0:0:0:
448,192,61253,1,0,0:0:0:0:
192,192,61386,1,0,0:0:0:0:
320,192,61520,1,0,0:0:0:0:
192,192,61653,1,0,0:0:0:0:
64,0,61653,128,0,61786:1:0:0:0:
320,192,61786,1,0,0:0:0:0:
192,192,61920,1,0,0:0:0:0:
448,0,61920,128,0,62120:1:0:0:0:
64,192,62053,1,0,0:0:0:0:
320,192,62186,1,0,0:0:0:0:
192,192,62320,1,0,0:0:0:0:
320,192,62453,1,0,0:0:0:0:
448,192,62453,1,0,0:0:0:0:
64,192,62586,1,0,0:0:0:0:
192,192,62586,1,0,0:0:0:0:
448,192,62720,1,0,0:0:0:0:
320,192,62853,1,0,0:0:0:0:
64,0,62853,128,0,63253:1:0:0:0:
448,192,62986,1,0,0:0:0:0:
192,192,63120,1,0,0:0:0:0:
320,192,63253,1,0,0:0:0:0:
448,192,63386,1,0,0:0:0:0:
64,192,63520,1,0,0:0:0:0:
192,192,63653,1,0,0:0:0:0:
320,192,63786,1,0,0:0:0:0:
448,192,63920,1,0,0:0:0:0:
320,192,64053,1,0,0:0:0:0:
64,0,64053,128,0,64320:1:0:0:0:
192,192,64186,1,0,0:0:0:0:
448,192,64320,1,0,0:0:0:0:
192,192,64453,1,0,0:0:0:0:
320,192,64586,1,0,0:0:0:0:
448,192,64586,1,0,0:0:0:0:
64,192,64720,1,0,0:0:0:0:
320,192,64720,1,0,0:0:0:0:
192,192,64853,1,0,0:0:0:0:
64,192,64986,1,0,0:0:0:0:
448,0,64986,128,0,65386:1:0:0:0:
320,192,65053,1,0,0:0:0:0:
192,192,65120,1,0,0:0:0:0:
64,192,65186,1,0,0:0:0:0:
320,192,65253,1,0,0:0:0:0:
192,192,65320,1,0,0:0:0:0:
320,192,65386,1,0,0:0:0:0:
448,192,65453,1,0,0:0:0:0:
192,192,65520,1,0,0:0:0:0:
320,192,65586,1,0,0:0:0:0:
64,192,65653,1,0,0:0:0:0:
192,192,65720,1,0,0:0:0:0:
64,192,65786,1,0,0:0:0:0:
320,192,65786,1,0,0:0:0:0:
448,192,65853,1,0,0:0:0:0:
64,192,65920,1,0,0:0:0:0:
192,192,65920,1,0,0:0:0:0:
320,192,65986,1,0,0:0:0:0:
64,192,66053,1,0,0:0:0:0:
448,192,66053,1,0,0:0:0:0:
192,192,66120,1,0,0:0:0:0:
320,192,66186,1,0,0:0:0:0:
448,192,66186,1,0,0:0:0:0:
64,192,66253,1,0,0:0:0:0:
192,192,66320,1,0,0:0:0:0:
320,192,66386,1,0,0:0:0:0:
448,192,66453,1,0,0:0:0:0:
320,192,66520,1,0,0:0:0:0:
192,192,66586,1,0,0:0:0:0:
64,192,66653,1,0,0:0:0:0:
448,192,66720,1,0,0:0:0:0:
192,192,66786,1,0,0:0:0:0:
320,192,66853,1,0,0:0:0:0:
64,192,66920,1,0,0:0:0:0:
192,192,66986,1,0,0:0:0:0:
320,192,67053,1,0,0:0:0:0:
64,192,67120,1,0,0:0:0:0:
448,192,67120,1,0,0:0:0:0:
320,192,67186,1,0,0:0:0:0:
192,192,67253,1,0,0:0:0:0:
64,192,67320,1,0,0:0:0:0:
192,192,67386,1,0,0:0:0:0:
320,192,67386,1,0,0:0:0:0:
448,192,67453,1,0,0:0:0:0:
64,192,67519,1,0,0:0:0:0:
192,192,67519,1,0,0:0:0:0:
320,192,67586,1,0,0:0:0:0:
64,192,67653,1,0,0:0:0:0:
448,192,67653,1,0,0:0:0:0:
192,192,67719,1,0,0:0:0:0:
320,192,67786,1,0,0:0:0:0:
448,192,67853,1,0,0:0:0:0:
192,192,67919,1,0,0:0:0:0:
320,192,67919,1,0,0:0:0:0:
64,192,67986,1,0,0:0:0:0:
448,192,68053,1,0,0:0:0:0:
192,192,68119,1,0,0:0:0:0:
320,192,68186,1,0,0:0:0:0:
448,192,68186,1,0,0:0:0:0:
64,192,68253,1,0,0:0:0:0:
192,192,68319,1,0,0:0:0:0:
320,192,68386,1,0,0:0:0:0:
192,192,68453,1,0,0:0:0:0:
320,192,68519,1,0,0:0:0:0:
448,192,68586,1,0,0:0:0:0:
192,192,68653,1,0,0:0:0:0:
320,192,68719,1,0,0:0:0:0:
64,192,68786,1,0,0:0:0:0:
192,192,68853,1,0,0:0:0:0:
320,192,68919,1,0,0:0:0:0:
448,192,68986,1,0,0:0:0:0:
320,192,69053,1,0,0:0:0:0:
192,192,69119,1,0,0:0:0:0:
64,192,69186,1,0,0:0:0:0:
320,192,69253,1,0,0:0:0:0:
448,192,69253,1,0,0:0:0:0:
192,192,69319,1,0,0:0:0:0:
448,192,69386,1,0,0:0:0:0:
64,192,69453,1,0,0:0:0:0:
192,192,69519,1,0,0:0:0:0:
320,192,69519,1,0,0:0:0:0:
448,192,69586,1,0,0:0:0:0:
64,192,69653,1,0,0:0:0:0:
192,192,69653,1,0,0:0:0:0:
320,192,69719,1,0,0:0:0:0:
64,192,69786,1,0,0:0:0:0:
448,192,69786,1,0,0:0:0:0:
320,192,69853,1,0,0:0:0:0:
192,192,69919,1,0,0:0:0:0:
64,192,69986,1,0,0:0:0:0:
320,192,70053,1,0,0:0:0:0:
448,192,70053,1,0,0:0:0:0:
192,192,70119,1,0,0:0:0:0:
64,192,70186,1,0,0:0:0:0:
448,192,70253,1,0,0:0:0:0:
192,192,70319,1,0,0:0:0:0:
320,192,70319,1,0,0:0:0:0:
64,192,70386,1,0,0:0:0:0:
320,192,70453,1,0,0:0:0:0:
192,192,70519,1,0,0:0:0:0:
448,192,70586,1,0,0:0:0:0:
64,192,70653,1,0,0:0:0:0:
320,192,70719,1,0,0:0:0:0:
192,192,70786,1,0,0:0:0:0:
320,192,70853,1,0,0:0:0:0:
64,192,70919,1,0,0:0:0:0:
192,192,70986,1,0,0:0:0:0:
320,192,71053,1,0,0:0:0:0:
448,192,71119,1,0,0:0:0:0:
320,192,71186,1,0,0:0:0:0:
192,192,71253,1,0,0:0:0:0:
64,192,71319,1,0,0:0:0:0:
320,192,71386,1,0,0:0:0:0:
448,192,71386,1,0,0:0:0:0:
192,192,71453,1,0,0:0:0:0:
448,192,71519,1,0,0:0:0:0:
320,192,71586,1,0,0:0:0:0:
64,192,71653,1,0,0:0:0:0:
192,192,71653,1,0,0:0:0:0:
448,192,71719,1,0,0:0:0:0:
192,192,71786,1,0,0:0:0:0:
320,192,71786,1,0,0:0:0:0:
64,192,71853,1,0,0:0:0:0:
320,192,71919,1,0,0:0:0:0:
448,192,71919,1,0,0:0:0:0:
192,192,71986,1,0,0:0:0:0:
64,192,72053,1,0,0:0:0:0:
448,192,72119,1,0,0:0:0:0:
192,192,72186,1,0,0:0:0:0:
320,192,72186,1,0,0:0:0:0:
64,192,72253,1,0,0:0:0:0:
320,192,72319,1,0,0:0:0:0:
192,192,72386,1,0,0:0:0:0:
448,192,72453,1,0,0:0:0:0:
64,192,72519,1,0,0:0:0:0:
192,192,72586,1,0,0:0:0:0:
320,192,72586,1,0,0:0:0:0:
448,192,72653,1,0,0:0:0:0:
192,192,72719,1,0,0:0:0:0:
320,192,72786,1,0,0:0:0:0:
64,192,72853,1,0,0:0:0:0:
192,192,72919,1,0,0:0:0:0:
320,192,72986,1,0,0:0:0:0:
448,192,72986,1,0,0:0:0:0:
192,192,73053,1,0,0:0:0:0:
64,192,73119,1,0,0:0:0:0:
448,192,73186,1,0,0:0:0:0:
320,192,73253,1,0,0:0:0:0:
192,192,73319,1,0,0:0:0:0:
64,192,73386,1,0,0:0:0:0:
192,192,73453,1,0,0:0:0:0:
320,192,73519,1,0,0:0:0:0:
448,192,73586,1,0,0:0:0:0:
64,192,73653,1,0,0:0:0:0:
192,192,73653,1,0,0:0:0:0:
320,192,73719,1,0,0:0:0:0:
192,192,73786,1,0,0:0:0:0:
320,192,73853,1,0,0:0:0:0:
64,192,73919,1,0,0:0:0:0:
192,192,73986,1,0,0:0:0:0:
320,192,74053,1,0,0:0:0:0:
448,192,74053,1,0,0:0:0:0:
192,192,74119,1,0,0:0:0:0:
64,192,74186,1,0,0:0:0:0:
448,192,74253,1,0,0:0:0:0:
320,192,74319,1,0,0:0:0:0:
192,192,74386,1,0,0:0:0:0:
64,192,74453,1,0,0:0:0:0:
448,192,74453,1,0,0:0:0:0:
192,192,74519,1,0,0:0:0:0:
320,192,74586,1,0,0:0:0:0:
448,192,74653,1,0,0:0:0:0:
192,192,74719,1,0,0:0:0:0:
64,0,74719,128,0,75253:1:0:0:0:
320,192,74853,1,0,0:0:0:0:
448,192,74986,1,0,0:0:0:0:
192,192,75253,1,0,0:0:0:0:
448,192,75253,1,0,0:0:0:0:
64,192,75386,1,0,0:0:0:0:
320,192,75386,1,0,0:0:0:0:
192,192,75519,1,0,0:0:0:0:
320,192,75653,1,0,0:0:0:0:
448,0,75653,128,0,76319:1:0:0:0:
64,192,75919,1,0,0:0:0:0:
320,192,76053,1,0,0:0:0:0:
192,192,76319,1,0,0:0:0:0:
64,192,76453,1,0,0:0:0:0:
192,192,76586,1,0,0:0:0:0:
320,192,76586,1,0,0:0:0:0:
448,192,76719,1,0,0:0:0:0:
192,192,76853,1,0,0:0:0:0:
64,0,76853,128,0,77119:1:0:0:0:
320,192,76986,1,0,0:0:0:0:
192,192,77119,1,0,0:0:0:0:
448,192,77253,1,0,0:0:0:0:
64,192,77386,1,0,0:0:0:0:
320,192,77386,1,0,0:0:0:0:
192,192,77519,1,0,0:0:0:0:
320,192,77519,1,0,0:0:0:0:
448,192,77653,1,0,0:0:0:0:
192,192,77786,1,0,0:0:0:0:
64,0,77786,128,0,77919:1:0:0:0:
448,192,78053,1,0,0:0:0:0:
192,0,78053,128,0,78186:1:0:0:0:
320,192,78186,1,0,0:0:0:0:
64,192,78319,1,0,0:0:0:0:
448,0,78319,128,0,78453:1:0:0:0:
320,192,78453,1,0,0:0:0:0:
192,192,78586,1,0,0:0:0:0:
320,192,78719,1,0,0:0:0:0:
448,192,78719,1,0,0:0:0:0:
192,192,78853,1,0,0:0:0:0:
64,192,78986,1,0,0:0:0:0:
320,0,78986,128,0,79253:1:0:0:0:
192,192,79119,1,0,0:0:0:0:
448,192,79253,1,0,0:0:0:0:
64,192,79386,1,0,0:0:0:0:
192,192,79453,1,0,0:0:0:0:
320,192,79519,1,0,0:0:0:0:
448,192,79519,1,0,0:0:0:0:
192,192,79653,1,0,0:0:0:0:
320,192,79653,1,0,0:0:0:0:
64,192,79786,1,0,0:0:0:0:
320,192,79919,1,0,0:0:0:0:
448,0,79919,128,0,80319:1:0:0:0:
64,192,80186,1,0,0:0:0:0:
320,192,80319,1,0,0:0:0:0:
192,192,80453,1,0,0:0:0:0:
448,192,80586,1,0,0:0:0:0:
320,192,80719,1,0,0:0:0:0:
192,192,80853,1,0,0:0:0:0:
448,192,80986,1,0,0:0:0:0:
320,192,81119,1,0,0:0:0:0:
64,0,81119,128,0,81519:1:0:0:0:
192,192,81253,1,0,0:0:0:0:
320,192,81386,1,0,0:0:0:0:
64,192,81653,1,0,0:0:0:0:
320,192,81653,1,0,0:0:0:0:
192,192,81786,1,0,0:0:0:0:
448,192,81786,1,0,0:0:0:0:
320,192,81919,1,0,0:0:0:0:
64,192,82053,1,0,0:0:0:0:
448,0,82053,128,0,82453:1:0:0:0:
192,192,82319,1,0,0:0:0:0:
320,192,82453,1,0,0:0:0:0:
64,192,82586,1,0,0:0:0:0:
320,192,82719,1,0,0:0:0:0:
448,192,82719,1,0,0:0:0:0:
192,192,82786,1,0,0:0:0:0:
64,192,82853,1,0,0:0:0:0:
448,192,82853,1,0,0:0:0:0:
192,192,82986,1,0,0:0:0:0:
320,192,82986,1,0,0:0:0:0:
448,192,83053,1,0,0:0:0:0:
64,192,83119,1,0,0:0:0:0:
192,192,83119,1,0,0:0:0:0:
320,192,83186,1,0,0:0:0:0:
64,192,83253,1,0,0:0:0:0:
448,192,83253,1,0,0:0:0:0:
192,192,83319,1,0,0:0:0:0:
320,192,83386,1,0,0:0:0:0:
448,192,83453,1,0,0:0:0:0:
320,192,83519,1,0,0:0:0:0:
192,192,83586,1,0,0:0:0:0:
64,192,83653,1,0,0:0:0:0:
448,192,83719,1,0,0:0:0:0:
192,192,83786,1,0,0:0:0:0:
320,192,83853,1,0,0:0:0:0:
64,192,83919,1,0,0:0:0:0:
192,192,83986,1,0,0:0:0:0:
320,192,84053,1,0,0:0:0:0:
448,192,84053,1,0,0:0:0:0:
192,192,84119,1,0,0:0:0:0:
64,192,84186,1,0,0:0:0:0:
448,192,84253,1,0,0:0:0:0:
192,192,84319,1,0,0:0:0:0:
320,192,84319,1,0,0:0:0:0:
64,192,84386,1,0,0:0:0:0:
448,192,84453,1,0,0:0:0:0:
192,192,84519,1,0,0:0:0:0:
320,192,84586,1,0,0:0:0:0:
64,192,84653,1,0,0:0:0:0:
192,192,84719,1,0,0:0:0:0:
320,192,84719,1,0,0:0:0:0:
448,192,84786,1,0,0:0:0:0:
320,192,84853,1,0,0:0:0:0:
192,192,84919,1,0,0:0:0:0:
64,192,84986,1,0,0:0:0:0:
192,192,85053,1,0,0:0:0:0:
320,192,85119,1,0,0:0:0:0:
448,192,85119,1,0,0:0:0:0:
64,192,85186,1,0,0:0:0:0:
320,192,85253,1,0,0:0:0:0:
192,192,85319,1,0,0:0:0:0:
64,192,85386,1,0,0:0:0:0:
448,192,85386,1,0,0:0:0:0:
320,192,85453,1,0,0:0:0:0:
192,192,85519,1,0,0:0:0:0:
320,192,85586,1,0,0:0:0:0:
448,192,85652,1,0,0:0:0:0:
64,192,85719,1,0,0:0:0:0:
192,192,85786,1,0,0:0:0:0:
320,192,85786,1,0,0:0:0:0:
448,192,85852,1,0,0:0:0:0:
192,192,85919,1,0,0:0:0:0:
320,192,85986,1,0,0:0:0:0:
64,192,86052,1,0,0:0:0:0:
448,192,86119,1,0,0:0:0:0:
192,192,86186,1,0,0:0:0:0:
320,192,86186,1,0,0:0:0:0:
64,192,86252,1,0,0:0:0:0:
448,192,86319,1,0,0:0:0:0:
320,192,86386,1,0,0:0:0:0:
192,192,86452,1,0,0:0:0:0:
320,192,86519,1,0,0:0:0:0:
448,192,86586,1,0,0:0:0:0:
192,192,86652,1,0,0:0:0:0:
320,192,86719,1,0,0:0:0:0:
64,192,86786,1,0,0:0:0:0:
192,192,86852,1,0,0:0:0:0:
320,192,86919,1,0,0:0:0:0:
448,192,86986,1,0,0:0:0:0:
320,192,87052,1,0,0:0:0:0:
192,192,87119,1,0,0:0:0:0:
64,192,87186,1,0,0:0:0:0:
320,192,87252,1,0,0:0:0:0:
448,192,87252,1,0,0:0:0:0:
192,192,87319,1,0,0:0:0:0:
64,192,87386,1,0,0:0:0:0:
448,192,87386,1,0,0:0:0:0:
320,192,87452,1,0,0:0:0:0:
64,192,87519,1,0,0:0:0:0:
192,192,87519,1,0,0:0:0:0:
448,192,87586,1,0,0:0:0:0:
320,192,87652,1,0,0:0:0:0:
192,192,87719,1,0,0:0:0:0:
320,192,87786,1,0,0:0:0:0:
448,192,87852,1,0,0:0:0:0:
64,192,87919,1,0,0:0:0:0:
192,192,87986,1,0,0:0:0:0:
320,192,88052,1,0,0:0:0:0:
448,192,88119,1,0,0:0:0:0:
192,192,88186,1,0,0:0:0:0:
320,192,88252,1,0,0:0:0:0:
64,192,88319,1,0,0:0:0:0:
448,192,88319,1,0,0:0:0:0:
320,192,88386,1,0,0:0:0:0:
192,192,88452,1,0,0:0:0:0:
64,192,88519,1,0,0:0:0:0:
320,192,88586,1,0,0:0:0:0:
448,192,88586,1,0,0:0:0:0:
192,192,88652,1,0,0:0:0:0:
448,192,88719,1,0,0:0:0:0:
64,192,88786,1,0,0:0:0:0:
192,192,88852,1,0,0:0:0:0:
320,192,88852,1,0,0:0:0:0:
448,192,88919,1,0,0:0:0:0:
64,192,88986,1,0,0:0:0:0:
192,192,89052,1,0,0:0:0:0:
320,192,89119,1,0,0:0:0:0:
448,192,89119,1,0,0:0:0:0:
64,192,89186,1,0,0:0:0:0:
192,192,89252,1,0,0:0:0:0:
320,192,89252,1,0,0:0:0:0:
448,192,89319,1,0,0:0:0:0:
320,192,89386,1,0,0:0:0:0:
192,192,89452,1,0,0:0:0:0:
64,192,89519,1,0,0:0:0:0:
448,192,89519,1,0,0:0:0:0:
320,192,89586,1,0,0:0:0:0:
192,192,89652,1,0,0:0:0:0:
320,192,89719,1,0,0:0:0:0:
192,192,89786,1,0,0:0:0:0:
64,192,89852,1,0,0:0:0:0:
448,192,89919,1,0,0:0:0:0:
192,192,89986,1,0,0:0:0:0:
320,192,90052,1,0,0:0:0:0:
64,192,90119,1,0,0:0:0:0:
192,192,90186,1,0,0:0:0:0:
320,192,90186,1,0,0:0:0:0:
448,192,90252,1,0,0:0:0:0:
64,192,90319,1,0,0:0:0:0:
192,192,90319,1,0,0:0:0:0:
320,192,90386,1,0,0:0:0:0:
64,192,90452,1,0,0:0:0:0:
448,192,90452,1,0,0:0:0:0:
192,192,90519,1,0,0:0:0:0:
320,192,90586,1,0,0:0:0:0:
448,192,90586,1,0,0:0:0:0:
64,192,90652,1,0,0:0:0:0:
192,192,90719,1,0,0:0:0:0:
320,192,90786,1,0,0:0:0:0:
192,192,90852,1,0,0:0:0:0:
64,192,90919,1,0,0:0:0:0:
320,192,90986,1,0,0:0:0:0:
448,192,90986,1,0,0:0:0:0:
192,192,91052,1,0,0:0:0:0:
448,192,91119,1,0,0:0:0:0:
64,192,91186,1,0,0:0:0:0:
192,192,91252,1,0,0:0:0:0:
320,192,91252,1,0,0:0:0:0:
448,192,91319,1,0,0:0:0:0:
320,192,91386,1,0,0:0:0:0:
192,192,91452,1,0,0:0:0:0:
64,192,91519,1,0,0:0:0:0:
448,192,91519,1,0,0:0:0:0:
320,192,91586,1,0,0:0:0:0:
64,192,91652,1,0,0:0:0:0:
192,192,91652,1,0,0:0:0:0:
320,192,91719,1,0,0:0:0:0:
448,192,91786,1,0,0:0:0:0:
64,192,91852,1,0,0:0:0:0:
320,192,91919,1,0,0:0:0:0:
192,192,91986,1,0,0:0:0:0:
448,192,92052,1,0,0:0:0:0:
320,192,92119,1,0,0:0:0:0:
192,192,92186,1,0,0:0:0:0:
64,192,92252,1,0,0:0:0:0:
192,192,92319,1,0,0:0:0:0:
320,192,92386,1,0,0:0:0:0:
448,192,92452,1,0,0:0:0:0:
64,192,92519,1,0,0:0:0:0:
192,192,92586,1,0,0:0:0:0:
320,192,92652,1,0,0:0:0:0:
64,192,92719,1,0,0:0:0:0:
192,192,92719,1,0,0:0:0:0:
448,192,92786,1,0,0:0:0:0:
320,192,92852,1,0,0:0:0:0:
192,192,92919,1,0,0:0:0:0:
64,192,92986,1,0,0:0:0:0:
448,192,93052,1,0,0:0:0:0:
192,192,93119,1,0,0:0:0:0:
320,192,93119,1,0,0:0:0:0:
64,192,93186,1,0,0:0:0:0:
448,192,93252,1,0,0:0:0:0:
192,192,93319,1,0,0:0:0:0:
320,192,93386,1,0,0:0:0:0:
448,192,93386,1,0,0:0:0:0:
64,192,93452,1,0,0:0:0:0:
192,192,93519,1,0,0:0:0:0:
320,192,93519,1,0,0:0:0:0:
448,192,93586,1,0,0:0:0:0:
64,192,93652,1,0,0:0:0:0:
192,192,93719,1,0,0:0:0:0:
320,192,93786,1,0,0:0:0:0:
448,192,93786,1,0,0:0:0:0:
192,192,93852,1,0,0:0:0:0:
64,192,93919,1,0,0:0:0:0:
448,192,93986,1,0,0:0:0:0:
192,192,94052,1,0,0:0:0:0:
320,192,94119,1,0,0:0:0:0:
64,192,94185,1,0,0:0:0:0:
192,192,94252,1,0,0:0:0:0:
320,192,94319,1,0,0:0:0:0:
448,192,94385,1,0,0:0:0:0:
64,192,94452,1,0,0:0:0:0:
192,192,94452,1,0,0:0:0:0:
320,192,94519,1,0,0:0:0:0:
64,192,94585,1,0,0:0:0:0:
448,192,94585,1,0,0:0:0:0:
320,192,94652,1,0,0:0:0:0:
64,192,94719,1,0,0:0:0:0:
192,192,94719,1,0,0:0:0:0:
448,192,94785,1,0,0:0:0:0:
192,192,94852,1,0,0:0:0:0:
320,192,94852,1,0,0:0:0:0:
64,192,94919,1,0,0:0:0:0:
448,192,94985,1,0,0:0:0:0:
192,192,95052,1,0,0:0:0:0:
320,192,95119,1,0,0:0:0:0:
64,192,95185,1,0,0:0:0:0:
192,192,95252,1,0,0:0:0:0:
320,192,95252,1,0,0:0:0:0:
448,192,95319,1,0,0:0:0:0:
320,192,95385,1,0,0:0:0:0:
192,192,95452,1,0,0:0:0:0:
64,192,95519,1,0,0:0:0:0:
448,192,95519,1,0,0:0:0:0:
192,192,95585,1,0,0:0:0:0:
320,192,95652,1,0,0:0:0:0:
64,192,95719,1,0,0:0:0:0:
320,192,95785,1,0,0:0:0:0:
448,192,95785,1,0,0:0:0:0:
192,192,95852,1,0,0:0:0:0:
64,192,95919,1,0,0:0:0:0:
448,192,95919,1,0,0:0:0:0:
192,192,95985,1,0,0:0:0:0:
320,192,96052,1,0,0:0:0:0:
448,192,96119,1,0,0:0:0:0:
320,192,96185,1,0,0:0:0:0:
192,192,96252,1,0,0:0:0:0:
64,192,96319,1,0,0:0:0:0:
448,192,96385,1,0,0:0:0:0:
192,192,96452,1,0,0:0:0:0:
320,192,96519,1,0,0:0:0:0:
64,192,96585,1,0,0:0:0:0:
192,192,96652,1,0,0:0:0:0:
320,192,96719,1,0,0:0:0:0:
448,192,96785,1,0,0:0:0:0:
64,192,96852,1,0,0:0:0:0:
192,192,96919,1,0,0:0:0:0:
320,192,96985,1,0,0:0:0:0:
448,192,96985,1,0,0:0:0:0:
192,192,97052,1,0,0:0:0:0:
64,192,97119,1,0,0:0:0:0:
320,192,97185,1,0,0:0:0:0:
192,192,97252,1,0,0:0:0:0:
448,192,97319,1,0,0:0:0:0:
192,192,97385,1,0,0:0:0:0:
320,192,97385,1,0,0:0:0:0:
64,192,97452,1,0,0:0:0:0:
448,192,97519,1,0,0:0:0:0:
192,192,97585,1,0,0:0:0:0:
320,192,97652,1,0,0:0:0:0:
448,192,97652,1,0,0:0:0:0:
64,192,97719,1,0,0:0:0:0:
192,192,97785,1,0,0:0:0:0:
320,192,97785,1,0,0:0:0:0:
448,192,97852,1,0,0:0:0:0:
320,192,97919,1,0,0:0:0:0:
192,192,97985,1,0,0:0:0:0:
64,192,98052,1,0,0:0:0:0:
448,192,98052,1,0,0:0:0:0:
320,192,98119,1,0,0:0:0:0:
192,192,98185,1,0,0:0:0:0:
320,192,98252,1,0,0:0:0:0:
448,192,98319,1,0,0:0:0:0:
64,192,98385,1,0,0:0:0:0:
192,192,98452,1,0,0:0:0:0:
320,192,98519,1,0,0:0:0:0:
192,192,98585,1,0,0:0:0:0:
64,192,98652,1,0,0:0:0:0:
320,192,98719,1,0,0:0:0:0:
448,192,98719,1,0,0:0:0:0:
192,192,98785,1,0,0:0:0:0:
64,192,98852,1,0,0:0:0:0:
448,192,98852,1,0,0:0:0:0:
320,192,98919,1,0,0:0:0:0:
64,192,98985,1,0,0:0:0:0:
192,192,98985,1,0,0:0:0:0:
448,192,99052,1,0,0:0:0:0:
192,192,99119,1,0,0:0:0:0:
320,192,99119,1,0,0:0:0:0:
64,192,99185,1,0,0:0:0:0:
448,192,99252,1,0,0:0:0:0:
192,192,99319,1,0,0:0:0:0:
320,192,99385,1,0,0:0:0:0:
64,192,99452,1,0,0:0:0:0:
192,192,99519,1,0,0:0:0:0:
320,192,99519,1,0,0:0:0:0:
448,192,99585,1,0,0:0:0:0:
320,192,99652,1,0,0:0:0:0:
192,192,99719,1,0,0:0:0:0:
64,192,99785,1,0,0:0:0:0:
448,192,99785,1,0,0:0:0:0:
320,192,99852,1,0,0:0:0:0:
192,192,99919,1,0,0:0:0:0:
64,192,99985,1,0,0:0:0:0:
320,192,100052,1,0,0:0:0:0:
448,192,100052,1,0,0:0:0:0:
192,192,100119,1,0,0:0:0:0:
320,192,100185,1,0,0:0:0:0:
448,192,100185,1,0,0:0:0:0:
64,192,100252,1,0,0:0:0:0:
192,192,100319,1,0,0:0:0:0:
320,192,100385,1,0,0:0:0:0:
448,192,100452,1,0,0:0:0:0:
64,192,100519,1,0,0:0:0:0:
192,192,100585,1,0,0:0:0:0:
320,192,100585,1,0,0:0:0:0:
448,192,100652,1,0,0:0:0:0:
192,192,100719,1,0,0:0:0:0:
320,192,100785,1,0,0:0:0:0:
64,192,100852,1,0,0:0:0:0:
448,192,100919,1,0,0:0:0:0:
320,192,100985,1,0,0:0:0:0:
192,192,101052,1,0,0:0:0:0:
320,192,101119,1,0,0:0:0:0:
192,192,101185,1,0,0:0:0:0:
64,192,101252,1,0,0:0:0:0:
448,192,101252,1,0,0:0:0:0:
320,192,101319,1,0,0:0:0:0:
192,192,101385,1,0,0:0:0:0:
320,192,101452,1,0,0:0:0:0:
448,192,101519,1,0,0:0:0:0:
64,192,101585,1,0,0:0:0:0:
192,192,101652,1,0,0:0:0:0:
320,192,101652,1,0,0:0:0:0:
448,192,101719,1,0,0:0:0:0:
320,192,101785,1,0,0:0:0:0:
192,192,101852,1,0,0:0:0:0:
64,192,101919,1,0,0:0:0:0:
448,192,101919,1,0,0:0:0:0:
192,192,101985,1,0,0:0:0:0:
320,192,102052,1,0,0:0:0:0:
448,192,102119,1,0,0:0:0:0:
64,192,102185,1,0,0:0:0:0:
192,192,102185,1,0,0:0:0:0:
320,192,102252,1,0,0:0:0:0:
64,192,102319,1,0,0:0:0:0:
448,192,102319,1,0,0:0:0:0:
320,192,102385,1,0,0:0:0:0:
192,192,102452,1,0,0:0:0:0:
64,192,102519,1,0,0:0:0:0:
448,192,102585,1,0,0:0:0:0:
192,192,102652,1,0,0:0:0:0:
320,192,102718,1,0,0:0:0:0:
192,192,102785,1,0,0:0:0:0:
320,192,102852,1,0,0:0:0:0:
64,192,102918,1,0,0:0:0:0:
192,192,102985,1,0,0:0:0:0:
320,192,103052,1,0,0:0:0:0:
448,192,103118,1,0,0:0:0:0:
320,192,103185,1,0,0:0:0:0:
192,192,103252,1,0,0:0:0:0:
64,192,103318,1,0,0:0:0:0:
320,192,103385,1,0,0:0:0:0:
448,192,103385,1,0,0:0:0:0:
192,192,103452,1,0,0:0:0:0:
448,192,103518,1,0,0:0:0:0:
64,192,103585,1,0,0:0:0:0:
192,192,103652,1,0,0:0:0:0:
320,192,103718,1,0,0:0:0:0:
64,192,103785,1,0,0:0:0:0:
448,192,103785,1,0,0:0:0:0:
192,192,103852,1,0,0:0:0:0:
320,192,103918,1,0,0:0:0:0:
448,192,103985,1,0,0:0:0:0:
192,192,104052,1,0,0:0:0:0:
320,192,104052,1,0,0:0:0:0:
64,192,104118,1,0,0:0:0:0:
448,192,104185,1,0,0:0:0:0:
192,192,104252,1,0,0:0:0:0:
320,192,104318,1,0,0:0:0:0:
448,192,104318,1,0,0:0:0:0:
64,192,104385,1,0,0:0:0:0:
192,192,104452,1,0,0:0:0:0:
320,192,104452,1,0,0:0:0:0:
448,192,104518,1,0,0:0:0:0:
320,192,104585,1,0,0:0:0:0:
192,192,104652,1,0,0:0:0:0:
64,192,104718,1,0,0:0:0:0:
320,192,104785,1,0,0:0:0:0:
192,192,104852,1,0,0:0:0:0:
448,192,104918,1,0,0:0:0:0:
320,192,104985,1,0,0:0:0:0:
192,192,105052,1,0,0:0:0:0:
64,192,105118,1,0,0:0:0:0:
448,192,105185,1,0,0:0:0:0:
192,192,105252,1,0,0:0:0:0:
448,192,105318,1,0,0:0:0:0:
64,192,105385,1,0,0:0:0:0:
320,192,105452,1,0,0:0:0:0:
64,192,105518,1,0,0:0:0:0:
192,192,105585,1,0,0:0:0:0:
320,192,105652,1,0,0:0:0:0:
448,192,105718,1,0,0:0:0:0:
320,192,105785,1,0,0:0:0:0:
192,192,105852,1,0,0:0:0:0:
64,192,105918,1,0,0:0:0:0:
192,192,105985,1,0,0:0:0:0:
320,192,106052,1,0,0:0:0:0:
448,192,106118,1,0,0:0:0:0:
64,192,106185,1,0,0:0:0:0:
192,192,106252,1,0,0:0:0:0:
320,192,106318,1,0,0:0:0:0:
448,192,106385,1,0,0:0:0:0:
64,192,106452,1,0,0:0:0:0:
192,192,106518,1,0,0:0:0:0:
320,192,106585,1,0,0:0:0:0:
448,192,106652,1,0,0:0:0:0:
320,192,106718,1,0,0:0:0:0:
192,192,106785,1,0,0:0:0:0:
64,192,106852,1,0,0:0:0:0:
320,192,106918,1,0,0:0:0:0:
192,192,106985,1,0,0:0:0:0:
448,192,107052,1,0,0:0:0:0:
64,192,107118,1,0,0:0:0:0:
192,192,107185,1,0,0:0:0:0:
320,192,107252,1,0,0:0:0:0:
448,192,107252,1,0,0:0:0:0:
64,192,107318,1,0,0:0:0:0:
192,192,107385,1,0,0:0:0:0:
320,192,107385,1,0,0:0:0:0:
448,192,107452,1,0,0:0:0:0:
64,192,107518,1,0,0:0:0:0:
192,192,107518,1,0,0:0:0:0:
320,192,107585,1,0,0:0:0:0:
64,192,107652,1,0,0:0:0:0:
448,192,107652,1,0,0:0:0:0:
192,192,107718,1,0,0:0:0:0:
320,192,107785,1,0,0:0:0:0:
192,192,107852,1,0,0:0:0:0:
64,192,107918,1,0,0:0:0:0:
448,192,107985,1,0,0:0:0:0:
192,192,108052,1,0,0:0:0:0:
320,192,108052,1,0,0:0:0:0:
448,192,108118,1,0,0:0:0:0:
64,192,108185,1,0,0:0:0:0:
192,192,108252,1,0,0:0:0:0:
320,192,108318,1,0,0:0:0:0:
448,192,108318,1,0,0:0:0:0:
192,192,108385,1,0,0:0:0:0:
64,192,108452,1,0,0:0:0:0:
320,192,108452,1,0,0:0:0:0:
448,192,108518,1,0,0:0:0:0:
64,192,108585,1,0,0:0:0:0:
192,192,108585,1,0,0:0:0:0:
320,192,108652,1,0,0:0:0:0:
64,192,108718,1,0,0:0:0:0:
448,192,108718,1,0,0:0:0:0:
192,192,108785,1,0,0:0:0:0:
320,192,108852,1,0,0:0:0:0:
448,192,108918,1,0,0:0:0:0:
192,192,108985,1,0,0:0:0:0:
320,192,109052,1,0,0:0:0:0:
64,192,109118,1,0,0:0:0:0:
448,192,109185,1,0,0:0:0:0:
320,192,109252,1,0,0:0:0:0:
192,192,109318,1,0,0:0:0:0:
64,192,109385,1,0,0:0:0:0:
320,192,109452,1,0,0:0:0:0:
192,192,109518,1,0,0:0:0:0:
448,192,109585,1,0,0:0:0:0:
320,192,109652,1,0,0:0:0:0:
192,192,109718,1,0,0:0:0:0:
320,192,109785,1,0,0:0:0:0:
448,192,109785,1,0,0:0:0:0:
64,192,109852,1,0,0:0:0:0:
192,192,109918,1,0,0:0:0:0:
320,192,109985,1,0,0:0:0:0:
192,192,110052,1,0,0:0:0:0:
320,192,110118,1,0,0:0:0:0:
64,192,110185,1,0,0:0:0:0:
448,192,110185,1,0,0:0:0:0:
192,192,110252,1,0,0:0:0:0:
320,192,110318,1,0,0:0:0:0:
448,192,110385,1,0,0:0:0:0:
64,192,110452,1,0,0:0:0:0:
320,192,110452,1,0,0:0:0:0:
192,192,110518,1,0,0:0:0:0:
320,192,110585,1,0,0:0:0:0:
448,192,110585,1,0,0:0:0:0:
64,192,110652,1,0,0:0:0:0:
192,192,110718,1,0,0:0:0:0:
320,192,110785,1,0,0:0:0:0:
64,192,110852,1,0,0:0:0:0:
192,192,110852,1,0,0:0:0:0:
448,192,110918,1,0,0:0:0:0:
320,192,110985,1,0,0:0:0:0:
192,192,111052,1,0,0:0:0:0:
64,192,111118,1,0,0:0:0:0:
448,192,111185,1,0,0:0:0:0:
192,192,111251,1,0,0:0:0:0:
320,192,111318,1,0,0:0:0:0:
64,192,111385,1,0,0:0:0:0:
192,192,111451,1,0,0:0:0:0:
320,192,111518,1,0,0:0:0:0:
448,192,111518,1,0,0:0:0:0:
192,192,111585,1,0,0:0:0:0:
64,192,111651,1,0,0:0:0:0:
320,192,111651,1,0,0:0:0:0:
448,192,111718,1,0,0:0:0:0:
64,192,111785,1,0,0:0:0:0:
192,192,111785,1,0,0:0:0:0:
320,192,111851,1,0,0:0:0:0:
64,192,111918,1,0,0:0:0:0:
448,192,111918,1,0,0:0:0:0:
192,192,111985,1,0,0:0:0:0:
320,192,112051,1,0,0:0:0:0:
448,192,112118,1,0,0:0:0:0:
64,192,112185,1,0,0:0:0:0:
320,192,112185,1,0,0:0:0:0:
192,192,112251,1,0,0:0:0:0:
320,192,112318,1,0,0:0:0:0:
448,192,112318,1,0,0:0:0:0:
64,192,112385,1,0,0:0:0:0:
192,192,112451,1,0,0:0:0:0:
64,192,112518,1,0,0:0:0:0:
320,192,112585,1,0,0:0:0:0:
448,192,112585,1,0,0:0:0:0:
192,192,112651,1,0,0:0:0:0:
64,192,112718,1,0,0:0:0:0:
448,192,112718,1,0,0:0:0:0:
320,192,112785,1,0,0:0:0:0:
64,192,112851,1,0,0:0:0:0:
192,192,112851,1,0,0:0:0:0:
448,192,112918,1,0,0:0:0:0:
192,192,112985,1,0,0:0:0:0:
320,192,112985,1,0,0:0:0:0:
64,192,113051,1,0,0:0:0:0:
320,192,113118,1,0,0:0:0:0:
192,192,113185,1,0,0:0:0:0:
448,192,113251,1,0,0:0:0:0:
64,192,113318,1,0,0:0:0:0:
192,192,113385,1,0,0:0:0:0:
320,192,113451,1,0,0:0:0:0:
448,192,113518,1,0,0:0:0:0:
64,192,113585,1,0,0:0:0:0:
192,192,113651,1,0,0:0:0:0:
320,192,113718,1,0,0:0:0:0:
448,192,113785,1,0,0:0:0:0:
192,192,113851,1,0,0:0:0:0:
320,192,113918,1,0,0:0:0:0:
64,192,113985,1,0,0:0:0:0:
320,192,114051,1,0,0:0:0:0:
448,192,114051,1,0,0:0:0:0:
192,192,114118,1,0,0:0:0:0:
64,192,114185,1,0,0:0:0:0:
448,192,114251,1,0,0:0:0:0:
192,192,114318,1,0,0:0:0:0:
320,192,114385,1,0,0:0:0:0:
64,192,114451,1,0,0:0:0:0:
448,192,114451,1,0,0:0:0:0:
192,192,114518,1,0,0:0:0:0:
320,192,114585,1,0,0:0:0:0:
192,192,114651,1,0,0:0:0:0:
320,192,114718,1,0,0:0:0:0:
448,192,114718,1,0,0:0:0:0:
64,192,114785,1,0,0:0:0:0:
192,192,114851,1,0,0:0:0:0:
320,192,114851,1,0,0:0:0:0:
448,192,114918,1,0,0:0:0:0:
320,192,114985,1,0,0:0:0:0:
192,192,115051,1,0,0:0:0:0:
64,192,115118,1,0,0:0:0:0:
448,192,115118,1,0,0:0:0:0:
320,192,115185,1,0,0:0:0:0:
192,192,115251,1,0,0:0:0:0:
64,192,115318,1,0,0:0:0:0:
320,192,115385,1,0,0:0:0:0:
192,192,115451,1,0,0:0:0:0:
320,192,115518,1,0,0:0:0:0:
192,192,115585,1,0,0:0:0:0:
448,192,115651,1,0,0:0:0:0:
64,192,115718,1,0,0:0:0:0:
192,192,115785,1,0,0:0:0:0:
320,192,115785,1,0,0:0:0:0:
448,192,115851,1,0,0:0:0:0:
64,192,115918,1,0,0:0:0:0:
320,192,115918,1,0,0:0:0:0:
192,192,115985,1,0,0:0:0:0:
320,192,116051,1,0,0:0:0:0:
448,192,116051,1,0,0:0:0:0:
64,192,116118,1,0,0:0:0:0:
192,192,116185,1,0,0:0:0:0:
320,192,116185,1,0,0:0:0:0:
448,192,116251,1,0,0:0:0:0:
320,192,116318,1,0,0:0:0:0:
192,192,116385,1,0,0:0:0:0:
64,192,116451,1,0,0:0:0:0:
448,192,116518,1,0,0:0:0:0:
192,192,116585,1,0,0:0:0:0:
320,192,116585,1,0,0:0:0:0:
64,192,116651,1,0,0:0:0:0:
448,192,116718,1,0,0:0:0:0:
192,192,116785,1,0,0:0:0:0:
320,192,116851,1,0,0:0:0:0:
64,192,116918,1,0,0:0:0:0:
320,192,116985,1,0,0:0:0:0:
192,192,117051,1,0,0:0:0:0:
64,192,117118,1,0,0:0:0:0:
448,192,117118,1,0,0:0:0:0:
192,192,117185,1,0,0:0:0:0:
320,192,117251,1,0,0:0:0:0:
448,192,117251,1,0,0:0:0:0:
64,192,117318,1,0,0:0:0:0:
192,192,117385,1,0,0:0:0:0:
320,192,117451,1,0,0:0:0:0:
448,192,117518,1,0,0:0:0:0:
320,192,117585,1,0,0:0:0:0:
64,192,117651,1,0,0:0:0:0:
192,192,117651,1,0,0:0:0:0:
448,192,117718,1,0,0:0:0:0:
320,192,117785,1,0,0:0:0:0:
192,192,117851,1,0,0:0:0:0:
64,192,117918,1,0,0:0:0:0:
448,192,117985,1,0,0:0:0:0:
320,192,118051,1,0,0:0:0:0:
192,192,118118,1,0,0:0:0:0:
320,192,118185,1,0,0:0:0:0:
192,192,118251,1,0,0:0:0:0:
64,192,118318,1,0,0:0:0:0:
448,192,118318,1,0,0:0:0:0:
320,192,118385,1,0,0:0:0:0:
192,192,118451,1,0,0:0:0:0:
64,192,118518,1,0,0:0:0:0:
448,192,118585,1,0,0:0:0:0:
192,192,118651,1,0,0:0:0:0:
320,192,118718,1,0,0:0:0:0:
448,192,118718,1,0,0:0:0:0:
64,192,118785,1,0,0:0:0:0:
192,192,118851,1,0,0:0:0:0:
320,192,118918,1,0,0:0:0:0:
64,192,118985,1,0,0:0:0:0:
448,192,118985,1,0,0:0:0:0:
192,192,119051,1,0,0:0:0:0:
320,192,119118,1,0,0:0:0:0:
192,192,119185,1,0,0:0:0:0:
320,192,119251,1,0,0:0:0:0:
448,192,119251,1,0,0:0:0:0:
64,192,119318,1,0,0:0:0:0:
192,192,119385,1,0,0:0:0:0:
320,192,119385,1,0,0:0:0:0:
448,192,119451,1,0,0:0:0:0:
320,192,119518,1,0,0:0:0:0:
192,192,119585,1,0,0:0:0:0:
64,192,119651,1,0,0:0:0:0:
448,192,119718,1,0,0:0:0:0:
192,192,119784,1,0,0:0:0:0:
320,192,119851,1,0,0:0:0:0:
64,192,119918,1,0,0:0:0:0:
192,192,119984,1,0,0:0:0:0:
448,192,120051,1,0,0:0:0:0:
320,192,120118,1,0,0:0:0:0:
192,192,120184,1,0,0:0:0:0:
64,192,120251,1,0,0:0:0:0:
448,192,120318,1,0,0:0:0:0:
192,192,120384,1,0,0:0:0:0:
320,192,120451,1,0,0:0:0:0:
448,192,120451,1,0,0:0:0:0:
64,192,120518,1,0,0:0:0:0:
192,192,120584,1,0,0:0:0:0:
320,192,120651,1,0,0:0:0:0:
448,192,120718,1,0,0:0:0:0:
64,192,120784,1,0,0:0:0:0:
192,192,120851,1,0,0:0:0:0:
320,192,120851,1,0,0:0:0:0:
448,192,120918,1,0,0:0:0:0:
192,192,120984,1,0,0:0:0:0:
320,192,121051,1,0,0:0:0:0:
64,192,121118,1,0,0:0:0:0:
448,192,121118,1,0,0:0:0:0:
320,192,121184,1,0,0:0:0:0:
192,192,121251,1,0,0:0:0:0:
64,192,121318,1,0,0:0:0:0:
320,192,121384,1,0,0:0:0:0:
448,192,121384,1,0,0:0:0:0:
192,192,121451,1,0,0:0:0:0:
64,192,121518,1,0,0:0:0:0:
448,192,121518,1,0,0:0:0:0:
192,192,121584,1,0,0:0:0:0:
320,192,121651,1,0,0:0:0:0:
448,192,121718,1,0,0:0:0:0:
320,192,121784,1,0,0:0:0:0:
192,192,121851,1,0,0:0:0:0:
64,192,121918,1,0,0:0:0:0:
448,192,121984,1,0,0:0:0:0:
192,192,122051,1,0,0:0:0:0:
320,192,122118,1,0,0:0:0:0:
64,192,122184,1,0,0:0:0:0:
192,192,122251,1,0,0:0:0:0:
320,192,122318,1,0,0:0:0:0:
448,192,122384,1,0,0:0:0:0:
320,192,122451,1,0,0:0:0:0:
192,192,122518,1,0,0:0:0:0:
64,192,122584,1,0,0:0:0:0:
448,192,122584,1,0,0:0:0:0:
192,192,122851,1,0,0:0:0:0:
64,192,122984,1,0,0:0:0:0:
192,192,123118,1,0,0:0:0:0:
320,192,123251,1,0,0:0:0:0:
448,192,123384,1,0,0:0:0:0:
320,192,123518,1,0,0:0:0:0:
192,192,123651,1,0,0:0:0:0:
64,192,123784,1,0,0:0:0:0:
320,192,123784,1,0,0:0:0:0:
448,192,123784,1,0,0:0:0:0:
192,192,123918,1,0,0:0:0:0:
320,192,124051,1,0,0:0:0:0:
448,192,124184,1,0,0:0:0:0:
64,192,124318,1,0,0:0:0:0:
320,192,124318,1,0,0:0:0:0:
448,192,124384,1,0,0:0:0:0:
192,192,124451,1,0,0:0:0:0:
320,192,124584,1,0,0:0:0:0:
448,192,124718,1,0,0:0:0:0:
64,192,124851,1,0,0:0:0:0:
192,192,124851,1,0,0:0:0:0:
320,192,124851,1,0,0:0:0:0:
192,192,124984,1,0,0:0:0:0:
320,192,125118,1,0,0:0:0:0:
448,192,125251,1,0,0:0:0:0:
320,192,125318,1,0,0:0:0:0:
64,192,125384,1,0,0:0:0:0:
192,192,125384,1,0,0:0:0:0:
448,192,125451,1,0,0:0:0:0:
320,192,125518,1,0,0:0:0:0:
64,192,125651,1,0,0:0:0:0:
192,192,125718,1,0,0:0:0:0:
320,192,125784,1,0,0:0:0:0:
192,192,125851,1,0,0:0:0:0:
64,192,125918,1,0,0:0:0:0:
320,192,125918,1,0,0:0:0:0:
448,192,125918,1,0,0:0:0:0:
192,192,126051,1,0,0:0:0:0:
320,192,126184,1,0,0:0:0:0:
448,192,126318,1,0,0:0:0:0:
192,192,126384,1,0,0:0:0:0:
64,192,126451,1,0,0:0:0:0:
320,192,126451,1,0,0:0:0:0:
192,192,126518,1,0,0:0:0:0:
320,192,126584,1,0,0:0:0:0:
64,192,126718,1,0,0:0:0:0:
192,192,126851,1,0,0:0:0:0:
64,192,126984,1,0,0:0:0:0:
320,192,126984,1,0,0:0:0:0:
448,192,126984,1,0,0:0:0:0:
192,192,127118,1,0,0:0:0:0:
320,192,127251,1,0,0:0:0:0:
448,192,127384,1,0,0:0:0:0:
320,192,127451,1,0,0:0:0:0:
64,192,127518,1,0,0:0:0:0:
192,192,127518,1,0,0:0:0:0:
448,192,127584,1,0,0:0:0:0:
320,192,127651,1,0,0:0:0:0:
64,192,127784,1,0,0:0:0:0:
192,192,127851,1,0,0:0:0:0:
320,192,127918,1,0,0:0:0:0:
192,192,127984,1,0,0:0:0:0:
64,192,128051,1,0,0:0:0:0:
320,192,128051,1,0,0:0:0:0:
448,192,128051,1,0,0:0:0:0:
192,192,128184,1,0,0:0:0:0:
320,192,128318,1,0,0:0:0:0:
448,192,128451,1,0,0:0:0:0:
320,192,128518,1,0,0:0:0:0:
64,192,128584,1,0,0:0:0:0:
192,192,128584,1,0,0:0:0:0:
320,192,128651,1,0,0:0:0:0:
448,192,128718,1,0,0:0:0:0:
192,192,128851,1,0,0:0:0:0:
320,192,128984,1,0,0:0:0:0:
64,192,129118,1,0,0:0:0:0:
192,192,129118,1,0,0:0:0:0:
448,192,129118,1,0,0:0:0:0:
64,192,129251,1,0,0:0:0:0:
320,192,129384,1,0,0:0:0:0:
192,192,129518,1,0,0:0:0:0:
64,192,129584,1,0,0:0:0:0:
320,192,129651,1,0,0:0:0:0:
448,192,129651,1,0,0:0:0:0:
192,192,129718,1,0,0:0:0:0:
64,192,129784,1,0,0:0:0:0:
320,192,129917,1,0,0:0:0:0:
192,192,129984,1,0,0:0:0:0:
448,192,130051,1,0,0:0:0:0:
320,192,130117,1,0,0:0:0:0:
64,192,130184,1,0,0:0:0:0:
192,192,130184,1,0,0:0:0:0:
448,192,130184,1,0,0:0:0:0:
320,192,130317,1,0,0:0:0:0:
192,192,130451,1,0,0:0:0:0:
448,192,130584,1,0,0:0:0:0:
320,192,130651,1,0,0:0:0:0:
64,192,130717,1,0,0:0:0:0:
192,192,130717,1,0,0:0:0:0:
320,192,130784,1,0,0:0:0:0:
448,192,130851,1,0,0:0:0:0:
192,192,130984,1,0,0:0:0:0:
320,192,131117,1,0,0:0:0:0:
64,192,131251,1,0,0:0:0:0:
192,192,131251,1,0,0:0:0:0:
448,192,131251,1,0,0:0:0:0:
320,192,131384,1,0,0:0:0:0:
64,192,131517,1,0,0:0:0:0:
320,192,131651,1,0,0:0:0:0:
192,192,131718,1,0,0:0:0:0:
64,192,131784,1,0,0:0:0:0:
448,192,131784,1,0,0:0:0:0:
192,192,131851,1,0,0:0:0:0:
320,192,131918,1,0,0:0:0:0:
448,192,132051,1,0,0:0:0:0:
320,192,132118,1,0,0:0:0:0:
192,192,132184,1,0,0:0:0:0:
320,192,132251,1,0,0:0:0:0:
64,192,132318,1,0,0:0:0:0:
192,192,132318,1,0,0:0:0:0:
448,192,132318,1,0,0:0:0:0:
320,192,132451,1,0,0:0:0:0:
192,192,132584,1,0,0:0:0:0:
448,192,132718,1,0,0:0:0:0:
192,192,132784,1,0,0:0:0:0:
64,192,132851,1,0,0:0:0:0:
320,192,132851,1,0,0:0:0:0:
192,192,132918,1,0,0:0:0:0:
448,192,132984,1,0,0:0:0:0:
64,192,133118,1,0,0:0:0:0:
192,192,133251,1,0,0:0:0:0:
64,192,133384,1,0,0:0:0:0:
320,192,133384,1,0,0:0:0:0:
448,192,133384,1,0,0:0:0:0:
320,192,133518,1,0,0:0:0:0:
192,192,133651,1,0,0:0:0:0:
448,192,133784,1,0,0:0:0:0:
64,192,133851,1,0,0:0:0:0:
192,192,133918,1,0,0:0:0:0:
320,192,133918,1,0,0:0:0:0:
448,192,133984,1,0,0:0:0:0:
64,192,134051,1,0,0:0:0:0:
448,192,134184,1,0,0:0:0:0:
320,192,134251,1,0,0:0:0:0:
192,192,134318,1,0,0:0:0:0:
320,192,134384,1,0,0:0:0:0:
64,192,134451,1,0,0:0:0:0:
192,192,134451,1,0,0:0:0:0:
448,192,134451,1,0,0:0:0:0:
320,192,134584,1,0,0:0:0:0:
64,192,134718,1,0,0:0:0:0:
448,192,134851,1,0,0:0:0:0:
320,192,134918,1,0,0:0:0:0:
64,192,134984,1,0,0:0:0:0:
192,192,134984,1,0,0:0:0:0:
320,192,135051,1,0,0:0:0:0:
448,192,135118,1,0,0:0:0:0:
64,192,135251,1,0,0:0:0:0:
192,192,135384,1,0,0:0:0:0:
64,192,135518,1,0,0:0:0:0:
320,192,135518,1,0,0:0:0:0:
448,192,135518,1,0,0:0:0:0:
192,192,135584,1,0,0:0:0:0:
320,192,135651,1,0,0:0:0:0:
192,192,135784,1,0,0:0:0:0:
64,192,135918,1,0,0:0:0:0:
192,192,135985,1,0,0:0:0:0:
320,192,136051,1,0,0:0:0:0:
448,192,136051,1,0,0:0:0:0:
64,192,136118,1,0,0:0:0:0:
192,192,136185,1,0,0:0:0:0:
448,192,136318,1,0,0:0:0:0:
320,192,136385,1,0,0:0:0:0:
192,192,136451,1,0,0:0:0:0:
64,192,136518,1,0,0:0:0:0:
192,192,136585,1,0,0:0:0:0:
320,192,136585,1,0,0:0:0:0:
448,192,136585,1,0,0:0:0:0:
64,192,136651,1,0,0:0:0:0:
320,192,136718,1,0,0:0:0:0:
192,192,136851,1,0,0:0:0:0:
320,192,136985,1,0,0:0:0:0:
192,192,137051,1,0,0:0:0:0:
64,192,137118,1,0,0:0:0:0:
448,192,137118,1,0,0:0:0:0:
320,192,137185,1,0,0:0:0:0:
192,192,137251,1,0,0:0:0:0:
64,192,137385,1,0,0:0:0:0:
448,192,137518,1,0,0:0:0:0:
64,192,137651,1,0,0:0:0:0:
192,192,137651,1,0,0:0:0:0:
320,192,137651,1,0,0:0:0:0:
448,192,137785,1,0,0:0:0:0:
192,192,137918,1,0,0:0:0:0:
320,192,138051,1,0,0:0:0:0:
448,192,138118,1,0,0:0:0:0:
64,192,138185,1,0,0:0:0:0:
192,192,138185,1,0,0:0:0:0:
320,192,138251,1,0,0:0:0:0:
448,192,138318,1,0,0:0:0:0:
192,192,138451,1,0,0:0:0:0:
320,192,138518,1,0,0:0:0:0:
64,192,138585,1,0,0:0:0:0:
192,192,138651,1,0,0:0:0:0:
64,192,138718,1,0,0:0:0:0:
320,192,138718,1,0,0:0:0:0:
448,192,138718,1,0,0:0:0:0:
192,192,138851,1,0,0:0:0:0:
320,192,138985,1,0,0:0:0:0:
64,192,139118,1,0,0:0:0:0:
448,192,139118,1,0,0:0:0:0:
192,192,139251,1,0,0:0:0:0:
320,192,139251,1,0,0:0:0:0:
448,192,139318,1,0,0:0:0:0:
64,192,139385,1,0,0:0:0:0:
192,192,139518,1,0,0:0:0:0:
320,192,139651,1,0,0:0:0:0:
64,192,139785,1,0,0:0:0:0:
192,192,139785,1,0,0:0:0:0:
448,192,139785,1,0,0:0:0:0:
320,192,139918,1,0,0:0:0:0:
448,192,139918,1,0,0:0:0:0:
64,192,140185,1,0,0:0:0:0:
448,192,140185,1,0,0:0:0:0:
192,192,140318,1,0,0:0:0:0:
320,192,140318,1,0,0:0:0:0:
64,192,140451,1,0,0:0:0:0:
192,192,140451,1,0,0:0:0:0:
320,192,140585,1,0,0:0:0:0:
192,192,140718,1,0,0:0:0:0:
448,192,140718,1,0,0:0:0:0:
64,192,140851,1,0,0:0:0:0:
320,192,140851,1,0,0:0:0:0:
448,192,140851,1,0,0:0:0:0:
192,192,140985,1,0,0:0:0:0:
64,192,141118,1,0,0:0:0:0:
320,192,141118,1,0,0:0:0:0:
448,192,141251,1,0,0:0:0:0:
320,192,141318,1,0,0:0:0:0:
64,192,141385,1,0,0:0:0:0:
192,192,141385,1,0,0:0:0:0:
448,192,141451,1,0,0:0:0:0:
64,192,141518,1,0,0:0:0:0:
192,192,141518,1,0,0:0:0:0:
320,192,141651,1,0,0:0:0:0:
448,192,141651,1,0,0:0:0:0:
192,192,141785,1,0,0:0:0:0:
64,192,141918,1,0,0:0:0:0:
448,192,141918,1,0,0:0:0:0:
64,192,142052,1,0,0:0:0:0:
192,192,142052,1,0,0:0:0:0:
192,192,142185,1,0,0:0:0:0:
320,192,142185,1,0,0:0:0:0:
448,192,142318,1,0,0:0:0:0:
192,192,142385,1,0,0:0:0:0:
320,192,142452,1,0,0:0:0:0:
448,192,142452,1,0,0:0:0:0:
64,192,142518,1,0,0:0:0:0:
192,192,142585,1,0,0:0:0:0:
320,192,142585,1,0,0:0:0:0:
64,192,142718,1,0,0:0:0:0:
448,192,142718,1,0,0:0:0:0:
192,192,142852,1,0,0:0:0:0:
320,192,142918,1,0,0:0:0:0:
64,192,142985,1,0,0:0:0:0:
448,192,142985,1,0,0:0:0:0:
192,192,143118,1,0,0:0:0:0:
320,192,143118,1,0,0:0:0:0:
64,192,143252,1,0,0:0:0:0:
448,192,143252,1,0,0:0:0:0:
320,192,143385,1,0,0:0:0:0:
192,192,143452,1,0,0:0:0:0:
64,192,143518,1,0,0:0:0:0:
320,192,143518,1,0,0:0:0:0:
192,192,143585,1,0,0:0:0:0:
64,192,143652,1,0,0:0:0:0:
448,192,143652,1,0,0:0:0:0:
192,192,143785,1,0,0:0:0:0:
320,192,143785,1,0,0:0:0:0:
448,192,143918,1,0,0:0:0:0:
64,192,144052,1,0,0:0:0:0:
192,192,144052,1,0,0:0:0:0:
448,192,144118,1,0,0:0:0:0:
192,192,144185,1,0,0:0:0:0:
320,192,144185,1,0,0:0:0:0:
64,192,144318,1,0,0:0:0:0:
448,192,144318,1,0,0:0:0:0:
192,192,144452,1,0,0:0:0:0:
320,192,144518,1,0,0:0:0:0:
64,192,144585,1,0,0:0:0:0:
448,192,144585,1,0,0:0:0:0:
192,192,144652,1,0,0:0:0:0:
320,192,144718,1,0,0:0:0:0:
448,192,144718,1,0,0:0:0:0:
64,192,144852,1,0,0:0:0:0:
192,192,144852,1,0,0:0:0:0:
448,192,144985,1,0,0:0:0:0:
64,192,145052,1,0,0:0:0:0:
192,192,145118,1,0,0:0:0:0:
320,192,145118,1,0,0:0:0:0:
64,192,145185,1,0,0:0:0:0:
320,192,145252,1,0,0:0:0:0:
448,192,145252,1,0,0:0:0:0:
64,192,145385,1,0,0:0:0:0:
192,192,145385,1,0,0:0:0:0:
448,192,145518,1,0,0:0:0:0:
320,192,145585,1,0,0:0:0:0:
64,192,145652,1,0,0:0:0:0:
192,192,145652,1,0,0:0:0:0:
448,192,145718,1,0,0:0:0:0:
64,192,145785,1,0,0:0:0:0:
320,192,145785,1,0,0:0:0:0:
192,192,145918,1,0,0:0:0:0:
448,192,145918,1,0,0:0:0:0:
320,192,146052,1,0,0:0:0:0:
64,192,146185,1,0,0:0:0:0:
448,192,146185,1,0,0:0:0:0:
192,192,146252,1,0,0:0:0:0:
320,192,146319,1,0,0:0:0:0:
448,192,146319,1,0,0:0:0:0:
64,192,146452,1,0,0:0:0:0:
192,192,146452,1,0,0:0:0:0:
448,192,146585,1,0,0:0:0:0:
192,192,146652,1,0,0:0:0:0:
320,192,146719,1,0,0:0:0:0:
448,192,146719,1,0,0:0:0:0:
64,192,146785,1,0,0:0:0:0:
192,192,146852,1,0,0:0:0:0:
320,192,146852,1,0,0:0:0:0:
64,192,146985,1,0,0:0:0:0:
448,192,146985,1,0,0:0:0:0:
192,192,147119,1,0,0:0:0:0:
320,192,147185,1,0,0:0:0:0:
64,192,147252,1,0,0:0:0:0:
192,192,147252,1,0,0:0:0:0:
448,192,147319,1,0,0:0:0:0:
192,192,147385,1,0,0:0:0:0:
320,192,147385,1,0,0:0:0:0:
64,192,147519,1,0,0:0:0:0:
448,192,147519,1,0,0:0:0:0:
192,192,147652,1,0,0:0:0:0:
320,192,147719,1,0,0:0:0:0:
64,192,147785,1,0,0:0:0:0:
192,192,147785,1,0,0:0:0:0:
448,192,147852,1,0,0:0:0:0:
192,192,147919,1,0,0:0:0:0:
320,192,147919,1,0,0:0:0:0:
64,192,148052,1,0,0:0:0:0:
448,192,148052,1,0,0:0:0:0:
192,192,148185,1,0,0:0:0:0:
320,192,148319,1,0,0:0:0:0:
448,192,148319,1,0,0:0:0:0:
64,192,148385,1,0,0:0:0:0:
192,192,148452,1,0,0:0:0:0:
320,192,148452,1,0,0:0:0:0:
448,192,148519,1,0,0:0:0:0:
64,192,148585,1,0,0:0:0:0:
192,192,148585,1,0,0:0:0:0:
320,192,148719,1,0,0:0:0:0:
192,192,148785,1,0,0:0:0:0:
320,192,148852,1,0,0:0:0:0:
448,192,148852,1,0,0:0:0:0:
64,192,148919,1,0,0:0:0:0:
192,192,148985,1,0,0:0:0:0:
320,192,148985,1,0,0:0:0:0:
64,192,149119,1,0,0:0:0:0:
448,192,149119,1,0,0:0:0:0:
192,192,149252,1,0,0:0:0:0:
320,192,149319,1,0,0:0:0:0:
64,192,149385,1,0,0:0:0:0:
192,192,149385,1,0,0:0:0:0:
320,192,149519,1,0,0:0:0:0:
448,192,149519,1,0,0:0:0:0:
192,192,149652,1,0,0:0:0:0:
320,192,149652,1,0,0:0:0:0:
64,192,149785,1,0,0:0:0:0:
448,192,149785,1,0,0:0:0:0:
192,192,149852,1,0,0:0:0:0:
320,192,149919,1,0,0:0:0:0:
448,192,149919,1,0,0:0:0:0:
192,192,149985,1,0,0:0:0:0:
64,192,150052,1,0,0:0:0:0:
448,192,150052,1,0,0:0:0:0:
192,192,150185,1,0,0:0:0:0:
320,192,150185,1,0,0:0:0:0:
320,192,150319,1,0,0:0:0:0:
448,192,150319,1,0,0:0:0:0:
64,192,150452,1,0,0:0:0:0:
192,192,150452,1,0,0:0:0:0:
320,192,150586,1,0,0:0:0:0:
448,192,150586,1,0,0:0:0:0:
64,192,150719,1,0,0:0:0:0:
320,192,150719,1,0,0:0:0:0:
64,192,150852,1,0,0:0:0:0:
192,192,150852,1,0,0:0:0:0:
448,192,150919,1,0,0:0:0:0:
192,192,150986,1,0,0:0:0:0:
320,192,150986,1,0,0:0:0:0:
64,192,151052,1,0,0:0:0:0:
320,192,151119,1,0,0:0:0:0:
448,192,151119,1,0,0:0:0:0:
64,192,151252,1,0,0:0:0:0:
192,192,151252,1,0,0:0:0:0:
320,192,151386,1,0,0:0:0:0:
448,192,151386,1,0,0:0:0:0:
192,192,151452,1,0,0:0:0:0:
320,192,151519,1,0,0:0:0:0:
448,192,151519,1,0,0:0:0:0:
64,192,151586,1,0,0:0:0:0:
192,192,151652,1,0,0:0:0:0:
320,192,151652,1,0,0:0:0:0:
64,192,151786,1,0,0:0:0:0:
448,192,151786,1,0,0:0:0:0:
192,192,151919,1,0,0:0:0:0:
320,192,151919,1,0,0:0:0:0:
448,192,151986,1,0,0:0:0:0:
64,192,152052,1,0,0:0:0:0:
192,192,152052,1,0,0:0:0:0:
320,192,152119,1,0,0:0:0:0:
64,192,152186,1,0,0:0:0:0:
448,192,152186,1,0,0:0:0:0:
192,192,152319,1,0,0:0:0:0:
320,192,152319,1,0,0:0:0:0:
320,192,152452,1,0,0:0:0:0:
448,192,152452,1,0,0:0:0:0:
64,192,152586,1,0,0:0:0:0:
192,192,152586,1,0,0:0:0:0:
448,192,152652,1,0,0:0:0:0:
192,192,152719,1,0,0:0:0:0:
320,192,152719,1,0,0:0:0:0:
320,192,152852,1,0,0:0:0:0:
448,192,152852,1,0,0:0:0:0:
64,192,152986,1,0,0:0:0:0:
192,192,152986,1,0,0:0:0:0:
448,192,153052,1,0,0:0:0:0:
64,192,153119,1,0,0:0:0:0:
320,192,153119,1,0,0:0:0:0:
192,192,153186,1,0,0:0:0:0:
320,192,153252,1,0,0:0:0:0:
448,192,153252,1,0,0:0:0:0:
64,192,153386,1,0,0:0:0:0:
192,192,153386,1,0,0:0:0:0:
320,192,153519,1,0,0:0:0:0:
448,192,153519,1,0,0:0:0:0:
64,192,153652,1,0,0:0:0:0:
192,192,153652,1,0,0:0:0:0:
320,192,153786,1,0,0:0:0:0:
192,192,153919,1,0,0:0:0:0:
448,192,154052,1,0,0:0:0:0:
192,192,154119,1,0,0:0:0:0:
64,192,154186,1,0,0:0:0:0:
320,192,154186,1,0,0:0:0:0:
192,192,154319,1,0,0:0:0:0:
448,192,154452,1,0,0:0:0:0:
64,192,154586,1,0,0:0:0:0:
320,192,154719,1,0,0:0:0:0:
448,192,154719,1,0,0:0:0:0:
192,192,154853,1,0,0:0:0:0:
64,192,154986,1,0,0:0:0:0:
320,192,155119,1,0,0:0:0:0:
192,192,155186,1,0,0:0:0:0:
64,192,155253,1,0,0:0:0:0:
448,192,155253,1,0,0:0:0:0:
192,192,155386,1,0,0:0:0:0:
320,192,155519,1,0,0:0:0:0:
448,192,155653,1,0,0:0:0:0:
64,192,155786,1,0,0:0:0:0:
320,192,155786,1,0,0:0:0:0:
448,192,155853,1,0,0:0:0:0:
192,192,155919,1,0,0:0:0:0:
320,192,155986,1,0,0:0:0:0:
64,192,156053,1,0,0:0:0:0:
192,192,156119,1,0,0:0:0:0:
320,192,156186,1,0,0:0:0:0:
448,192,156186,1,0,0:0:0:0:
192,192,156253,1,0,0:0:0:0:
320,192,156319,1,0,0:0:0:0:
448,192,156386,1,0,0:0:0:0:
64,192,156453,1,0,0:0:0:0:
192,192,156519,1,0,0:0:0:0:
320,192,156586,1,0,0:0:0:0:
448,192,156586,1,0,0:0:0:0:
64,192,156653,1,0,0:0:0:0:
192,192,156719,1,0,0:0:0:0:
320,192,156786,1,0,0:0:0:0:
64,192,156853,1,0,0:0:0:0:
448,192,156853,1,0,0:0:0:0:
192,192,156919,1,0,0:0:0:0:
320,0,156986,128,0,157053:1:0:0:0:
64,192,157053,1,0,0:0:0:0:
448,0,157119,128,0,157186:1:0:0:0:
192,192,157186,1,0,0:0:0:0:
320,192,157253,1,0,0:0:0:0:
192,192,157319,1,0,0:0:0:0:
64,0,157386,128,0,157453:1:0:0:0:
320,192,157453,1,0,0:0:0:0:
192,0,157519,128,0,157586:1:0:0:0:
448,192,157586,1,0,0:0:0:0:
320,0,157653,128,0,157719:1:0:0:0:
64,192,157719,1,0,0:0:0:0:
448,0,157786,128,0,157853:1:0:0:0:
192,192,157853,1,0,0:0:0:0:
320,192,157919,1,0,0:0:0:0:
192,0,158053,128,0,158186:1:0:0:0:
64,192,158186,1,0,0:0:0:0:
448,0,158319,128,0,158453:1:0:0:0:
320,192,158453,1,0,0:0:0:0:
64,0,158586,128,0,158719:1:0:0:0:
192,192,158719,1,0,0:0:0:0:
64,192,158853,1,0,0:0:0:0:
320,0,158853,128,0,158986:1:0:0:0:
448,0,158986,128,0,159119:1:0:0:0:
192,192,159053,1,0,0:0:0:0:
64,0,159119,128,0,159253:1:0:0:0:
192,0,159253,128,0,159386:1:0:0:0:
448,0,159386,128,0,159519:1:0:0:0:
320,192,159519,1,0,0:0:0:0:
192,0,159653,128,0,159786:1:0:0:0:
448,0,159786,128,0,159919:1:0:0:0:
64,0,159919,128,0,160053:1:0:0:0:
192,192,160053,1,0,0:0:0:0:
448,192,160053,1,0,0:0:0:0:
320,0,160186,128,0,160319:1:0:0:0:
192,192,160319,1,0,0:0:0:0:
448,0,160453,128,0,160586:1:0:0:0:
192,192,160586,1,0,0:0:0:0:
64,0,160719,128,0,160853:1:0:0:0:
448,192,160853,1,0,0:0:0:0:
64,192,160986,1,0,0:0:0:0:
320,0,160986,128,0,161119:1:0:0:0:
192,0,161119,128,0,161253:1:0:0:0:
320,0,161253,128,0,161386:1:0:0:0:
448,0,161386,128,0,161519:1:0:0:0:
320,0,161519,128,0,161653:1:0:0:0:
192,0,161653,128,0,161786:1:0:0:0:
64,0,161786,128,0,161919:1:0:0:0:
320,0,161919,128,0,162053:1:0:0:0:
192,0,162053,128,0,162186:1:0:0:0:
64,192,162186,1,0,0:0:0:0:
448,0,162186,128,0,162319:1:0:0:0:
320,0,162319,128,0,162453:1:0:0:0:
64,0,162453,128,0,162586:1:0:0:0:
192,0,162586,128,0,162719:1:0:0:0:
448,192,162719,1,0,0:0:0:0:
320,0,162853,128,0,162986:1:0:0:0:
64,192,162986,1,0,0:0:0:0:
320,192,163119,1,0,0:0:0:0:
448,0,163119,128,0,163253:1:0:0:0:
320,0,163386,128,0,163519:1:0:0:0:
192,0,163519,128,0,163653:1:0:0:0:
64,0,163653,128,0,163786:1:0:0:0:
320,192,163786,1,0,0:0:0:0:
448,0,163919,128,0,164053:1:0:0:0:
320,0,164053,128,0,164186:1:0:0:0:
192,0,164186,128,0,164319:1:0:0:0:
64,192,164319,1,0,0:0:0:0:
448,192,164319,1,0,0:0:0:0:
320,0,164453,128,0,164586:1:0:0:0:
192,192,164586,1,0,0:0:0:0:
320,0,164719,128,0,164853:1:0:0:0:
192,192,164853,1,0,0:0:0:0:
64,0,164986,128,0,165119:1:0:0:0:
320,192,165119,1,0,0:0:0:0:
64,192,165253,1,0,0:0:0:0:
192,0,165253,128,0,165319:1:0:0:0:
320,192,165319,1,0,0:0:0:0:
192,192,165386,1,0,0:0:0:0:
64,192,165453,1,0,0:0:0:0:
448,0,165519,128,0,165586:1:0:0:0:
320,0,165586,128,0,165653:1:0:0:0:
192,0,165653,128,0,165719:1:0:0:0:
64,192,165719,1,0,0:0:0:0:
320,0,165786,128,0,165853:1:0:0:0:
192,192,165853,1,0,0:0:0:0:
448,0,165919,128,0,165986:1:0:0:0:
64,192,165986,1,0,0:0:0:0:
192,0,166053,128,0,166119:1:0:0:0:
320,192,166119,1,0,0:0:0:0:
64,0,166186,128,0,166253:1:0:0:0:
192,192,166253,1,0,0:0:0:0:
320,192,166319,1,0,0:0:0:0:
448,192,166386,1,0,0:0:0:0:
64,192,166453,1,0,0:0:0:0:
192,192,166453,1,0,0:0:0:0:
192,192,166586,1,0,0:0:0:0:
320,0,166719,128,0,166853:1:0:0:0:
448,0,166853,128,0,166986:1:0:0:0:
320,192,166986,1,0,0:0:0:0:
192,0,167119,128,0,167253:1:0:0:0:
448,192,167253,1,0,0:0:0:0:
192,192,167386,1,0,0:0:0:0:
320,0,167386,128,0,167519:1:0:0:0:
64,192,167519,1,0,0:0:0:0:
448,0,167653,128,0,167786:1:0:0:0:
192,0,167786,128,0,167919:1:0:0:0:
64,0,167919,128,0,168053:1:0:0:0:
448,192,168053,1,0,0:0:0:0:
320,0,168186,128,0,168319:1:0:0:0:
192,192,168319,1,0,0:0:0:0:
448,0,168453,128,0,168586:1:0:0:0:
64,192,168586,1,0,0:0:0:0:
192,192,168586,1,0,0:0:0:0:
320,0,168719,128,0,168853:1:0:0:0:
192,0,168853,128,0,168986:1:0:0:0:
64,0,168986,128,0,169119:1:0:0:0:
448,192,169119,1,0,0:0:0:0:
320,0,169253,128,0,169386:1:0:0:0:
64,192,169386,1,0,0:0:0:0:
448,192,169386,1,0,0:0:0:0:
320,192,169519,1,0,0:0:0:0:
192,0,169519,128,0,169653:1:0:0:0:
64,0,169786,128,0,169919:1:0:0:0:
448,0,169919,128,0,170053:1:0:0:0:
192,0,170053,128,0,170186:1:0:0:0:
64,192,170186,1,0,0:0:0:0:
320,0,170319,128,0,170453:1:0:0:0:
192,192,170453,1,0,0:0:0:0:
448,0,170586,128,0,170719:1:0:0:0:
64,192,170719,1,0,0:0:0:0:
192,192,170719,1,0,0:0:0:0:
320,192,170853,1,0,0:0:0:0:
64,0,170986,128,0,171119:1:0:0:0:
192,0,171119,128,0,171253:1:0:0:0:
320,192,171253,1,0,0:0:0:0:
320,0,171386,128,0,171519:1:0:0:0:
64,192,171519,1,0,0:0:0:0:
320,192,171653,1,0,0:0:0:0:
448,0,171653,128,0,171786:1:0:0:0:
192,0,171919,128,0,172053:1:0:0:0:
320,0,172053,128,0,172186:1:0:0:0:
192,0,172186,128,0,172319:1:0:0:0:
448,192,172319,1,0,0:0:0:0:
64,0,172453,128,0,172586:1:0:0:0:
192,0,172586,128,0,172719:1:0:0:0:
320,0,172719,128,0,172853:1:0:0:0:
64,192,172853,1,0,0:0:0:0:
448,0,172853,128,0,172919:1:0:0:0:
320,192,172919,1,0,0:0:0:0:
192,192,172986,1,0,0:0:0:0:
64,192,173053,1,0,0:0:0:0:
320,0,173119,128,0,173186:1:0:0:0:
448,192,173186,1,0,0:0:0:0:
192,0,173253,128,0,173319:1:0:0:0:
64,192,173319,1,0,0:0:0:0:
320,192,173386,1,0,0:0:0:0:
192,192,173453,1,0,0:0:0:0:
64,0,173519,128,0,173586:1:0:0:0:
448,192,173586,1,0,0:0:0:0:
320,192,173653,1,0,0:0:0:0:
192,192,173719,1,0,0:0:0:0:
448,0,173786,128,0,173919:1:0:0:0:
64,192,173853,1,0,0:0:0:0:
192,192,173919,1,0,0:0:0:0:
448,192,173986,1,0,0:0:0:0:
320,0,174053,128,0,174119:1:0:0:0:
192,192,174119,1,0,0:0:0:0:
320,0,174186,128,0,174253:1:0:0:0:
192,192,174253,1,0,0:0:0:0:
64,192,174319,1,0,0:0:0:0:
448,192,174386,1,0,0:0:0:0:
320,0,174453,128,0,174519:1:0:0:0:
192,192,174519,1,0,0:0:0:0:
64,192,174586,1,0,0:0:0:0:
320,192,174653,1,0,0:0:0:0:
192,192,174719,1,0,0:0:0:0:
448,192,174786,1,0,0:0:0:0:
320,192,174853,1,0,0:0:0:0:
192,192,174919,1,0,0:0:0:0:
448,192,174986,1,0,0:0:0:0:
64,0,174986,128,0,175053:1:0:0:0:
320,0,175119,128,0,175186:1:0:0:0:
192,0,175253,128,0,175319:1:0:0:0:
448,0,175386,128,0,175453:1:0:0:0:
64,0,175519,128,0,175586:1:0:0:0:
192,0,175653,128,0,175719:1:0:0:0:
320,0,175786,128,0,175853:1:0:0:0:
64,192,175919,1,0,0:0:0:0:
448,0,175919,128,0,176053:1:0:0:0:
448,0,176186,128,0,176253:1:0:0:0:
320,0,176319,128,0,176386:1:0:0:0:
192,0,176453,128,0,176520:1:0:0:0:
320,0,176586,128,0,176653:1:0:0:0:
448,0,176720,128,0,176786:1:0:0:0:
320,0,176786,128,0,176853:1:0:0:0:
192,0,176853,128,0,176920:1:0:0:0:
320,0,176986,128,0,177053:1:0:0:0:
192,192,177120,1,0,0:0:0:0:
448,0,177120,128,0,177186:1:0:0:0:
64,0,177253,128,0,177320:1:0:0:0:
192,0,177386,128,0,177453:1:0:0:0:
320,0,177520,128,0,177586:1:0:0:0:
448,0,177653,128,0,177720:1:0:0:0:
320,0,177786,128,0,177853:1:0:0:0:
192,0,177920,128,0,177986:1:0:0:0:
320,192,178053,1,0,0:0:0:0:
64,0,178053,128,0,178120:1:0:0:0:
448,0,178186,128,0,178253:1:0:0:0:
320,0,178320,128,0,178386:1:0:0:0:
192,0,178453,128,0,178520:1:0:0:0:
64,0,178586,128,0,178653:1:0:0:0:
192,0,178720,128,0,178786:1:0:0:0:
320,0,178786,128,0,178920:1:0:0:0:
64,0,179120,128,0,179186:1:0:0:0:
320,0,179186,128,0,179253:1:0:0:0:
448,192,179253,1,0,0:0:0:0:
192,0,179253,128,0,179386:1:0:0:0:
192,0,179520,128,0,179653:1:0:0:0:
192,0,179786,128,0,179853:1:0:0:0:
320,0,179920,128,0,180053:1:0:0:0:
64,192,180186,1,0,0:0:0:0:
448,0,180186,128,0,180320:1:0:0:0:
320,0,180453,128,0,180586:1:0:0:0:
192,0,180720,128,0,180853:1:0:0:0:
320,0,180986,128,0,181120:1:0:0:0:
64,0,181253,128,0,181386:1:0:0:0:
192,192,181386,1,0,0:0:0:0:
320,192,181386,1,0,0:0:0:0:
448,0,181520,128,0,181653:1:0:0:0:
448,0,181786,128,0,181920:1:0:0:0:
320,0,182053,128,0,182120:1:0:0:0:
192,0,182186,128,0,182253:1:0:0:0:
448,192,182320,1,0,0:0:0:0:
64,0,182320,128,0,182387:1:0:0:0:
320,0,182453,128,0,182520:1:0:0:0:
448,0,182587,128,0,182653:1:0:0:0:
320,0,182720,128,0,182787:1:0:0:0:
192,0,182853,128,0,182920:1:0:0:0:
320,0,182987,128,0,183120:1:0:0:0:
64,0,183253,128,0,183320:1:0:0:0:
192,0,183387,128,0,183453:1:0:0:0:
448,192,183520,1,0,0:0:0:0:
320,0,183520,128,0,183653:1:0:0:0:
192,192,183587,1,0,0:0:0:0:
64,192,183653,1,0,0:0:0:0:
448,192,183720,1,0,0:0:0:0:
320,192,183787,1,0,0:0:0:0:
192,192,183853,1,0,0:0:0:0:
320,0,183920,128,0,184053:1:0:0:0:
192,192,183987,1,0,0:0:0:0:
64,192,184053,1,0,0:0:0:0:
320,192,184120,1,0,0:0:0:0:
448,0,184187,128,0,184253:1:0:0:0:
192,192,184253,1,0,0:0:0:0:
320,0,184320,128,0,184387:1:0:0:0:
64,192,184387,1,0,0:0:0:0:
320,0,184453,128,0,184520:1:0:0:0:
192,192,184520,1,0,0:0:0:0:
448,192,184587,1,0,0:0:0:0:
320,192,184653,1,0,0:0:0:0:
192,0,184720,128,0,184787:1:0:0:0:
64,192,184787,1,0,0:0:0:0:
320,0,184853,128,0,184920:1:0:0:0:
192,192,184920,1,0,0:0:0:0:
448,0,184987,128,0,185120:1:0:0:0:
320,192,185053,1,0,0:0:0:0:
192,192,185120,1,0,0:0:0:0:
64,192,185187,1,0,0:0:0:0:
320,192,185253,1,0,0:0:0:0:
192,192,185320,1,0,0:0:0:0:
64,0,185387,128,0,185520:1:0:0:0:
320,192,185453,1,0,0:0:0:0:
448,192,185520,1,0,0:0:0:0:
64,192,185587,1,0,0:0:0:0:
192,192,185653,1,0,0:0:0:0:
320,0,185653,128,0,185787:1:0:0:0:
320,0,186053,128,0,186187:1:0:0:0:
192,0,186320,128,0,186387:1:0:0:0:
320,0,186453,128,0,186520:1:0:0:0:
64,192,186587,1,0,0:0:0:0:
448,0,186587,128,0,187254:1:0:0:0:
192,192,186854,1,0,0:0:0:0:
64,192,186987,1,0,0:0:0:0:
320,192,186987,1,0,0:0:0:0:
320,192,187254,1,0,0:0:0:0:
320,192,187387,1,0,0:0:0:0:
64,0,187520,128,0,187587:1:0:0:0:
192,0,187654,128,0,187720:1:0:0:0:
448,192,187787,1,0,0:0:0:0:
320,0,187787,128,0,187920:1:0:0:0:
448,0,188054,128,0,188120:1:0:0:0:
320,0,188187,128,0,188320:1:0:0:0:
192,0,188454,128,0,188587:1:0:0:0:
320,192,188720,1,0,0:0:0:0:
64,0,188720,128,0,188854:1:0:0:0:
448,0,188987,128,0,189120:1:0:0:0:
320,192,189120,1,0,0:0:0:0:
192,192,189187,1,0,0:0:0:0:
320,0,189254,128,0,189387:1:0:0:0:
192,192,189320,1,0,0:0:0:0:
64,192,189387,1,0,0:0:0:0:
192,0,189520,128,0,189587:1:0:0:0:
64,0,189654,128,0,189787:1:0:0:0:
320,192,189920,1,0,0:0:0:0:
448,0,189920,128,0,190187:1:0:0:0:
192,192,189987,1,0,0:0:0:0:
64,192,190054,1,0,0:0:0:0:
192,192,190120,1,0,0:0:0:0:
320,192,190187,1,0,0:0:0:0:
448,192,190254,1,0,0:0:0:0:
64,192,190320,1,0,0:0:0:0:
192,192,190387,1,0,0:0:0:0:
320,192,190454,1,0,0:0:0:0:
448,192,190454,1,0,0:0:0:0:
64,192,190520,1,0,0:0:0:0:
192,192,190587,1,0,0:0:0:0:
320,192,190587,1,0,0:0:0:0:
448,192,190654,1,0,0:0:0:0:
64,192,190720,1,0,0:0:0:0:
192,192,190720,1,0,0:0:0:0:
320,192,190787,1,0,0:0:0:0:
64,192,190854,1,0,0:0:0:0:
448,192,190854,1,0,0:0:0:0:
192,192,190921,1,0,0:0:0:0:
320,192,190987,1,0,0:0:0:0:
192,192,191054,1,0,0:0:0:0:
64,192,191121,1,0,0:0:0:0:
448,192,191187,1,0,0:0:0:0:
192,192,191254,1,0,0:0:0:0:
320,192,191254,1,0,0:0:0:0:
64,192,191321,1,0,0:0:0:0:
448,192,191387,1,0,0:0:0:0:
192,192,191454,1,0,0:0:0:0:
320,192,191521,1,0,0:0:0:0:
448,192,191521,1,0,0:0:0:0:
64,192,191587,1,0,0:0:0:0:
192,192,191654,1,0,0:0:0:0:
320,192,191721,1,0,0:0:0:0:
64,192,191787,1,0,0:0:0:0:
448,192,191787,1,0,0:0:0:0:
192,192,191854,1,0,0:0:0:0:
320,192,191921,1,0,0:0:0:0:
448,192,191921,1,0,0:0:0:0:
192,192,191987,1,0,0:0:0:0:
64,192,192054,1,0,0:0:0:0:
448,192,192121,1,0,0:0:0:0:
192,192,192187,1,0,0:0:0:0:
320,192,192254,1,0,0:0:0:0:
64,192,192321,1,0,0:0:0:0:
192,192,192387,1,0,0:0:0:0:
320,192,192454,1,0,0:0:0:0:
448,192,192521,1,0,0:0:0:0:
320,192,192587,1,0,0:0:0:0:
192,192,192654,1,0,0:0:0:0:
64,192,192721,1,0,0:0:0:0:
448,192,192787,1,0,0:0:0:0:
192,192,192854,1,0,0:0:0:0:
448,192,192921,1,0,0:0:0:0:
192,192,192987,1,0,0:0:0:0:
320,192,192987,1,0,0:0:0:0:
64,192,193054,1,0,0:0:0:0:
192,192,193121,1,0,0:0:0:0:
320,192,193187,1,0,0:0:0:0:
448,192,193254,1,0,0:0:0:0:
64,192,193321,1,0,0:0:0:0:
192,192,193387,1,0,0:0:0:0:
320,192,193387,1,0,0:0:0:0:
448,192,193454,1,0,0:0:0:0:
192,192,193521,1,0,0:0:0:0:
320,192,193587,1,0,0:0:0:0:
64,192,193654,1,0,0:0:0:0:
448,192,193654,1,0,0:0:0:0:
320,192,193721,1,0,0:0:0:0:
64,192,193787,1,0,0:0:0:0:
192,192,193787,1,0,0:0:0:0:
448,192,193854,1,0,0:0:0:0:
192,192,193921,1,0,0:0:0:0:
320,192,193987,1,0,0:0:0:0:
64,192,194054,1,0,0:0:0:0:
448,192,194054,1,0,0:0:0:0:
192,192,194121,1,0,0:0:0:0:
320,192,194187,1,0,0:0:0:0:
192,192,194254,1,0,0:0:0:0:
64,192,194321,1,0,0:0:0:0:
448,192,194387,1,0,0:0:0:0:
320,192,194454,1,0,0:0:0:0:
192,192,194521,1,0,0:0:0:0:
64,192,194587,1,0,0:0:0:0:
320,192,194654,1,0,0:0:0:0:
64,192,194721,1,0,0:0:0:0:
192,192,194721,1,0,0:0:0:0:
448,192,194787,1,0,0:0:0:0:
192,192,194854,1,0,0:0:0:0:
320,192,194854,1,0,0:0:0:0:
64,192,194921,1,0,0:0:0:0:
320,192,194987,1,0,0:0:0:0:
448,192,194987,1,0,0:0:0:0:
192,192,195054,1,0,0:0:0:0:
64,192,195121,1,0,0:0:0:0:
448,192,195121,1,0,0:0:0:0:
192,192,195188,1,0,0:0:0:0:
320,192,195254,1,0,0:0:0:0:
448,192,195321,1,0,0:0:0:0:
64,192,195388,1,0,0:0:0:0:
192,192,195454,1,0,0:0:0:0:
320,192,195521,1,0,0:0:0:0:
448,192,195521,1,0,0:0:0:0:
192,192,195588,1,0,0:0:0:0:
64,192,195654,1,0,0:0:0:0:
448,192,195721,1,0,0:0:0:0:
192,192,195788,1,0,0:0:0:0:
320,192,195788,1,0,0:0:0:0:
448,192,195854,1,0,0:0:0:0:
64,192,195921,1,0,0:0:0:0:
192,192,195988,1,0,0:0:0:0:
320,192,196054,1,0,0:0:0:0:
448,192,196054,1,0,0:0:0:0:
64,192,196121,1,0,0:0:0:0:
192,192,196188,1,0,0:0:0:0:
320,192,196188,1,0,0:0:0:0:
448,192,196254,1,0,0:0:0:0:
320,192,196321,1,0,0:0:0:0:
192,192,196388,1,0,0:0:0:0:
64,192,196454,1,0,0:0:0:0:
448,192,196521,1,0,0:0:0:0:
192,192,196588,1,0,0:0:0:0:
320,192,196654,1,0,0:0:0:0:
64,192,196721,1,0,0:0:0:0:
192,192,196788,1,0,0:0:0:0:
320,192,196854,1,0,0:0:0:0:
448,192,196921,1,0,0:0:0:0:
64,192,196988,1,0,0:0:0:0:
192,192,197054,1,0,0:0:0:0:
320,192,197121,1,0,0:0:0:0:
192,192,197188,1,0,0:0:0:0:
320,192,197254,1,0,0:0:0:0:
448,192,197254,1,0,0:0:0:0:
64,192,197321,1,0,0:0:0:0:
448,192,197388,1,0,0:0:0:0:
320,192,197454,1,0,0:0:0:0:
192,192,197521,1,0,0:0:0:0:
64,192,197588,1,0,0:0:0:0:
320,192,197654,1,0,0:0:0:0:
448,192,197654,1,0,0:0:0:0:
192,192,197721,1,0,0:0:0:0:
448,192,197788,1,0,0:0:0:0:
64,192,197854,1,0,0:0:0:0:
192,192,197921,1,0,0:0:0:0:
320,192,197921,1,0,0:0:0:0:
448,192,197988,1,0,0:0:0:0:
64,192,198054,1,0,0:0:0:0:
192,192,198054,1,0,0:0:0:0:
320,192,198121,1,0,0:0:0:0:
64,192,198188,1,0,0:0:0:0:
448,192,198254,1,0,0:0:0:0:
192,192,198321,1,0,0:0:0:0:
320,192,198321,1,0,0:0:0:0:
64,192,198388,1,0,0:0:0:0:
448,192,198454,1,0,0:0:0:0:
320,192,198521,1,0,0:0:0:0:
192,192,198588,1,0,0:0:0:0:
64,192,198654,1,0,0:0:0:0:
192,192,198721,1,0,0:0:0:0:
320,192,198788,1,0,0:0:0:0:
448,192,198854,1,0,0:0:0:0:
192,192,198921,1,0,0:0:0:0:
320,192,198988,1,0,0:0:0:0:
448,192,198988,1,0,0:0:0:0:
64,192,199054,1,0,0:0:0:0:
192,192,199121,1,0,0:0:0:0:
320,192,199121,1,0,0:0:0:0:
448,192,199188,1,0,0:0:0:0:
64,192,199254,1,0,0:0:0:0:
192,192,199254,1,0,0:0:0:0:
320,192,199321,1,0,0:0:0:0:
192,192,199388,1,0,0:0:0:0:
448,192,199388,1,0,0:0:0:0:
64,192,199455,1,0,0:0:0:0:
320,192,199521,1,0,0:0:0:0:
192,192,199588,1,0,0:0:0:0:
448,192,199655,1,0,0:0:0:0:
320,192,199721,1,0,0:0:0:0:
64,192,199788,1,0,0:0:0:0:
192,192,199788,1,0,0:0:0:0:
448,192,199855,1,0,0:0:0:0:
192,192,199921,1,0,0:0:0:0:
320,192,199988,1,0,0:0:0:0:
64,192,200055,1,0,0:0:0:0:
448,192,200055,1,0,0:0:0:0:
192,192,200121,1,0,0:0:0:0:
320,192,200188,1,0,0:0:0:0:
448,192,200255,1,0,0:0:0:0:
192,192,200321,1,0,0:0:0:0:
320,192,200321,1,0,0:0:0:0:
64,192,200388,1,0,0:0:0:0:
320,192,200455,1,0,0:0:0:0:
448,192,200455,1,0,0:0:0:0:
192,192,200521,1,0,0:0:0:0:
320,192,200588,1,0,0:0:0:0:
64,192,200655,1,0,0:0:0:0:
192,192,200721,1,0,0:0:0:0:
320,192,200788,1,0,0:0:0:0:
64,192,200855,1,0,0:0:0:0:
448,192,200855,1,0,0:0:0:0:
320,192,200921,1,0,0:0:0:0:
192,192,200988,1,0,0:0:0:0:
64,192,201055,1,0,0:0:0:0:
448,192,201121,1,0,0:0:0:0:
192,192,201188,1,0,0:0:0:0:
320,192,201255,1,0,0:0:0:0:
64,192,201321,1,0,0:0:0:0:
192,192,201388,1,0,0:0:0:0:
320,192,201455,1,0,0:0:0:0:
64,192,201521,1,0,0:0:0:0:
448,192,201521,1,0,0:0:0:0:
192,192,201588,1,0,0:0:0:0:
320,192,201655,1,0,0:0:0:0:
192,192,201721,1,0,0:0:0:0:
64,192,201788,1,0,0:0:0:0:
448,192,201855,1,0,0:0:0:0:
192,192,201921,1,0,0:0:0:0:
320,192,201921,1,0,0:0:0:0:
64,192,201988,1,0,0:0:0:0:
192,192,202055,1,0,0:0:0:0:
320,192,202121,1,0,0:0:0:0:
64,192,202188,1,0,0:0:0:0:
448,192,202188,1,0,0:0:0:0:
192,192,202255,1,0,0:0:0:0:
320,192,202321,1,0,0:0:0:0:
448,192,202388,1,0,0:0:0:0:
192,192,202455,1,0,0:0:0:0:
320,192,202455,1,0,0:0:0:0:
64,192,202521,1,0,0:0:0:0:
320,192,202588,1,0,0:0:0:0:
448,192,202588,1,0,0:0:0:0:
192,192,202655,1,0,0:0:0:0:
320,192,202721,1,0,0:0:0:0:
64,192,202788,1,0,0:0:0:0:
192,192,202855,1,0,0:0:0:0:
320,192,202921,1,0,0:0:0:0:
448,192,202988,1,0,0:0:0:0:
320,192,203055,1,0,0:0:0:0:
192,192,203121,1,0,0:0:0:0:
64,192,203188,1,0,0:0:0:0:
448,192,203255,1,0,0:0:0:0:
192,192,203321,1,0,0:0:0:0:
448,192,203388,1,0,0:0:0:0:
320,192,203455,1,0,0:0:0:0:
192,192,203521,1,0,0:0:0:0:
64,192,203588,1,0,0:0:0:0:
320,192,203655,1,0,0:0:0:0:
448,192,203655,1,0,0:0:0:0:
192,192,203722,1,0,0:0:0:0:
320,192,203788,1,0,0:0:0:0:
192,192,203855,1,0,0:0:0:0:
448,192,203922,1,0,0:0:0:0:
64,192,203988,1,0,0:0:0:0:
192,192,204055,1,0,0:0:0:0:
320,192,204055,1,0,0:0:0:0:
448,192,204122,1,0,0:0:0:0:
64,192,204188,1,0,0:0:0:0:
192,192,204255,1,0,0:0:0:0:
320,192,204322,1,0,0:0:0:0:
448,192,204322,1,0,0:0:0:0:
192,192,204388,1,0,0:0:0:0:
64,192,204455,1,0,0:0:0:0:
448,192,204522,1,0,0:0:0:0:
192,192,204588,1,0,0:0:0:0:
320,192,204588,1,0,0:0:0:0:
448,192,204655,1,0,0:0:0:0:
64,192,204722,1,0,0:0:0:0:
192,192,204722,1,0,0:0:0:0:
320,192,204788,1,0,0:0:0:0:
192,192,204855,1,0,0:0:0:0:
320,192,204922,1,0,0:0:0:0:
448,192,204988,1,0,0:0:0:0:
64,192,205055,1,0,0:0:0:0:
192,192,205122,1,0,0:0:0:0:
320,192,205188,1,0,0:0:0:0:
192,192,205255,1,0,0:0:0:0:
64,192,205322,1,0,0:0:0:0:
448,192,205388,1,0,0:0:0:0:
320,192,205455,1,0,0:0:0:0:
192,192,205522,1,0,0:0:0:0:
64,192,205588,1,0,0:0:0:0:
448,192,205655,1,0,0:0:0:0:
192,192,205722,1,0,0:0:0:0:
320,192,205788,1,0,0:0:0:0:
64,192,205855,1,0,0:0:0:0:
192,192,205922,1,0,0:0:0:0:
320,192,205988,1,0,0:0:0:0:
448,192,206055,1,0,0:0:0:0:
192,192,206122,1,0,0:0:0:0:
320,192,206188,1,0,0:0:0:0:
64,192,206255,1,0,0:0:0:0:
192,192,206322,1,0,0:0:0:0:
320,192,206388,1,0,0:0:0:0:
448,192,206455,1,0,0:0:0:0:
320,192,206522,1,0,0:0:0:0:
192,192,206588,1,0,0:0:0:0:
64,192,206655,1,0,0:0:0:0:
448,192,206722,1,0,0:0:0:0:
320,192,206788,1,0,0:0:0:0:
192,192,206855,1,0,0:0:0:0:
64,192,206922,1,0,0:0:0:0:
448,192,206988,1,0,0:0:0:0:
320,192,207055,1,0,0:0:0:0:
192,192,207122,1,0,0:0:0:0:
320,192,207188,1,0,0:0:0:0:
448,192,207255,1,0,0:0:0:0:
64,192,207322,1,0,0:0:0:0:
192,192,207388,1,0,0:0:0:0:
320,192,207455,1,0,0:0:0:0:
64,192,207522,1,0,0:0:0:0:
448,192,207522,1,0,0:0:0:0:
192,192,207588,1,0,0:0:0:0:
320,192,207655,1,0,0:0:0:0:
448,192,207655,1,0,0:0:0:0:
192,192,207722,1,0,0:0:0:0:
64,192,207788,1,0,0:0:0:0:
320,192,207788,1,0,0:0:0:0:
448,192,207855,1,0,0:0:0:0:
64,192,207922,1,0,0:0:0:0:
192,192,207922,1,0,0:0:0:0:
320,192,207989,1,0,0:0:0:0:
192,192,208055,1,0,0:0:0:0:
448,192,208122,1,0,0:0:0:0:
320,192,208189,1,0,0:0:0:0:
192,192,208255,1,0,0:0:0:0:
64,192,208322,1,0,0:0:0:0:
448,192,208322,1,0,0:0:0:0:
320,192,208389,1,0,0:0:0:0:
192,192,208455,1,0,0:0:0:0:
64,192,208522,1,0,0:0:0:0:
320,192,208589,1,0,0:0:0:0:
448,192,208589,1,0,0:0:0:0:
192,192,208655,1,0,0:0:0:0:
448,192,208722,1,0,0:0:0:0:
64,192,208789,1,0,0:0:0:0:
192,192,208855,1,0,0:0:0:0:
320,192,208855,1,0,0:0:0:0:
448,192,208922,1,0,0:0:0:0:
64,192,208989,1,0,0:0:0:0:
192,192,208989,1,0,0:0:0:0:
320,192,209055,1,0,0:0:0:0:
192,192,209122,1,0,0:0:0:0:
448,192,209189,1,0,0:0:0:0:
320,192,209255,1,0,0:0:0:0:
192,192,209322,1,0,0:0:0:0:
64,192,209389,1,0,0:0:0:0:
448,192,209455,1,0,0:0:0:0:
192,192,209522,1,0,0:0:0:0:
320,192,209589,1,0,0:0:0:0:
64,192,209655,1,0,0:0:0:0:
192,192,209722,1,0,0:0:0:0:
320,192,209789,1,0,0:0:0:0:
448,192,209855,1,0,0:0:0:0:
192,192,209922,1,0,0:0:0:0:
320,192,209989,1,0,0:0:0:0:
64,192,210055,1,0,0:0:0:0:
448,192,210055,1,0,0:0:0:0:
192,192,210122,1,0,0:0:0:0:
320,192,210189,1,0,0:0:0:0:
192,192,210255,1,0,0:0:0:0:
64,192,210322,1,0,0:0:0:0:
448,192,210389,1,0,0:0:0:0:
192,192,210455,1,0,0:0:0:0:
320,192,210455,1,0,0:0:0:0:
64,192,210522,1,0,0:0:0:0:
448,192,210589,1,0,0:0:0:0:
192,192,210655,1,0,0:0:0:0:
320,192,210722,1,0,0:0:0:0:
448,192,210722,1,0,0:0:0:0:
192,192,210789,1,0,0:0:0:0:
64,192,210855,1,0,0:0:0:0:
320,192,210855,1,0,0:0:0:0:
448,192,210922,1,0,0:0:0:0:
64,192,210989,1,0,0:0:0:0:
192,192,211055,1,0,0:0:0:0:
320,192,211122,1,0,0:0:0:0:
448,192,211122,1,0,0:0:0:0:
64,192,211189,1,0,0:0:0:0:
192,192,211255,1,0,0:0:0:0:
320,192,211322,1,0,0:0:0:0:
448,192,211389,1,0,0:0:0:0:
320,192,211455,1,0,0:0:0:0:
192,192,211522,1,0,0:0:0:0:
64,192,211589,1,0,0:0:0:0:
448,192,211655,1,0,0:0:0:0:
192,192,211722,1,0,0:0:0:0:
320,192,211789,1,0,0:0:0:0:
448,192,211789,1,0,0:0:0:0:
64,192,211855,1,0,0:0:0:0:
192,192,211922,1,0,0:0:0:0:
320,192,211922,1,0,0:0:0:0:
448,192,211989,1,0,0:0:0:0:
64,192,212055,1,0,0:0:0:0:
192,192,212055,1,0,0:0:0:0:
320,192,212122,1,0,0:0:0:0:
64,192,212189,1,0,0:0:0:0:
448,192,212189,1,0,0:0:0:0:
320,192,212256,1,0,0:0:0:0:
192,192,212322,1,0,0:0:0:0:
64,192,212389,1,0,0:0:0:0:
320,192,212456,1,0,0:0:0:0:
448,192,212456,1,0,0:0:0:0:
192,192,212522,1,0,0:0:0:0:
64,192,212589,1,0,0:0:0:0:
320,192,212589,1,0,0:0:0:0:
448,192,212656,1,0,0:0:0:0:
192,192,212722,1,0,0:0:0:0:
320,192,212789,1,0,0:0:0:0:
64,192,212856,1,0,0:0:0:0:
448,192,212856,1,0,0:0:0:0:
192,192,212922,1,0,0:0:0:0:
320,192,212989,1,0,0:0:0:0:
192,192,213056,1,0,0:0:0:0:
64,192,213122,1,0,0:0:0:0:
320,192,213122,1,0,0:0:0:0:
448,192,213189,1,0,0:0:0:0:
64,192,213256,1,0,0:0:0:0:
192,192,213256,1,0,0:0:0:0:
320,192,213322,1,0,0:0:0:0:
448,192,213389,1,0,0:0:0:0:
320,192,213456,1,0,0:0:0:0:
192,192,213522,1,0,0:0:0:0:
64,192,213589,1,0,0:0:0:0:
448,192,213656,1,0,0:0:0:0:
320,192,213722,1,0,0:0:0:0:
192,192,213789,1,0,0:0:0:0:
320,192,213856,1,0,0:0:0:0:
192,192,213922,1,0,0:0:0:0:
64,192,213989,1,0,0:0:0:0:
448,192,214056,1,0,0:0:0:0:
192,192,214122,1,0,0:0:0:0:
320,192,214189,1,0,0:0:0:0:
64,192,214256,1,0,0:0:0:0:
192,192,214322,1,0,0:0:0:0:
320,192,214322,1,0,0:0:0:0:
448,192,214389,1,0,0:0:0:0:
64,192,214456,1,0,0:0:0:0:
192,192,214522,1,0,0:0:0:0:
320,192,214589,1,0,0:0:0:0:
448,192,214656,1,0,0:0:0:0:
192,192,214722,1,0,0:0:0:0:
320,192,214722,1,0,0:0:0:0:
64,192,214789,1,0,0:0:0:0:
448,192,214856,1,0,0:0:0:0:
192,192,214922,1,0,0:0:0:0:
320,192,214989,1,0,0:0:0:0:
448,192,214989,1,0,0:0:0:0:
64,192,215056,1,0,0:0:0:0:
192,192,215122,1,0,0:0:0:0:
320,192,215122,1,0,0:0:0:0:
448,192,215189,1,0,0:0:0:0:
320,192,215256,1,0,0:0:0:0:
192,192,215322,1,0,0:0:0:0:
64,192,215389,1,0,0:0:0:0:
448,192,215389,1,0,0:0:0:0:
192,192,215456,1,0,0:0:0:0:
320,192,215522,1,0,0:0:0:0:
448,192,215589,1,0,0:0:0:0:
192,192,215656,1,0,0:0:0:0:
448,192,215722,1,0,0:0:0:0:
320,192,215789,1,0,0:0:0:0:
192,192,215856,1,0,0:0:0:0:
64,192,215922,1,0,0:0:0:0:
192,192,215989,1,0,0:0:0:0:
320,192,216056,1,0,0:0:0:0:
448,192,216056,1,0,0:0:0:0:
64,192,216122,1,0,0:0:0:0:
192,192,216189,1,0,0:0:0:0:
320,192,216189,1,0,0:0:0:0:
448,192,216256,1,0,0:0:0:0:
64,192,216322,1,0,0:0:0:0:
192,192,216322,1,0,0:0:0:0:
320,192,216389,1,0,0:0:0:0:
64,192,216456,1,0,0:0:0:0:
448,192,216456,1,0,0:0:0:0:
320,192,216523,1,0,0:0:0:0:
192,192,216589,1,0,0:0:0:0:
64,192,216656,1,0,0:0:0:0:
448,192,216723,1,0,0:0:0:0:
192,192,216789,1,0,0:0:0:0:
320,192,216856,1,0,0:0:0:0:
448,192,216856,1,0,0:0:0:0:
64,192,216923,1,0,0:0:0:0:
192,192,216989,1,0,0:0:0:0:
320,192,217056,1,0,0:0:0:0:
64,192,217123,1,0,0:0:0:0:
448,192,217123,1,0,0:0:0:0:
192,192,217189,1,0,0:0:0:0:
320,192,217256,1,0,0:0:0:0:
192,192,217323,1,0,0:0:0:0:
320,192,217389,1,0,0:0:0:0:
448,192,217389,1,0,0:0:0:0:
64,192,217456,1,0,0:0:0:0:
192,192,217523,1,0,0:0:0:0:
320,192,217523,1,0,0:0:0:0:
64,192,217589,1,0,0:0:0:0:
448,192,217656,1,0,0:0:0:0:
320,192,217723,1,0,0:0:0:0:
192,192,217789,1,0,0:0:0:0:
64,192,217856,1,0,0:0:0:0:
320,192,217923,1,0,0:0:0:0:
448,192,217923,1,0,0:0:0:0:
192,192,217989,1,0,0:0:0:0:
448,192,218056,1,0,0:0:0:0:
64,192,218123,1,0,0:0:0:0:
192,192,218189,1,0,0:0:0:0:
320,192,218256,1,0,0:0:0:0:
448,192,218323,1,0,0:0:0:0:
192,192,218389,1,0,0:0:0:0:
320,192,218456,1,0,0:0:0:0:
64,192,218523,1,0,0:0:0:0:
192,192,218589,1,0,0:0:0:0:
320,192,218589,1,0,0:0:0:0:
448,192,218656,1,0,0:0:0:0:
320,192,218723,1,0,0:0:0:0:
192,192,218789,1,0,0:0:0:0:
64,192,218856,1,0,0:0:0:0:
448,192,218923,1,0,0:0:0:0:
192,192,218989,1,0,0:0:0:0:
320,192,218989,1,0,0:0:0:0:
64,192,219056,1,0,0:0:0:0:
192,192,219123,1,0,0:0:0:0:
320,192,219189,1,0,0:0:0:0:
64,192,219256,1,0,0:0:0:0:
448,192,219256,1,0,0:0:0:0:
192,192,219323,1,0,0:0:0:0:
320,192,219389,1,0,0:0:0:0:
448,192,219456,1,0,0:0:0:0:
192,192,219523,1,0,0:0:0:0:
320,192,219523,1,0,0:0:0:0:
64,192,219589,1,0,0:0:0:0:
320,192,219656,1,0,0:0:0:0:
448,192,219656,1,0,0:0:0:0:
192,192,219723,1,0,0:0:0:0:
320,192,219789,1,0,0:0:0:0:
64,192,219856,1,0,0:0:0:0:
192,192,219923,1,0,0:0:0:0:
320,192,219989,1,0,0:0:0:0:
448,192,220056,1,0,0:0:0:0:
320,192,220123,1,0,0:0:0:0:
192,192,220189,1,0,0:0:0:0:
64,192,220256,1,0,0:0:0:0:
448,192,220323,1,0,0:0:0:0:
192,192,220389,1,0,0:0:0:0:
320,192,220456,1,0,0:0:0:0:
64,192,220523,1,0,0:0:0:0:
192,192,220589,1,0,0:0:0:0:
320,192,220656,1,0,0:0:0:0:
64,192,220723,1,0,0:0:0:0:
448,192,220723,1,0,0:0:0:0:
192,192,220790,1,0,0:0:0:0:
320,192,220856,1,0,0:0:0:0:
448,192,220923,1,0,0:0:0:0:
192,192,220990,1,0,0:0:0:0:
320,192,221056,1,0,0:0:0:0:
64,192,221123,1,0,0:0:0:0:
448,192,221123,1,0,0:0:0:0:
320,192,221190,1,0,0:0:0:0:
192,192,221256,1,0,0:0:0:0:
64,192,221323,1,0,0:0:0:0:
320,192,221390,1,0,0:0:0:0:
448,192,221390,1,0,0:0:0:0:
192,192,221456,1,0,0:0:0:0:
64,192,221523,1,0,0:0:0:0:
448,192,221523,1,0,0:0:0:0:
192,192,221590,1,0,0:0:0:0:
320,192,221656,1,0,0:0:0:0:
448,192,221723,1,0,0:0:0:0:
64,192,221790,1,0,0:0:0:0:
192,192,221790,1,0,0:0:0:0:
320,192,221856,1,0,0:0:0:0:
64,192,221923,1,0,0:0:0:0:
448,192,221923,1,0,0:0:0:0:
320,192,221990,1,0,0:0:0:0:
192,192,222056,1,0,0:0:0:0:
64,192,222123,1,0,0:0:0:0:
448,192,222190,1,0,0:0:0:0:
320,192,222256,1,0,0:0:0:0:
192,192,222323,1,0,0:0:0:0:
320,192,222390,1,0,0:0:0:0:
64,192,222456,1,0,0:0:0:0:
192,192,222456,1,0,0:0:0:0:
320,192,222590,1,0,0:0:0:0:
64,192,222723,1,0,0:0:0:0:
192,192,222856,1,0,0:0:0:0:
320,192,222856,1,0,0:0:0:0:
64,192,223256,1,0,0:0:0:0:
448,192,223256,1,0,0:0:0:0:
192,192,223323,1,0,0:0:0:0:
320,192,223390,1,0,0:0:0:0:
448,192,223456,1,0,0:0:0:0:
64,192,223523,1,0,0:0:0:0:
192,192,223523,1,0,0:0:0:0:
320,192,223656,1,0,0:0:0:0:
448,192,223790,1,0,0:0:0:0:
64,192,223923,1,0,0:0:0:0:
192,192,223923,1,0,0:0:0:0:
320,192,224190,1,0,0:0:0:0:
64,192,224323,1,0,0:0:0:0:
192,192,224323,1,0,0:0:0:0:
448,192,224390,1,0,0:0:0:0:
320,192,224456,1,0,0:0:0:0:
192,192,224523,1,0,0:0:0:0:
64,192,224590,1,0,0:0:0:0:
448,192,224590,1,0,0:0:0:0:
192,192,224656,1,0,0:0:0:0:
320,192,224723,1,0,0:0:0:0:
448,192,224790,1,0,0:0:0:0:
64,192,224856,1,0,0:0:0:0:
192,192,224923,1,0,0:0:0:0:
320,192,224990,1,0,0:0:0:0:
448,0,224990,128,0,225390:1:0:0:0:
64,192,225390,1,0,0:0:0:0:
192,192,225390,1,0,0:0:0:0:
320,192,225457,1,0,0:0:0:0:
448,192,225523,1,0,0:0:0:0:
192,192,225590,1,0,0:0:0:0:
64,192,225657,1,0,0:0:0:0:
448,192,225657,1,0,0:0:0:0:
192,192,225790,1,0,0:0:0:0:
64,192,225923,1,0,0:0:0:0:
320,192,225923,1,0,0:0:0:0:
448,192,226057,1,0,0:0:0:0:
192,0,226057,128,0,226457:1:0:0:0:
320,192,226457,1,0,0:0:0:0:
448,192,226457,1,0,0:0:0:0:
192,192,226523,1,0,0:0:0:0:
64,192,226590,1,0,0:0:0:0:
448,192,226657,1,0,0:0:0:0:
192,192,226723,1,0,0:0:0:0:
320,192,226723,1,0,0:0:0:0:
448,192,226790,1,0,0:0:0:0:
64,192,226857,1,0,0:0:0:0:
192,192,226923,1,0,0:0:0:0:
320,192,226990,1,0,0:0:0:0:
448,192,227057,1,0,0:0:0:0:
64,192,227123,1,0,0:0:0:0:
192,192,227123,1,0,0:0:0:0:
448,192,227390,1,0,0:0:0:0:
192,192,227523,1,0,0:0:0:0:
320,192,227590,1,0,0:0:0:0:
64,192,227657,1,0,0:0:0:0:
192,192,227723,1,0,0:0:0:0:
320,192,227790,1,0,0:0:0:0:
448,192,227790,1,0,0:0:0:0:
192,192,227923,1,0,0:0:0:0:
64,192,228057,1,0,0:0:0:0:
320,192,228190,1,0,0:0:0:0:
448,192,228190,1,0,0:0:0:0:
64,192,228457,1,0,0:0:0:0:
320,192,228590,1,0,0:0:0:0:
192,192,228657,1,0,0:0:0:0:
448,192,228723,1,0,0:0:0:0:
64,192,228790,1,0,0:0:0:0:
192,192,228857,1,0,0:0:0:0:
320,192,228857,1,0,0:0:0:0:
448,192,228923,1,0,0:0:0:0:
320,192,228990,1,0,0:0:0:0:
192,192,229057,1,0,0:0:0:0:
64,192,229123,1,0,0:0:0:0:
448,192,229190,1,0,0:0:0:0:
320,192,229257,1,0,0:0:0:0:
192,0,229257,128,0,229657:1:0:0:0:
320,192,229524,1,0,0:0:0:0:
64,192,229657,1,0,0:0:0:0:
448,192,229657,1,0,0:0:0:0:
192,192,229724,1,0,0:0:0:0:
320,192,229790,1,0,0:0:0:0:
448,192,229857,1,0,0:0:0:0:
64,192,229924,1,0,0:0:0:0:
192,192,229924,1,0,0:0:0:0:
320,192,230057,1,0,0:0:0:0:
192,192,230190,1,0,0:0:0:0:
448,192,230190,1,0,0:0:0:0:
64,0,230324,128,0,234124:1:0:0:0:
320,0,230324,128,0,234124:1:0:0:0:
